-140.373595351881	779
-137.335129063906	779.400024414063
-134.297686810867	778.960021972656
-131.261268103955	779.119995117188
-128.225872454677	778.559997558594
-125.191499374839	778.679992675781
-122.158148376567	778.919982910156
-119.125818972292	779
-116.094510674759	779.200012207031
-113.064222997021	778.760009765625
-110.034955452443	779.239990234375
-107.006707554687	779.039978027344
-103.979478817741	779
-100.95326875589	779.119995117188
-97.928076883731	778.679992675781
-94.9039027161698	779.200012207031
-91.8807457684175	779.080017089844
-88.8586055560018	778.799987792969
-85.8374815947384	778.679992675781
-82.8173734007715	778.719970703125
-79.7982804905411	779.119995117188
-76.7802023807988	779.080017089844
-73.7631385885914	778.960021972656
-70.7470886312892	778.799987792969
-67.732052026553	778.840026855469
-64.7180282923587	779.080017089844
-61.7050169469884	778.679992675781
-58.6930175090183	778.919982910156
-55.6820294973386	779.039978027344
-52.6720524311495	778.799987792969
-49.66308582994	778.760009765625
-46.6551292135171	778.719970703125
-43.6481821019882	779.119995117188
-40.6422440157577	779.039978027344
-37.6373144755424	779.039978027344
-34.6333930023594	778.799987792969
-31.630479117526	778.960021972656
-28.6285723426709	779.239990234375
-25.6276721997107	779.200012207031
-22.6277782108771	779.559997558594
-19.628889898701	778.880004882813
-16.6310067860081	779.119995117188
-13.6341283959385	779.200012207031
-10.6382542519231	783.080017089844
-7.64338387769432	798.320007324219
-4.64951679729502	834.799987792969
-1.65665253506141	846.919982910156
1.33520938438089	827.280029296875
4.32606943608095	793
7.315928094803	780.359985351563
10.3047858350146	779.280029296875
13.2926431308747	779.119995117188
16.2795004562541	779.159973144531
19.2653582847118	778.599975585938
22.2502170895187	779.039978027344
25.2340773436344	778.559997558594
28.216939519735	779.200012207031
31.1988040901939	779.039978027344
34.1796715270814	779.159973144531
37.1595423021732	778.880004882813
40.1384168869468	778.760009765625
43.1162957525854	778.679992675781
46.0931793699786	778.679992675781
49.0690682097059	779.239990234375
52.0439627420619	778.960021972656
55.0178634370476	779.159973144531
57.9907707643592	778.640014648438
60.9626851933962	778.799987792969
63.9336071932735	778.719970703125
66.9035372328018	778.840026855469
69.8724757804959	778.840026855469
72.8404233045826	778.760009765625
75.8073802729932	779.280029296875
78.7733471533597	779.039978027344
81.738324413019	778.679992675781
84.702312519025	778.400024414063
87.665311938125	778.799987792969
90.6273231367761	778.919982910156
93.5883465811569	778.840026855469
96.5483827371242	778.960021972656
99.5074320702731	779.200012207031
102.465495045889	778.880004882813
105.422572128961	779.320007324219
108.378663784199	779.080017089844
111.333770476014	778.799987792969
114.287892668528	779.080017089844
117.24103082557	779.159973144531
120.193185410674	779.239990234375
123.144356887097	779.320007324219
126.094545717786	779.280029296875
129.043752365413	779.679992675781
131.991977292355	779.919982910156
134.939220960695	780.47998046875
137.885483832232	780.599975585938
140.83076636847	781.52001953125
143.775069030632	781.320007324219
146.718392279644	782.200012207031
149.660736576149	782.840026855469
152.602102380488	782.960021972656
155.54249015274	783.760009765625
158.481900352672	784.080017089844
161.420333439765	784.47998046875
164.357789873227	785.159973144531
167.294270111968	786.039978027344
170.229774614617	786.840026855469
173.164303839496	787.400024414063
176.097858244675	788.52001953125
179.030438287908	788.799987792969
181.962044426678	790.200012207031
184.89267711817	789.960021972656
187.822336819302	791.239990234375
190.751023986678	791.679992675781
193.678739076648	792.039978027344
196.605482545255	793.039978027344
199.531254848261	793.919982910156
202.456056441152	794.200012207031
205.379887779119	792.799987792969
208.30274931708	792.719970703125
211.224641509656	793.159973144531
214.145564811189	793.119995117188
217.06551967574	793.320007324219
219.984506557089	793.159973144531
222.902525908723	793.039978027344
225.819578183856	793.039978027344
228.735663835415	792.880004882813
231.650783316047	792.719970703125
234.564937078107	793.679992675781
237.478125573679	792.200012207031
240.390349254566	793.119995117188
243.301608572278	793.919982910156
246.211903978051	793.559997558594
249.121235922839	793.52001953125
252.029604857321	794.52001953125
254.93701123188	795.880004882813
257.843455496632	794.880004882813
260.748938101415	795.840026855469
263.653459495766	797.280029296875
266.557020128967	796.840026855469
269.459620450005	797.47998046875
272.361260907595	798.200012207031
275.261941950168	797.280029296875
278.161664025874	798.679992675781
281.060427582592	798.919982910156
283.958233067921	798.239990234375
286.855080929176	797.960021972656
289.750971613398	798.47998046875
292.645905567344	798.239990234375
295.539883237503	798.320007324219
298.432905070079	797.840026855469
301.324971511007	797.47998046875
304.216083005931	798.440002441406
307.10624000023	798.799987792969
309.995442939003	800.880004882813
312.883692267071	804.719970703125
315.770988428979	811.52001953125
318.657331869	821.960021972656
321.542723031127	829.159973144531
324.427162359076	825.559997558594
327.310650296293	817.039978027344
330.193187285945	810.47998046875
333.074773770929	803.880004882813
335.955410193855	801.200012207031
338.835096997075	799.239990234375
341.713834622655	799.080017089844
344.59162351239	796.960021972656
347.468464107802	796.799987792969
350.344356850137	797
353.219302180373	795.840026855469
356.093300539208	795.599975585938
358.966352367073	795.280029296875
361.838458104123	793.960021972656
364.70961819024	794.039978027344
367.579833065031	794.760009765625
370.449103167837	795.719970703125
373.317428937727	795.799987792969
376.184810813496	795.640014648438
379.051249233659	796.840026855469
381.916744636474	796.559997558594
384.78129745992	794.640014648438
387.644908141706	795.52001953125
390.50757711927	796.320007324219
393.36930482978	794.559997558594
396.23009171014	795.159973144531
399.089938196969	795.359985351563
401.948844726631	795.47998046875
404.806811735214	795.599975585938
407.66383965853	795.239990234375
410.519928932138	794.200012207031
413.375079991314	795.400024414063
416.229293271071	794.799987792969
419.082569206155	795.119995117188
421.934908231031	795.359985351563
424.786310779917	795.47998046875
427.636777286748	794.599975585938
430.486308185189	794.760009765625
433.334903908649	794.799987792969
436.182564890262	796.799987792969
439.029291562898	796.640014648438
441.875084359157	796.039978027344
444.719943711374	794.960021972656
447.563870051618	795.719970703125
450.406863811695	795.400024414063
453.248925423132	795
456.090055317208	795.239990234375
458.93025392492	795.080017089844
461.76952167701	794.52001953125
464.60785900395	794.52001953125
467.44526633595	795.400024414063
470.281744102955	795.960021972656
473.117292734635	795.880004882813
475.951912660415	795.239990234375
478.785604309439	795.440002441406
481.618368110592	795.239990234375
484.450204492499	794.200012207031
487.281113883518	795.719970703125
490.111096711738	795.719970703125
492.940153404999	795.52001953125
495.768284390864	795.320007324219
498.595490096635	794.960021972656
501.421770949366	795.799987792969
504.247127375825	795.239990234375
507.071559802537	795.719970703125
509.89506865575	796.640014648438
512.717654361473	796.47998046875
515.539317345424	796.239990234375
518.360058033083	796
521.179876849652	796.239990234375
523.998774220083	795.679992675781
526.816750569068	795.52001953125
529.633806321025	796.080017089844
532.44994190013	796
535.265157730284	795.679992675781
538.079454235133	795.320007324219
540.892831838066	795.080017089844
543.705290962208	795.679992675781
546.516832030424	796
549.32745546533	795.679992675781
552.137161689268	795.400024414063
554.945951124325	795.359985351563
557.753824192341	796.200012207031
560.560781314883	795.400024414063
563.36682291327	795.960021972656
566.171949408555	795.200012207031
568.976161221537	795.559997558594
571.779458772759	794.760009765625
574.5818424825	795.559997558594
577.383312770792	795.159973144531
580.183870057402	795.200012207031
582.983514761843	794.840026855469
585.782247303363	796.039978027344
588.580068100976	794.679992675781
591.376977573414	795.440002441406
594.172976139164	795.080017089844
596.968064216463	794.840026855469
599.762242223282	795.880004882813
602.555510577335	795.320007324219
605.347869696099	794.359985351563
608.139319996771	795.400024414063
610.929861896313	794.640014648438
613.719495811421	794.52001953125
616.508222158541	794.47998046875
619.296041353863	795.719970703125
622.082953813324	795.400024414063
624.868959952607	794.880004882813
627.654060187137	793.799987792969
630.438254932094	793.039978027344
633.221544602397	794.760009765625
636.003929612719	795.760009765625
638.785410377468	794.280029296875
641.565987310814	795.640014648438
644.345660826665	794.880004882813
647.124431338674	794.960021972656
649.902299260252	795.239990234375
652.679265004552	794.880004882813
655.455328984475	794.119995117188
658.230491612671	794.52001953125
661.004753301541	794.719970703125
663.778114463229	794.239990234375
666.550575509631	794.679992675781
669.322136852395	795.400024414063
672.092798902916	795.400024414063
674.862562072336	794.599975585938
677.631426771548	794.960021972656
680.399393411204	793.799987792969
683.166462401689	794.52001953125
685.93263415315	795.400024414063
688.697909075486	795.880004882813
691.462287578337	794.080017089844
694.225770071098	794.47998046875
696.988356962926	794.280029296875
699.750048662705	794.760009765625
702.5108455791	794.799987792969
705.270748120503	794.239990234375
708.029756695068	794.599975585938
710.787871710705	793.640014648438
713.545093575065	795.280029296875
716.301422695566	796.039978027344
719.056859479364	795.47998046875
721.811404333376	794.159973144531
724.56505766427	795.52001953125
727.317819878473	795.440002441406
730.069691382148	795.919982910156
732.820672581226	795.679992675781
735.570763881396	795.080017089844
738.319965688092	795.159973144531
741.068278406496	795.119995117188
743.815702441559	796.440002441406
746.562238197974	795.039978027344
749.307886080196	795.559997558594
752.052646492436	795.799987792969
754.796519838656	795.679992675781
757.539506522567	795.200012207031
760.28160694765	795.119995117188
763.022821517128	795.599975585938
765.76315063399	796.080017089844
768.502594700972	795.840026855469
771.241154120572	795.359985351563
773.978829295045	795.919982910156
776.715620626397	795.47998046875
779.451528516396	797.039978027344
782.186553366565	797.719970703125
784.920695578179	797.840026855469
787.653955552283	797.840026855469
790.386333689662	795.679992675781
793.117830390877	795.359985351563
795.848446056227	796.679992675781
798.578181085792	795.640014648438
801.307035879389	795.159973144531
804.035010836599	793.919982910156
806.762106356774	795.719970703125
809.488322839013	795.280029296875
812.213660682169	794.280029296875
814.938120284866	795.919982910156
817.661702045482	795.760009765625
820.384406362153	795.719970703125
823.10623363278	795.119995117188
825.827184255014	794.47998046875
828.547258626283	794.760009765625
831.266457143747	794.599975585938
833.984780204358	795.559997558594
836.702228204804	795.280029296875
839.418801541552	794.799987792969
842.134500610814	794.840026855469
844.849325808575	795
847.563277530579	795.880004882813
850.276356172319	795.159973144531
852.988562129066	795.679992675781
855.69989579585	795.52001953125
858.410357567456	796.440002441406
861.119947838428	795.440002441406
863.828667003087	794.719970703125
866.536515455503	794.799987792969
869.243493589517	795.119995117188
871.949601798728	794.960021972656
874.654840476504	794.719970703125
877.359210015961	794.960021972656
880.062710810003	794.119995117188
882.765343251273	794.880004882813
885.467107732191	794.640014648438
888.168004644938	794.359985351563
890.868034381467	794.239990234375
893.567197333476	795.280029296875
896.265493892445	795.960021972656
898.962924449614	794.599975585938
901.659489395985	794.47998046875
904.355189122325	794.039978027344
907.050024019165	796.359985351563
909.743994476809	795.239990234375
912.437100885322	794.919982910156
915.129343634532	794.719970703125
917.820723114032	794.880004882813
920.511239713189	794.52001953125
923.200893821127	795
925.889685826744	794.359985351563
928.577616118699	795.440002441406
931.264685085419	795.47998046875
933.950893115098	795.960021972656
936.6362405957	796.119995117188
939.320727914956	795.239990234375
942.004355460359	796.559997558594
944.687123619173	795.080017089844
947.369032778431	796.239990234375
950.050083324934	794.960021972656
952.730275645247	795
955.409610125711	795.719970703125
958.088087152423	795.039978027344
960.765707111263	795.599975585938
963.442470387871	795.679992675781
966.118377367657	795.200012207031
968.793428435798	794.559997558594
971.467623977254	795.359985351563
974.140964376739	796.039978027344
976.813450018737	795
979.485081287511	795.200012207031
982.155858567087	794.760009765625
984.825782241271	795.599975585938
987.494852693624	794.719970703125
990.163070307487	794.080017089844
992.830435465978	794.760009765625
995.496948551973	794.960021972656
998.162609948122	795.799987792969
1000.82742003685	796.359985351563
1003.49137920036	798.760009765625
1006.15448782061	799.52001953125
1008.81674627934	796.719970703125
1011.47815495806	795.359985351563
1014.13871423805	794.760009765625
1016.79842450037	794.440002441406
1019.45728612586	794.359985351563
1022.11529949509	794.559997558594
1024.77246498846	794.280029296875
1027.4287829861	794.200012207031
1030.08425386792	794.359985351563
1032.73887801363	795.559997558594
1035.3926558027	795.52001953125
1038.04558761435	794.47998046875
1040.69767382761	794.400024414063
1043.34891482125	794.640014648438
1045.99931097384	794.760009765625
1048.64886266371	794.880004882813
1051.29757026898	794.919982910156
1053.94543416753	794.280029296875
1056.59245473701	794.159973144531
1059.23863235486	794.359985351563
1061.8839673983	794.599975585938
1064.5284602443	794.840026855469
1067.17211126962	794.559997558594
1069.8149208508	794.960021972656
1072.45688936415	793.760009765625
1075.09801718577	793.760009765625
1077.7383046915	794.799987792969
1080.377752257	794.880004882813
1083.01636025767	794.760009765625
1085.65412906872	795.080017089844
1088.2910590651	796.119995117188
1090.92715062157	796.200012207031
1093.56240411266	796.919982910156
1096.19681991265	795.960021972656
1098.83039839564	795.559997558594
1101.46313993547	795.159973144531
1104.09504490579	795.679992675781
1106.72611368	794.880004882813
1109.35634663129	794.239990234375
1111.98574413263	794.039978027344
1114.61430655677	793.080017089844
1117.24203427624	793.159973144531
1119.86892766333	793.840026855469
1122.49498709014	794.080017089844
1125.12021292851	793.799987792969
1127.74460555011	794.679992675781
1130.36816532634	795
1132.99089262841	793.280029296875
1135.6127878273	793.400024414063
1138.23385129376	792.400024414063
1140.85408339834	792.159973144531
1143.47348451137	791.960021972656
1146.09205500294	791.599975585938
1148.70979524293	791.320007324219
1151.326705601	792.200012207031
1153.9427864466	792.760009765625
1156.55803814896	792.599975585938
1159.17246107707	793.119995117188
1161.78605559974	793.400024414063
1164.39882208551	792.719970703125
1167.01076090276	792.880004882813
1169.6218724196	792.280029296875
1172.23215700396	792.640014648438
1174.84161502352	793.440002441406
1177.45024684578	792.760009765625
1180.05805283799	792.400024414063
1182.66503336719	792.039978027344
1185.27118880021	792.840026855469
1187.87651950367	793.679992675781
1190.48102584395	793.679992675781
1193.08470818723	792.200012207031
1195.68756689948	792.960021972656
1198.28960234643	792.960021972656
1200.89081489363	794.080017089844
1203.49120490636	794.359985351563
1206.09077274974	793.840026855469
1208.68951878864	793.599975585938
1211.28744338773	794.719970703125
1213.88454691145	794.599975585938
1216.48082972404	794.760009765625
1219.07629218953	793.960021972656
1221.6709346717	793.440002441406
1224.26475753416	794.799987792969
1226.85776114028	794.880004882813
1229.44994585322	796
1232.04131203592	796.679992675781
1234.63186005112	796.52001953125
1237.22159026133	795.880004882813
1239.81050302886	796.719970703125
1242.3985987158	797.200012207031
1244.98587768402	797.440002441406
1247.5723402952	796.919982910156
1250.15798691078	798.919982910156
1252.74281789199	798.080017089844
1255.32683359987	797.239990234375
1257.91003439523	797
1260.49242063865	798.039978027344
1263.07399269055	797.840026855469
1265.65475091108	796.440002441406
1268.23469566021	796.640014648438
1270.81382729769	796.840026855469
1273.39214618306	796.679992675781
1275.96965267566	796.359985351563
1278.54634713458	796.320007324219
1281.12222991875	794.799987792969
1283.69730138685	796.719970703125
1286.27156189737	796.280029296875
1288.84501180858	795.960021972656
1291.41765147853	795.47998046875
1293.98948126509	795.760009765625
1296.56050152589	796.599975585938
1299.13071261837	796.840026855469
1301.70011489973	797.320007324219
1304.268708727	796.52001953125
1306.83649445698	796.880004882813
1309.40347244625	797.239990234375
1311.96964305119	796.47998046875
1314.53500662799	798.239990234375
1317.0995635326	798.359985351563
1319.66331412077	797.440002441406
1322.22625874806	797.159973144531
1324.7883977698	796.559997558594
1327.34973154112	796.52001953125
1329.91026041694	797.080017089844
1332.46998475197	797.719970703125
1335.0289049007	797.559997558594
1337.58702121746	797.719970703125
1340.14433405631	796.760009765625
1342.70084377115	798.599975585938
1345.25655071563	798.239990234375
1347.81145524323	797.080017089844
1350.36555770721	795.47998046875
1352.91885846062	794.719970703125
1355.47135785631	794.119995117188
1358.02305624691	793.320007324219
1360.57395398486	793.919982910156
1363.12405142237	793.52001953125
1365.67334891148	793.559997558594
1368.22184680399	793.760009765625
1370.76954545151	794.440002441406
1373.31644520545	792.840026855469
1375.86254641699	792.679992675781
1378.40784943713	793.200012207031
1380.95235461666	793.880004882813
1383.49606230615	793.760009765625
1386.03897285598	792.599975585938
1388.58108661632	793.47998046875
1391.12240393713	793.359985351563
1393.66292516818	793.080017089844
1396.20265065903	792.880004882813
1398.74158075901	793.359985351563
1401.2797158173	792
1403.81705618282	793.320007324219
1406.35360220431	792.52001953125
1408.88935423032	792.919982910156
1411.42431260919	792
1413.95847768903	791.719970703125
1416.49184981777	792
1419.02442934314	792.080017089844
1421.55621661266	793
1424.08721197364	793
1426.61741577321	793.400024414063
1429.14682835828	792.719970703125
1431.67545007555	792.760009765625
1434.20328127153	792.719970703125
1436.73032229253	794.200012207031
1439.25657348466	793.919982910156
1441.78203519381	796.320007324219
1444.3067077657	796.719970703125
1446.83059154581	796.559997558594
1449.35368687944	797.960021972656
1451.8759941117	797.320007324219
1454.39751358748	797.840026855469
1456.91824565148	796.640014648438
1459.43819064818	796
1461.95734892189	796.679992675781
1464.4757208167	796.119995117188
1466.99330667649	794.359985351563
1469.51010684497	794.840026855469
1472.02612166564	794.200012207031
1474.54135148177	793.919982910156
1477.05579663646	793.640014648438
1479.56945747262	793.280029296875
1482.08233433293	793.47998046875
1484.59442755989	792.320007324219
1487.10573749579	792.640014648438
1489.61626448275	792.080017089844
1492.12600886264	791.200012207031
1494.63497097718	791.719970703125
1497.14315116786	790.880004882813
1499.65054977599	789.679992675781
1502.15716714267	789
1504.66300360881	788.359985351563
1507.16805951512	789.080017089844
1509.67233520211	788.840026855469
1512.1758310101	789.200012207031
1514.67854727919	788.679992675781
1517.18048434931	788.960021972656
1519.68164256018	787.919982910156
1522.18202225132	788.760009765625
1524.68162376207	788.719970703125
1527.18044743155	788.400024414063
1529.67849359869	789.080017089844
1532.17576260224	788.960021972656
1534.67225478072	788.159973144531
1537.1679704725	788.840026855469
1539.66291001572	788.559997558594
1542.15707374832	788.200012207031
1544.65046200807	789.080017089844
1547.14307513254	788.039978027344
1549.63491345907	788.640014648438
1552.12597732485	789.559997558594
1554.61626706685	789.119995117188
1557.10578302185	789.679992675781
1559.59452552644	789.640014648438
1562.082494917	790.320007324219
1564.56969152973	789.799987792969
1567.05611570064	790.159973144531
1569.54176776552	791.159973144531
1572.02664806	792.119995117188
1574.51075691949	792.640014648438
1576.99409467921	792.359985351563
1579.4766616742	792.400024414063
1581.95845823929	791.559997558594
1584.43948470912	791.640014648438
1586.91974141815	792.159973144531
1589.39922870064	791.440002441406
1591.87794689064	791.159973144531
1594.35589632202	791.080017089844
1596.83307732848	791.47998046875
1599.30949024348	792.119995117188
1601.78513540033	792.159973144531
1604.26001313211	792.159973144531
1606.73412377175	792.159973144531
1609.20746765196	792.200012207031
1611.68004510526	792.599975585938
1614.15185646398	792.880004882813
1616.62290206026	793.760009765625
1619.09318222605	792.640014648438
1621.56269729311	793
1624.031447593	793.640014648438
1626.4994334571	793.559997558594
1628.9666552166	794.239990234375
1631.43311320248	793.799987792969
1633.89880774554	793.960021972656
1636.3637391764	794.039978027344
1638.82790782548	793.559997558594
1641.29131402301	794.760009765625
1643.75395809903	795.799987792969
1646.21584038339	795.47998046875
1648.67696120575	796.159973144531
1651.13732089558	797.400024414063
1653.59691978216	797.440002441406
1656.05575819459	798.159973144531
1658.51383646175	796.919982910156
1660.97115491238	797.679992675781
1663.42771387498	796.559997558594
1665.8835136779	797.440002441406
1668.33855464928	796.679992675781
1670.79283711708	796.359985351563
1673.24636140907	795.640014648438
1675.69912785282	794.799987792969
1678.15113677572	795.320007324219
1680.602388505	794.52001953125
1683.05288336764	794.239990234375
1685.50262169049	793.640014648438
1687.95160380019	791.760009765625
1690.39983002318	790.960021972656
1692.84730068573	791.119995117188
1695.29401611392	790.200012207031
1697.73997663364	789.47998046875
1700.18518257059	789.440002441406
1702.6296342503	788.760009765625
1705.07333199807	788.640014648438
1707.51627613907	787.880004882813
1709.95846699824	787.799987792969
1712.39990490036	788
1714.84059017001	786.52001953125
1717.28052313159	786.840026855469
1719.7197041093	786.400024414063
1722.15813342718	786.159973144531
1724.59581140906	786.080017089844
1727.03273837859	786.599975585938
1729.46891465926	785.400024414063
1731.90434057432	785.880004882813
1734.3390164469	785.840026855469
1736.7729425999	786.080017089844
1739.20611935604	785.919982910156
1741.63854703787	784.960021972656
1744.07022596776	785.880004882813
1746.50115646787	785.52001953125
1748.93133886019	784.559997558594
1751.36077346652	784.960021972656
1753.7894606085	785.640014648438
1756.21740060755	784.960021972656
1758.64459378494	785.280029296875
1761.07104046172	785.280029296875
1763.49674095879	784.840026855469
1765.92169559684	785.47998046875
1768.3459046964	785.159973144531
1770.7693685778	785.159973144531
1773.1920875612	784.559997558594
1775.61406196656	784.039978027344
1778.03529211367	784.320007324219
1780.45577832214	784.719970703125
1782.87552091138	784.719970703125
1785.29452020064	784.47998046875
1787.71277650897	785
1790.13029015525	784.599975585938
1792.54706145817	784.280029296875
1794.96309073625	784.719970703125
1797.3783783078	784.320007324219
1799.79292449097	785.080017089844
1802.20672960375	784.159973144531
1804.61979396389	784.760009765625
1807.03211788902	784
1809.44370169655	784.239990234375
1811.85454570373	784.440002441406
1814.2646502276	783.719970703125
1816.67401558506	784.440002441406
1819.0826420928	784.200012207031
1821.49053006734	784.320007324219
1823.89767982501	784.52001953125
1826.30409168198	784.239990234375
1828.70976595422	784.359985351563
1831.11470295753	783.919982910156
1833.51890300752	783.840026855469
1835.92236641964	784.320007324219
1838.32509350914	783.47998046875
1840.72708459111	783.359985351563
1843.12833998044	783.679992675781
1845.52885999184	784.080017089844
1847.92864493987	784.280029296875
1850.32769513889	783.919982910156
1852.72601090307	783.840026855469
1855.12359254642	783.840026855469
1857.52044038278	784.159973144531
1859.91655472578	783.960021972656
1862.31193588889	784.239990234375
1864.70658418542	783.919982910156
1867.10049992847	784.119995117188
1869.49368343096	783.760009765625
1871.88613500568	783.760009765625
1874.27785496518	784.159973144531
1876.66884362188	784.200012207031
1879.059101288	784.080017089844
1881.44862827559	784.320007324219
1883.8374248965	783.719970703125
1886.22549146246	783.919982910156
1888.61282828495	783.679992675781
1890.99943567534	783.919982910156
1893.38531394477	783.320007324219
1895.77046340424	783.559997558594
1898.15488436455	784.200012207031
1900.53857713634	783.880004882813
1902.92154203006	784.159973144531
1905.303779356	783.960021972656
1907.68528942426	783.47998046875
1910.06607254477	783.47998046875
1912.44612902729	783.919982910156
1914.82545918139	784.47998046875
1917.20406331648	783.440002441406
1919.58194174178	783.799987792969
1921.95909476634	784.159973144531
1924.33552269905	783.599975585938
1926.71122584861	783.760009765625
1929.08620452353	783.840026855469
1931.46045903219	783.880004882813
1933.83398968275	784
1936.20679678322	784.080017089844
1938.57888064142	784.280029296875
1940.95024156502	783.52001953125
1943.3208798615	783.919982910156
1945.69079583816	783.320007324219
1948.05998980213	783.599975585938
1950.42846206038	784.119995117188
1952.79621291969	783.919982910156
1955.16324268668	784
1957.52955166778	784.119995117188
1959.89514016927	783.440002441406
1962.26000849723	784.760009765625
1964.62415695759	784.359985351563
1966.98758585609	784
1969.3502954983	784.080017089844
1971.71228618964	784.47998046875
1974.07355823532	783.599975585938
1976.43411194042	784.159973144531
1978.79394760981	783.440002441406
1981.1530655482	783.599975585938
1983.51146606014	783.960021972656
1985.86914944999	784.080017089844
1988.22611602196	784.359985351563
1990.58236608007	784.159973144531
1992.93789992817	783.599975585938
1995.29271786995	784.119995117188
1997.64682020892	783.640014648438
2000.00020724843	784.080017089844
2002.35287929162	783.640014648438
2004.70483664152	784.400024414063
2007.05607960095	784.52001953125
2009.40660847256	784
2011.75642355884	784.440002441406
2014.1055251621	784.559997558594
2016.4539135845	784.47998046875
2018.80158912802	784.039978027344
2021.14855209444	783.960021972656
2023.49480278542	784.400024414063
2025.84034150242	784.119995117188
2028.18516854673	784.559997558594
2030.52928421948	784.400024414063
2032.87268882163	784.400024414063
2035.21538265398	784.200012207031
2037.55736601713	784.280029296875
2039.89863921153	784.159973144531
2042.23920253747	783.840026855469
2044.57905629506	783.840026855469
2046.91820078425	784.559997558594
2049.2566363048	784.159973144531
2051.59436315633	784.400024414063
2053.93138163827	784.200012207031
2056.2676920499	784.320007324219
2058.6032946903	784.280029296875
2060.93818985843	784.559997558594
2063.27237785303	784.239990234375
2065.60585897272	783.52001953125
2067.93863351592	784.559997558594
2070.27070178089	784.239990234375
2072.60206406574	783.919982910156
2074.93272066838	784.320007324219
2077.26267188658	784.52001953125
2079.59191801793	784.52001953125
2081.92045935985	784.400024414063
2084.24829620962	784
2086.57542886431	783.880004882813
2088.90185762087	784.039978027344
2091.22758277604	783.840026855469
2093.55260462643	784.400024414063
2095.87692346845	783.919982910156
2098.20053959837	784.200012207031
2100.52345331229	784.640014648438
2102.84566490614	784.559997558594
2105.16717467567	784.119995117188
2107.48798291649	784.760009765625
2109.80808992403	783.960021972656
2112.12749599355	783.880004882813
2114.44620142016	783.559997558594
2116.7642064988	784
2119.08151152423	784.280029296875
2121.39811679106	784.52001953125
2123.71402259374	783.760009765625
2126.02922922653	784.799987792969
2128.34373698356	783.919982910156
2130.65754615876	784.359985351563
2132.97065704594	784.320007324219
2135.28306993869	783.919982910156
2137.59478513047	784.919982910156
2139.90580291459	784.200012207031
2142.21612358416	784.599975585938
2144.52574743214	784.640014648438
2146.83467475134	783.880004882813
2149.1429058344	784.719970703125
2151.45044097377	784.159973144531
2153.75728046178	784.239990234375
2156.06342459057	784.559997558594
2158.36887365212	783.599975585938
2160.67362793825	784.200012207031
2162.97768774061	783.960021972656
2165.28105335071	784.359985351563
2167.58372505987	784.080017089844
2169.88570315926	784.320007324219
2172.18698793988	784.679992675781
2174.48757969258	784.239990234375
2176.78747870805	784
2179.08668527679	784.159973144531
2181.38519968917	784.799987792969
2183.68302223538	784
2185.98015320547	784
2188.27659288929	783.359985351563
2190.57234157656	784.359985351563
2192.86739955682	784.440002441406
2195.16176711948	783.840026855469
2197.45544455375	784.159973144531
2199.74843214869	783.440002441406
2202.04073019322	783.159973144531
2204.33233897607	783.719970703125
2206.62325878583	783.640014648438
2208.91348991093	783.440002441406
2211.20303263961	783.760009765625
2213.49188726	783.840026855469
2215.78005406001	783.52001953125
2218.06753332744	783.559997558594
2220.35432534991	783.559997558594
2222.64043041487	783.320007324219
2224.92584880964	783.599975585938
2227.21058082134	783.200012207031
2229.49462673696	783.719970703125
2231.77798684332	783.880004882813
2234.06066142709	783.200012207031
2236.34265077477	783.440002441406
2238.62395517269	782.960021972656
2240.90457490706	783.200012207031
2243.18451026388	783.080017089844
2245.46376152904	783.47998046875
2247.74232898823	783.640014648438
2250.02021292701	783.080017089844
2252.29741363077	782.880004882813
2254.57393138475	783.200012207031
2256.849766474	783.599975585938
2259.12491918346	783.559997558594
2261.39938979788	783.799987792969
2263.67317860185	783.159973144531
2265.94628587983	783.039978027344
2268.2187119161	783.239990234375
2270.49045699478	783.159973144531
2272.76152139985	783.52001953125
2275.03190541511	783.760009765625
2277.30160932421	783.440002441406
2279.57063341067	783.159973144531
2281.83897795781	783.080017089844
2284.10664324882	783.200012207031
2286.37362956672	783.400024414063
2288.63993719439	783.52001953125
2290.90556641454	782.840026855469
2293.17051750973	782.799987792969
2295.43479076235	782.919982910156
2297.69838645465	783.400024414063
2299.96130486871	782.960021972656
2302.22354628647	782.799987792969
2304.48511098971	782.880004882813
2306.74599926003	782.039978027344
2309.00621137891	782.719970703125
2311.26574762765	783.080017089844
2313.52460828741	782.919982910156
2315.78279363917	783.119995117188
2318.04030396379	782.679992675781
2320.29713954195	782.799987792969
2322.55330065418	782.760009765625
2324.80878758085	783.47998046875
2327.06360060219	783.159973144531
2329.31773999826	782.640014648438
2331.57120604897	782.400024414063
2333.82399903409	783.280029296875
2336.0761192332	782.359985351563
2338.32756692577	782.559997558594
2340.57834239108	783.119995117188
2342.82844590827	783.320007324219
2345.07787775633	783.080017089844
2347.32663821409	783.080017089844
2349.57472756023	782.640014648438
2351.82214607327	783.320007324219
2354.06889403158	782.919982910156
2356.31497171337	782.840026855469
2358.56037939672	783.119995117188
2360.80511735953	782.47998046875
2363.04918587955	782.919982910156
2365.29258523439	783.280029296875
2367.5353157015	783.200012207031
2369.77737755817	783
2372.01877108156	782.919982910156
2374.25949654865	782.799987792969
2376.49955423629	782.719970703125
2378.73894442115	782.640014648438
2380.97766737977	782.640014648438
2383.21572338855	782.840026855469
2385.45311272369	782.640014648438
2387.68983566129	782.840026855469
2389.92589247727	782.760009765625
2392.1612834474	782.400024414063
2394.39600884731	783.280029296875
2396.63006895246	782.440002441406
2398.86346403818	782.47998046875
2401.09619437962	782.320007324219
2403.32826025182	782.400024414063
2405.55966192963	783.080017089844
2407.79039968777	782.679992675781
2410.0204738008	783.039978027344
2412.24988454313	782.719970703125
2414.47863218902	782.440002441406
2416.70671701258	782.359985351563
2418.93413928778	782.719970703125
2421.16089928842	782.080017089844
2423.38699728817	782.640014648438
2425.61243356052	782.719970703125
2427.83720837884	782.679992675781
2430.06132201633	782.960021972656
2432.28477474606	782.320007324219
2434.50756684093	782.559997558594
2436.72969857371	782.280029296875
2438.95117021699	782.760009765625
2441.17198204325	782.280029296875
2443.39213432478	783.039978027344
2445.61162733376	782.559997558594
2447.83046134218	782.239990234375
2450.04863662192	782
2452.26615344468	782.359985351563
2454.48301208203	782.239990234375
2456.69921280539	782.960021972656
2458.91475588602	782.559997558594
2461.12964159504	782.719970703125
2463.34387020342	782.239990234375
2465.55744198198	782.239990234375
2467.77035720139	782.440002441406
2469.98261613217	782.679992675781
2472.1942190447	782.719970703125
2474.40516620922	782.400024414063
2476.6154578958	782.359985351563
2478.82509437436	782
2481.03407591471	782.679992675781
2483.24240278646	782.52001953125
2485.45007525911	782.840026855469
2487.65709360202	782.47998046875
2489.86345808435	782
2492.06916897518	781.960021972656
2494.27422654339	781.760009765625
2496.47863105774	782.47998046875
2498.68238278683	782.47998046875
2500.88548199912	782.760009765625
2503.08792896294	782.52001953125
2505.28972394643	782.280029296875
2507.49086721763	782.719970703125
2509.6913590444	782.200012207031
2511.89119969447	782.799987792969
2514.09038943543	782.400024414063
2516.2889285347	782.200012207031
2518.48681725957	782.52001953125
2520.6840558772	782.159973144531
2522.88064465456	782.119995117188
2525.07658385852	782.559997558594
2527.27187375578	782.640014648438
2529.4665146129	782.359985351563
2531.66050669629	781.719970703125
2533.85385027222	782.400024414063
2536.04654560681	782.52001953125
2538.23859296605	782.599975585938
2540.42999261577	782.440002441406
2542.62074482166	782.599975585938
2544.81084984925	782.840026855469
2547.00030796395	782.47998046875
2549.18911943101	782.200012207031
2551.37728451555	782.280029296875
2553.56480348252	782.840026855469
2555.75167659675	782.599975585938
2557.93790412292	782.679992675781
2560.12348632556	782.440002441406
2562.30842346905	782.760009765625
2564.49271581764	782.280029296875
2566.67636363544	782.080017089844
2568.85936718639	782.280029296875
2571.04172673431	782.359985351563
2573.22344254288	782.359985351563
2575.40451487562	783.039978027344
2577.58494399591	782.320007324219
2579.76473016699	782.719970703125
2581.94387365196	782.239990234375
2584.12237471377	782.440002441406
2586.30023361523	782
2588.47745061901	782.200012207031
2590.65402598763	782.559997558594
2592.82995998348	782
2595.0052528688	783.080017089844
2597.17990490568	782.640014648438
2599.35391635608	782.47998046875
2601.52728748181	782.239990234375
2603.70001854454	782.320007324219
2605.8721098058	782.559997558594
2608.04356152698	782.200012207031
2610.21437396931	782.280029296875
2612.3845473939	782.359985351563
2614.55408206173	782.47998046875
2616.72297823359	782.679992675781
2618.89123617017	782.880004882813
2621.058856132	782.47998046875
2623.22583837949	782.159973144531
2625.39218317288	782.679992675781
2627.55789077229	782.47998046875
2629.72296143769	782.47998046875
2631.88739542891	781.880004882813
2634.05119300563	782.47998046875
2636.21435442742	782.719970703125
2638.37687995367	783.400024414063
2640.53876984365	782.760009765625
2642.70002435649	781.840026855469
2644.86064375119	782.359985351563
2647.02062828658	782.440002441406
2649.17997822137	782.840026855469
2651.33869381413	782.159973144531
2653.49677532328	782.960021972656
2655.65422300711	782.400024414063
2657.81103712378	782.52001953125
2659.96721793127	782.919982910156
2662.12276568747	783
2664.2776806501	783.159973144531
2666.43196307675	782.119995117188
2668.58561322486	783
2670.73863135176	782.599975585938
2672.8910177146	782.320007324219
2675.04277257043	783.200012207031
2677.19389617612	782.760009765625
2679.34438878845	782.200012207031
2681.49425066402	783.280029296875
2683.64348205931	782.880004882813
2685.79208323065	782.880004882813
2687.94005443425	783
2690.08739592617	783.080017089844
2692.23410796233	782.960021972656
2694.38019079852	782.640014648438
2696.52564469038	782.760009765625
2698.67046989342	782.840026855469
2700.81466666302	783.359985351563
2702.9582352544	783.239990234375
2705.10117592265	782.640014648438
2707.24348892275	782.599975585938
2709.3851745095	782.52001953125
2711.5262329376	783.280029296875
2713.66666446158	783.679992675781
2715.80646933585	783.200012207031
2717.94564781468	783.52001953125
2720.08420015222	783.640014648438
2722.22212660245	783.599975585938
2724.35942741923	783.960021972656
2726.49610285628	783.280029296875
2728.63215316721	782.840026855469
2730.76757860544	783.559997558594
2732.9023794243	783.960021972656
2735.03655587697	783.599975585938
2737.17010821648	783.119995117188
2739.30303669573	784.080017089844
2741.4353415675	784.119995117188
2743.56702308442	783.840026855469
2745.69808149898	783.440002441406
2747.82851706355	783.719970703125
2749.95833003034	783.640014648438
2752.08752065145	784.039978027344
2754.21608917883	783.400024414063
2756.3440358643	783.200012207031
2758.47136095954	783.760009765625
2760.59806471609	782.960021972656
2762.72414738537	783.760009765625
2764.84960921865	783.47998046875
2766.97445046708	783.919982910156
2769.09867138166	783.440002441406
2771.22227221326	783.039978027344
2773.34525321263	783.239990234375
2775.46761463035	783.640014648438
2777.58935671691	783.799987792969
2779.71047972262	783.679992675781
2781.83098389771	783.440002441406
2783.95086949221	783.760009765625
2786.07013675607	783.640014648438
2788.18878593908	783.559997558594
2790.3068172909	783.320007324219
2792.42423106106	783.119995117188
2794.54102749895	783.47998046875
2796.65720685384	783.760009765625
2798.77276937486	783.119995117188
2800.88771531098	784
2803.00204491107	783.200012207031
2805.11575842387	784.080017089844
2807.22885609796	783.400024414063
2809.34133818179	784.159973144531
2811.4532049237	784.159973144531
2813.56445657189	783.400024414063
2815.6750933744	783.799987792969
2817.78511557916	784.400024414063
2819.89452343398	784.599975585938
2822.00331718652	784.679992675781
2824.11149708429	784.47998046875
2826.2190633747	785.599975585938
2828.32601630502	785
2830.43235612237	785.52001953125
2832.53808307375	785.039978027344
2834.64319740603	785.719970703125
2836.74769936595	786.159973144531
2838.85158920011	786.719970703125
2840.95486715497	786.400024414063
2843.05753347689	787.440002441406
2845.15958841206	788.52001953125
2847.26103220657	789.239990234375
2849.36186510636	790.52001953125
2851.46208735724	791.239990234375
2853.56169920488	791
2855.66070089485	791.080017089844
2857.75909267257	792.760009765625
2859.85687478332	792.960021972656
2861.95404747225	794.280029296875
2864.05061098439	794.640014648438
2866.14656556464	796.159973144531
2868.24191145777	797.400024414063
2870.3366489084	797.239990234375
2872.43077816104	799.119995117188
2874.52429946006	799.880004882813
2876.61721304971	800.320007324219
2878.70951917409	800.719970703125
2880.8012180772	802.119995117188
2882.89231000287	801.640014648438
2884.98279519483	800.840026855469
2887.07267389667	800.52001953125
2889.16194635186	802.280029296875
2891.25061280373	803.760009765625
2893.33867349546	803
2895.42612867015	802.679992675781
2897.51297857074	802.440002441406
2899.59922344003	803.080017089844
2901.68486352071	802.799987792969
2903.76989905533	804.640014648438
2905.85433028632	803.280029296875
2907.93815745598	806.200012207031
2910.02138080648	806.640014648438
2912.10400057985	808.599975585938
2914.186017018	808.960021972656
2916.26743036271	808.400024414063
2918.34824085563	810.719970703125
2920.4284487383	810.760009765625
2922.5080542521	812.159973144531
2924.58705763829	814.119995117188
2926.66545913802	815.039978027344
2928.74325899231	815.47998046875
2930.82045744202	816.599975585938
2932.89705472792	818.320007324219
2934.97305109062	819.200012207031
2937.04844677063	817.440002441406
2939.12324200832	819.080017089844
2941.19743704393	817.559997558594
2943.27103211757	815.960021972656
2945.34402746923	814.280029296875
2947.41642333876	814.760009765625
2949.48821996592	813.960021972656
2951.55941759028	812.200012207031
2953.63001645135	809.919982910156
2955.70001678845	808.880004882813
2957.76941884083	809.719970703125
2959.83822284757	808.280029296875
2961.90642904764	808.440002441406
2963.97403767988	807.960021972656
2966.04104898302	806.47998046875
2968.10746319565	806.840026855469
2970.17328055621	807.280029296875
2972.23850130305	807.640014648438
2974.30312567438	807.559997558594
2976.36715390829	806.359985351563
2978.43058624273	803.52001953125
2980.49342291553	802.280029296875
2982.55566416439	805.719970703125
2984.61731022691	804.760009765625
2986.67836134051	802.960021972656
2988.73881774255	803.159973144531
2990.79867967021	802.719970703125
2992.85794736058	801.52001953125
2994.9166210506	800.359985351563
2996.97470097711	799
2999.03218737679	799.840026855469
3001.08908048622	798.47998046875
3003.14538054186	798.799987792969
3005.20108778002	797.119995117188
3007.25620243691	797.840026855469
3009.3107247486	798.880004882813
3011.36465495104	798.599975585938
3013.41799328004	797.47998046875
3015.47073997133	797.039978027344
3017.52289526045	797
3019.57445938288	796.880004882813
3021.62543257393	796.359985351563
3023.6758150688	799.599975585938
3025.72560710258	798.119995117188
3027.77480891021	795.679992675781
3029.82342072652	796.559997558594
3031.87144278622	797.320007324219
3033.91887532389	798.159973144531
3035.96571857399	797.719970703125
3038.01197277084	798.599975585938
3040.05763814867	799.440002441406
3042.10271494154	798.840026855469
3044.14720338344	800.200012207031
3046.19110370818	800.239990234375
3048.2344161495	799.719970703125
3050.27714094097	800.880004882813
3052.31927831608	801.919982910156
3054.36082850816	802.080017089844
3056.40179175044	802.599975585938
3058.44216827602	802.559997558594
3060.48195831786	802.359985351563
3062.52116210884	803.52001953125
3064.55977988167	803.280029296875
3066.59781186897	804.200012207031
3068.63525830322	804.599975585938
3070.67211941678	805
3072.7083954419	804.320007324219
3074.7440866107	803.799987792969
3076.77919315516	805.679992675781
3078.81371530716	806.320007324219
3080.84765329846	804.840026855469
3082.88100736068	805.599975585938
3084.91377772534	804.919982910156
3086.94596462381	804.440002441406
3088.97756828737	804.840026855469
3091.00858894714	807.840026855469
3093.03902683417	807.239990234375
3095.06888217933	807.119995117188
3097.09815521342	808.960021972656
3099.12684616709	809.080017089844
3101.15495527087	809.080017089844
3103.18248275518	810
3105.20942885031	811.679992675781
3107.23579378642	812.320007324219
3109.26157779358	811.919982910156
3111.28678110171	810.239990234375
3113.31140394062	810.880004882813
3115.33544654	814.719970703125
3117.35890912942	812.679992675781
3119.38179193832	814.200012207031
3121.40409519602	815.719970703125
3123.42581913174	817.760009765625
3125.44696397457	817.559997558594
3127.46752995345	817.440002441406
3129.48751729725	819.719970703125
3131.50692623469	817.760009765625
3133.52575699436	819.039978027344
3135.54400980476	820.799987792969
3137.56168489425	821.320007324219
3139.57878249108	822.200012207031
3141.59530282337	821.760009765625
3143.61124611913	820.760009765625
3145.62661260624	822.52001953125
3147.64140251247	825.159973144531
3149.65561606547	825.119995117188
3151.66925349277	826.919982910156
3153.68231502177	827.47998046875
3155.69480087977	825.799987792969
3157.70671129394	826.159973144531
3159.71804649132	828.52001953125
3161.72880669886	833.760009765625
3163.73899214336	829.640014648438
3165.74860305152	831.159973144531
3167.75763964991	832.840026855469
3169.766102165	833.119995117188
3171.77399082313	835.52001953125
3173.7813058505	834.760009765625
3175.78804747323	833.159973144531
3177.79421591731	832.599975585938
3179.79981140859	834
3181.80483417282	833
3183.80928443564	834.679992675781
3185.81316242255	836.640014648438
3187.81646835896	839.119995117188
3189.81920247013	840.359985351563
3191.82136498122	840.47998046875
3193.82295611727	839.599975585938
3195.82397610321	842.159973144531
3197.82442516385	840.239990234375
3199.82430352386	839.320007324219
3201.82361140782	842.840026855469
3203.82234904018	842.47998046875
3205.82051664529	844.719970703125
3207.81811444735	847
3209.81514267047	847
3211.81160153863	844.359985351563
3213.80749127571	844.760009765625
3215.80281210545	844.799987792969
3217.79756425148	844.359985351563
3219.79174793733	845.200012207031
3221.7853633864	846.280029296875
3223.77841082196	846.679992675781
3225.77089046719	844.719970703125
3227.76280254513	847.840026855469
3229.75414727873	852.200012207031
3231.74492489081	851.799987792969
3233.73513560406	851.200012207031
3235.72477964107	850.119995117188
3237.71385722431	850.159973144531
3239.70236857614	850.52001953125
3241.6903139188	848.960021972656
3243.6776934744	849.599975585938
3245.66450746496	850.119995117188
3247.65075611237	849.559997558594
3249.63643963841	848
3251.62155826472	851.200012207031
3253.60611221287	846.679992675781
3255.59010170428	847.760009765625
3257.57352696026	853.880004882813
3259.55638820202	855.640014648438
3261.53868565064	854.320007324219
3263.52041952708	848.52001953125
3265.50159005221	847.719970703125
3267.48219744676	849.320007324219
3269.46224193136	854.440002441406
3271.44172372651	854.599975585938
3273.42064305262	849.880004882813
3275.39900012996	851.119995117188
3277.3767951787	850
3279.35402841889	849.919982910156
3281.33070007047	854.119995117188
3283.30681035326	853.400024414063
3285.28235948698	854.200012207031
3287.25734769121	852.719970703125
3289.23177518544	852.799987792969
3291.20564218903	852
3293.17894892124	851.559997558594
3295.1516956012	849.840026855469
3297.12388244795	852.119995117188
3299.09550968039	852.119995117188
3301.06657751732	853.640014648438
3303.03708617743	851.719970703125
3305.00703587929	851.840026855469
3306.97642684135	850.960021972656
3308.94525928196	854.119995117188
3310.91353341935	852
3312.88124947164	854.080017089844
3314.84840765683	852.799987792969
3316.81500819282	854.039978027344
3318.78105129738	851.599975585938
3320.74653718818	850.52001953125
3322.71146608278	847.599975585938
3324.67583819861	847.840026855469
3326.639653753	850.719970703125
3328.60291296317	851.760009765625
3330.56561604621	849.159973144531
3332.52776321913	851.599975585938
3334.4893546988	849.679992675781
3336.45039070198	847.359985351563
3338.41087144533	847.039978027344
3340.37079714539	851.47998046875
3342.33016801859	851.760009765625
3344.28898428124	851.119995117188
3346.24724614955	848.919982910156
3348.20495383962	850.799987792969
3350.16210756742	851
3352.11870754883	848.960021972656
3354.07475399961	850.559997558594
3356.03024713539	853.359985351563
3357.98518717173	855.960021972656
3359.93957432403	853.640014648438
3361.89340880761	852.159973144531
3363.84669083768	848.840026855469
3365.79942062933	847.080017089844
3367.75159839753	846.159973144531
3369.70322435715	846.719970703125
3371.65429872295	851.400024414063
3373.60482170957	850.760009765625
3375.55479353155	850.320007324219
3377.50421440332	851.440002441406
3379.45308453918	852.679992675781
3381.40140415335	852.679992675781
3383.34917345991	855.52001953125
3385.29639267284	854.239990234375
3387.24306200602	850
3389.18918167321	849.239990234375
3391.13475188806	852.359985351563
3393.07977286411	853.799987792969
3395.02424481479	852.47998046875
3396.96816795342	852.039978027344
3398.91154249322	851.679992675781
3400.85436864728	850.960021972656
3402.79664662859	848.239990234375
3404.73837665004	851.280029296875
3406.67955892439	853.760009765625
3408.62019366432	852.320007324219
3410.56028108236	854
3412.49982139096	854.679992675781
3414.43881480247	852.159973144531
3416.37726152909	851.47998046875
3418.31516178295	852.760009765625
3420.25251577605	851.679992675781
3422.18932372029	851.919982910156
3424.12558582746	851.200012207031
3426.06130230922	849.679992675781
3427.99647337717	847.400024414063
3429.93109924274	848.52001953125
3431.8651801173	850.320007324219
3433.79871621209	847.760009765625
3435.73170773824	851.400024414063
3437.66415490678	851.280029296875
3439.59605792862	853.760009765625
3441.52741701458	850.400024414063
3443.45823237536	848.719970703125
3445.38850422154	848.559997558594
3447.31823276362	848.799987792969
3449.24741821196	849.840026855469
3451.17606077684	852.239990234375
3453.10416066842	850.559997558594
3455.03171809674	850.280029296875
3456.95873327175	848.799987792969
3458.88520640329	851.119995117188
3460.81113770109	851.52001953125
3462.73652737477	847.599975585938
3464.66137563383	845.679992675781
3466.58568268769	847.159973144531
3468.50944874565	845.159973144531
3470.43267401689	844.280029296875
3472.3553587105	845.559997558594
3474.27750303545	841
3476.19910720062	840.640014648438
3478.12017141476	844.280029296875
3480.04069588654	845.039978027344
3481.9606808245	845.760009765625
3483.88012643707	845.119995117188
3485.79903293259	845.400024414063
3487.7174005193	845.400024414063
3489.63522940532	841.039978027344
3491.55251979864	838.119995117188
3493.46927190719	836.719970703125
3495.38548593877	834.799987792969
3497.30116210107	833.239990234375
3499.21630060167	834.200012207031
3501.13090164807	833.52001953125
3503.04496544763	834.359985351563
3504.95849220763	832.840026855469
3506.87148213523	830.599975585938
3508.78393543748	830.880004882813
3510.69585232134	831.320007324219
3512.60723299365	827.359985351563
3514.51807766116	827.400024414063
3516.42838653049	828.440002441406
3518.33815980819	829.039978027344
3520.24739770066	827.280029296875
3522.15610041423	826.679992675781
3524.06426815511	828.599975585938
3525.9719011294	826.440002441406
3527.87899954311	823.47998046875
3529.78556360213	823.880004882813
3531.69159351225	825.52001953125
3533.59708947916	826.039978027344
3535.50205170844	824.239990234375
3537.40648040556	820.400024414063
3539.3103757759	821.239990234375
3541.21373802472	820.47998046875
3543.11656735717	819.719970703125
3545.01886397833	819.960021972656
3546.92062809313	818.719970703125
3548.82185990643	817.799987792969
3550.72255962297	816.239990234375
3552.62272744738	816.239990234375
3554.5223635842	814.799987792969
3556.42146823786	815.400024414063
3558.32004161268	815.679992675781
3560.21808391289	815.280029296875
3562.11559534259	814.960021972656
3564.01257610581	812.679992675781
3565.90902640645	811.039978027344
3567.80494644831	811
3569.7003364351	812.960021972656
3571.59519657042	812.799987792969
3573.48952705774	811.239990234375
3575.38332810048	811.080017089844
3577.27659990191	811.640014648438
3579.16934266521	809.760009765625
3581.06155659346	810.080017089844
3582.95324188965	811.159973144531
3584.84439875663	809.52001953125
3586.73502739718	807.640014648438
3588.62512801397	808.599975585938
3590.51470080955	806.960021972656
3592.40374598639	805.799987792969
3594.29226374685	805.52001953125
3596.18025429317	803.919982910156
3598.06771782751	803.599975585938
3599.95465455192	803.599975585938
3601.84106466834	802.440002441406
3603.72694837861	802.719970703125
3605.61230588447	804.559997558594
3607.49713738756	804.799987792969
3609.38144308942	804.080017089844
3611.26522319148	803.119995117188
3613.14847789506	803.080017089844
3615.0312074014	801.919982910156
3616.91341191162	800.320007324219
3618.79509162674	801.679992675781
3620.67624674769	800.320007324219
3622.55687747528	800.52001953125
3624.43698401024	801.400024414063
3626.31656655317	799.719970703125
3628.1956253046	798
3630.07416046492	798.919982910156
3631.95217223446	798.760009765625
3633.82966081342	796.559997558594
3635.70662640191	798
3637.58306919993	797.359985351563
3639.45898940739	797.320007324219
3641.33438722409	795.840026855469
3643.20926284973	796.200012207031
3645.08361648392	795.760009765625
3646.95744832614	794.440002441406
3648.8307585758	794.47998046875
3650.7035474322	794.039978027344
3652.57581509452	794.119995117188
3654.44756176188	793.239990234375
3656.31878763324	793.880004882813
3658.18949290753	792.119995117188
3660.05967778352	791.919982910156
3661.9293424599	792.599975585938
3663.79848713527	790.760009765625
3665.66711200812	791.080017089844
3667.53521727684	790.799987792969
3669.40280313972	790.320007324219
3671.26986979494	789.559997558594
3673.13641744059	789.559997558594
3675.00244627468	789.559997558594
