-140.373595351881	779.119995117188
-137.335129063906	779.200012207031
-134.297686810867	779.039978027344
-131.261268103955	779.359985351563
-128.225872454677	779.239990234375
-125.191499374839	778.919982910156
-122.158148376567	778.880004882813
-119.125818972292	778.840026855469
-116.094510674759	778.799987792969
-113.064222997021	778.919982910156
-110.034955452443	779.159973144531
-107.006707554687	778.960021972656
-103.979478817741	778.760009765625
-100.95326875589	779.039978027344
-97.928076883731	778.760009765625
-94.9039027161698	779.440002441406
-91.8807457684175	778.960021972656
-88.8586055560018	778.919982910156
-85.8374815947384	779.119995117188
-82.8173734007715	779.280029296875
-79.7982804905411	779.200012207031
-76.7802023807988	778.760009765625
-73.7631385885914	778.799987792969
-70.7470886312892	778.960021972656
-67.732052026553	778.880004882813
-64.7180282923587	779.119995117188
-61.7050169469884	778.960021972656
-58.6930175090183	779.159973144531
-55.6820294973386	778.799987792969
-52.6720524311495	778.880004882813
-49.66308582994	778.840026855469
-46.6551292135171	779.280029296875
-43.6481821019882	779.200012207031
-40.6422440157577	778.880004882813
-37.6373144755424	778.919982910156
-34.6333930023594	778.880004882813
-31.630479117526	779.239990234375
-28.6285723426709	779.039978027344
-25.6276721997107	778.960021972656
-22.6277782108771	779.239990234375
-19.628889898701	779.200012207031
-16.6310067860081	779.280029296875
-13.6341283959385	779.960021972656
-10.6382542519231	782.440002441406
-7.64338387769432	798.159973144531
-4.64951679729502	834
-1.65665253506141	846.039978027344
1.33520938438089	827.919982910156
4.32606943608095	793.559997558594
7.315928094803	780.320007324219
10.3047858350146	778.880004882813
13.2926431308747	778.840026855469
16.2795004562541	779.440002441406
19.2653582847118	778.599975585938
22.2502170895187	779.52001953125
25.2340773436344	778.719970703125
28.216939519735	778.840026855469
31.1988040901939	778.799987792969
34.1796715270814	778.640014648438
37.1595423021732	779.039978027344
40.1384168869468	779
43.1162957525854	778.719970703125
46.0931793699786	779.119995117188
49.0690682097059	778.840026855469
52.0439627420619	778.280029296875
55.0178634370476	778.719970703125
57.9907707643592	779.039978027344
60.9626851933962	778.880004882813
63.9336071932735	778.919982910156
66.9035372328018	778.559997558594
69.8724757804959	779.400024414063
72.8404233045826	778.760009765625
75.8073802729932	778.960021972656
78.7733471533597	778.960021972656
81.738324413019	778.960021972656
84.702312519025	778.960021972656
87.665311938125	778.719970703125
90.6273231367761	779.159973144531
93.5883465811569	778.559997558594
96.5483827371242	778.960021972656
99.5074320702731	778.799987792969
102.465495045889	778.640014648438
105.422572128961	778.919982910156
108.378663784199	779.119995117188
111.333770476014	778.960021972656
114.287892668528	778.799987792969
117.24103082557	779.200012207031
120.193185410674	779.080017089844
123.144356887097	779.359985351563
126.094545717786	779.960021972656
129.043752365413	779.599975585938
131.991977292355	780.280029296875
134.939220960695	780.440002441406
137.885483832232	780.719970703125
140.83076636847	781.080017089844
143.775069030632	781.200012207031
146.718392279644	781.440002441406
149.660736576149	782.559997558594
152.602102380488	782.760009765625
155.54249015274	783.840026855469
158.481900352672	784.239990234375
161.420333439765	784.960021972656
164.357789873227	785.320007324219
167.294270111968	786
170.229774614617	786.760009765625
173.164303839496	788.080017089844
176.097858244675	788.440002441406
179.030438287908	790.039978027344
181.962044426678	789.960021972656
184.89267711817	790.039978027344
187.822336819302	791.400024414063
190.751023986678	792.400024414063
193.678739076648	792.359985351563
196.605482545255	792.880004882813
199.531254848261	793.679992675781
202.456056441152	794
205.379887779119	792.52001953125
208.30274931708	793.559997558594
211.224641509656	794.159973144531
214.145564811189	794.599975585938
217.06551967574	793.599975585938
219.984506557089	793.200012207031
222.902525908723	794.080017089844
225.819578183856	793.719970703125
228.735663835415	793.159973144531
231.650783316047	792.52001953125
234.564937078107	792.52001953125
237.478125573679	793.200012207031
240.390349254566	792.599975585938
243.301608572278	793.239990234375
246.211903978051	793.080017089844
249.121235922839	794.640014648438
252.029604857321	795.440002441406
254.93701123188	794.760009765625
257.843455496632	795.400024414063
260.748938101415	796.080017089844
263.653459495766	796.400024414063
266.557020128967	797.080017089844
269.459620450005	798.359985351563
272.361260907595	798.239990234375
275.261941950168	798.640014648438
278.161664025874	799.880004882813
281.060427582592	798.960021972656
283.958233067921	798.719970703125
286.855080929176	798.119995117188
289.750971613398	798.280029296875
292.645905567344	797.52001953125
295.539883237503	798.280029296875
298.432905070079	798.52001953125
301.324971511007	797.719970703125
304.216083005931	798.47998046875
307.10624000023	798.119995117188
309.995442939003	800.52001953125
312.883692267071	803.880004882813
315.770988428979	813.280029296875
318.657331869	823.359985351563
321.542723031127	829.559997558594
324.427162359076	825.880004882813
327.310650296293	817.039978027344
330.193187285945	808.960021972656
333.074773770929	803.400024414063
335.955410193855	800.760009765625
338.835096997075	797.960021972656
341.713834622655	799
344.59162351239	797.760009765625
347.468464107802	796.760009765625
350.344356850137	797.239990234375
353.219302180373	796.880004882813
356.093300539208	796.119995117188
358.966352367073	795.719970703125
361.838458104123	795.679992675781
364.70961819024	795.880004882813
367.579833065031	795.599975585938
370.449103167837	796.559997558594
373.317428937727	796.200012207031
376.184810813496	795.599975585938
379.051249233659	796.440002441406
381.916744636474	796.119995117188
384.78129745992	795.440002441406
387.644908141706	796.080017089844
390.50757711927	795.679992675781
393.36930482978	795.640014648438
396.23009171014	795.919982910156
399.089938196969	796.320007324219
401.948844726631	795.719970703125
404.806811735214	795.719970703125
407.66383965853	795.559997558594
410.519928932138	795.119995117188
413.375079991314	795.679992675781
416.229293271071	795.840026855469
419.082569206155	794.880004882813
421.934908231031	795.760009765625
424.786310779917	795.799987792969
427.636777286748	795.559997558594
430.486308185189	795.239990234375
433.334903908649	794.679992675781
436.182564890262	795.640014648438
439.029291562898	797.119995117188
441.875084359157	795.119995117188
444.719943711374	795.760009765625
447.563870051618	795.960021972656
450.406863811695	795.080017089844
453.248925423132	795.119995117188
456.090055317208	795.960021972656
458.93025392492	795.280029296875
461.76952167701	794.840026855469
464.60785900395	795.440002441406
467.44526633595	795.679992675781
470.281744102955	795.200012207031
473.117292734635	796.080017089844
475.951912660415	796.559997558594
478.785604309439	794.599975585938
481.618368110592	795.359985351563
484.450204492499	795.039978027344
487.281113883518	795.280029296875
490.111096711738	795.039978027344
492.940153404999	795.599975585938
495.768284390864	795.719970703125
498.595490096635	795.47998046875
501.421770949366	795.119995117188
504.247127375825	795.599975585938
507.071559802537	797.400024414063
509.89506865575	796.119995117188
512.717654361473	796.400024414063
515.539317345424	796.119995117188
518.360058033083	795.440002441406
521.179876849652	796.52001953125
523.998774220083	796.559997558594
526.816750569068	796.039978027344
529.633806321025	796.239990234375
532.44994190013	796.400024414063
535.265157730284	796.440002441406
538.079454235133	794.640014648438
540.892831838066	796.039978027344
543.705290962208	795.239990234375
546.516832030424	795.359985351563
549.32745546533	794.640014648438
552.137161689268	794.799987792969
554.945951124325	795.400024414063
557.753824192341	795.47998046875
560.560781314883	794.719970703125
563.36682291327	796.760009765625
566.171949408555	796
568.976161221537	795.640014648438
571.779458772759	795.239990234375
574.5818424825	795.799987792969
577.383312770792	794.840026855469
580.183870057402	794.440002441406
582.983514761843	795.960021972656
585.782247303363	795.200012207031
588.580068100976	795.080017089844
591.376977573414	795.880004882813
594.172976139164	795.200012207031
596.968064216463	795.080017089844
599.762242223282	796.039978027344
602.555510577335	794.440002441406
605.347869696099	794.280029296875
608.139319996771	795.47998046875
610.929861896313	795.640014648438
613.719495811421	794.679992675781
616.508222158541	794.159973144531
619.296041353863	795.52001953125
622.082953813324	794.919982910156
624.868959952607	795.359985351563
627.654060187137	793.799987792969
630.438254932094	794.039978027344
633.221544602397	795.559997558594
636.003929612719	794.52001953125
638.785410377468	794.039978027344
641.565987310814	795.760009765625
644.345660826665	795.119995117188
647.124431338674	794.679992675781
649.902299260252	795
652.679265004552	795.320007324219
655.455328984475	794.599975585938
658.230491612671	794.799987792969
661.004753301541	794.599975585938
663.778114463229	794.280029296875
666.550575509631	795.080017089844
669.322136852395	795.440002441406
672.092798902916	795.559997558594
674.862562072336	794.919982910156
677.631426771548	794.200012207031
680.399393411204	794.640014648438
683.166462401689	794.679992675781
685.93263415315	794.880004882813
688.697909075486	794.559997558594
691.462287578337	794.760009765625
694.225770071098	794.719970703125
696.988356962926	795.320007324219
699.750048662705	795.280029296875
702.5108455791	795.359985351563
705.270748120503	795
708.029756695068	794.679992675781
710.787871710705	794.239990234375
713.545093575065	796.080017089844
716.301422695566	795.080017089844
719.056859479364	795.559997558594
721.811404333376	794.559997558594
724.56505766427	795.799987792969
727.317819878473	795.239990234375
730.069691382148	794.840026855469
732.820672581226	795.679992675781
735.570763881396	795.359985351563
738.319965688092	793.960021972656
741.068278406496	795
743.815702441559	795.320007324219
746.562238197974	795.200012207031
749.307886080196	796.080017089844
752.052646492436	795.799987792969
754.796519838656	795.880004882813
757.539506522567	794.440002441406
760.28160694765	795.280029296875
763.022821517128	795.47998046875
765.76315063399	795.239990234375
768.502594700972	795.760009765625
771.241154120572	796.080017089844
773.978829295045	796.359985351563
776.715620626397	795.919982910156
779.451528516396	796.52001953125
782.186553366565	797.400024414063
784.920695578179	797.359985351563
787.653955552283	796
790.386333689662	796.400024414063
793.117830390877	795.880004882813
795.848446056227	795.760009765625
798.578181085792	795.679992675781
801.307035879389	794.320007324219
804.035010836599	795.440002441406
806.762106356774	795.880004882813
809.488322839013	796.400024414063
812.213660682169	795.799987792969
814.938120284866	795.47998046875
817.661702045482	796.52001953125
820.384406362153	795
823.10623363278	794.719970703125
825.827184255014	794.679992675781
828.547258626283	794.960021972656
831.266457143747	795.799987792969
833.984780204358	795.760009765625
836.702228204804	794.960021972656
839.418801541552	794.799987792969
842.134500610814	794.760009765625
844.849325808575	794.760009765625
847.563277530579	795.119995117188
850.276356172319	796.52001953125
852.988562129066	796.039978027344
855.69989579585	796.400024414063
858.410357567456	795.760009765625
861.119947838428	795.440002441406
863.828667003087	795.440002441406
866.536515455503	794.679992675781
869.243493589517	793.880004882813
871.949601798728	794.919982910156
874.654840476504	794.159973144531
877.359210015961	795.039978027344
880.062710810003	795.239990234375
882.765343251273	795.200012207031
885.467107732191	796.200012207031
888.168004644938	794.640014648438
890.868034381467	795.280029296875
893.567197333476	796.280029296875
896.265493892445	795.440002441406
898.962924449614	795.039978027344
901.659489395985	794.559997558594
904.355189122325	795.559997558594
907.050024019165	796
909.743994476809	794.400024414063
912.437100885322	795.119995117188
915.129343634532	795.559997558594
917.820723114032	795.599975585938
920.511239713189	794.799987792969
923.200893821127	794.280029296875
925.889685826744	794.960021972656
928.577616118699	796.320007324219
931.264685085419	795.919982910156
933.950893115098	796.640014648438
936.6362405957	795.359985351563
939.320727914956	796.080017089844
942.004355460359	795.679992675781
944.687123619173	796.440002441406
947.369032778431	795.679992675781
950.050083324934	795.880004882813
952.730275645247	795.960021972656
955.409610125711	795.599975585938
958.088087152423	794.960021972656
960.765707111263	795.359985351563
963.442470387871	795.119995117188
966.118377367657	794.880004882813
968.793428435798	794.799987792969
971.467623977254	795.960021972656
974.140964376739	795.719970703125
976.813450018737	795.320007324219
979.485081287511	795.47998046875
982.155858567087	795.47998046875
984.825782241271	795.159973144531
987.494852693624	794.559997558594
990.163070307487	793.919982910156
992.830435465978	795.400024414063
995.496948551973	795.080017089844
998.162609948122	795.47998046875
1000.82742003685	796.960021972656
1003.49137920036	799.599975585938
1006.15448782061	799.760009765625
1008.81674627934	797.760009765625
1011.47815495806	796.119995117188
1014.13871423805	794.799987792969
1016.79842450037	794.47998046875
1019.45728612586	794.47998046875
1022.11529949509	794.159973144531
1024.77246498846	792.559997558594
1027.4287829861	794.200012207031
1030.08425386792	794.080017089844
1032.73887801363	795.719970703125
1035.3926558027	796.080017089844
1038.04558761435	793.960021972656
1040.69767382761	793.840026855469
1043.34891482125	794.559997558594
1045.99931097384	795.159973144531
1048.64886266371	795.47998046875
1051.29757026898	794.599975585938
1053.94543416753	794.400024414063
1056.59245473701	795.52001953125
1059.23863235486	794.599975585938
1061.8839673983	794.159973144531
1064.5284602443	794.200012207031
1067.17211126962	795.200012207031
1069.8149208508	795.320007324219
1072.45688936415	794.52001953125
1075.09801718577	794.280029296875
1077.7383046915	794.320007324219
1080.377752257	795.919982910156
1083.01636025767	795.159973144531
1085.65412906872	795.359985351563
1088.2910590651	795.679992675781
1090.92715062157	796.320007324219
1093.56240411266	796.280029296875
1096.19681991265	796.799987792969
1098.83039839564	795.52001953125
1101.46313993547	795.840026855469
1104.09504490579	795.400024414063
1106.72611368	794.440002441406
1109.35634663129	794.599975585938
1111.98574413263	793.119995117188
1114.61430655677	792.679992675781
1117.24203427624	793.799987792969
1119.86892766333	793.280029296875
1122.49498709014	794.599975585938
1125.12021292851	793.960021972656
1127.74460555011	794.52001953125
1130.36816532634	794.960021972656
1132.99089262841	794.239990234375
1135.6127878273	793.880004882813
1138.23385129376	792.559997558594
1140.85408339834	792.159973144531
1143.47348451137	792.159973144531
1146.09205500294	792
1148.70979524293	792.200012207031
1151.326705601	793.159973144531
1153.9427864466	792.320007324219
1156.55803814896	792.440002441406
1159.17246107707	793.119995117188
1161.78605559974	793.159973144531
1164.39882208551	793.799987792969
1167.01076090276	793.880004882813
1169.6218724196	793.080017089844
1172.23215700396	792.320007324219
1174.84161502352	792.919982910156
1177.45024684578	794.47998046875
1180.05805283799	793.200012207031
1182.66503336719	792.080017089844
1185.27118880021	793.039978027344
1187.87651950367	793.159973144531
1190.48102584395	793.039978027344
1193.08470818723	793.080017089844
1195.68756689948	792
1198.28960234643	793.119995117188
1200.89081489363	794.840026855469
1203.49120490636	793.760009765625
1206.09077274974	793.760009765625
1208.68951878864	793.359985351563
1211.28744338773	795.039978027344
1213.88454691145	795.119995117188
1216.48082972404	794.559997558594
1219.07629218953	794.599975585938
1221.6709346717	794.559997558594
1224.26475753416	794.760009765625
1226.85776114028	795.599975585938
1229.44994585322	795.919982910156
1232.04131203592	796.760009765625
1234.63186005112	797.280029296875
1237.22159026133	796.760009765625
1239.81050302886	796.400024414063
1242.3985987158	798.280029296875
1244.98587768402	798.119995117188
1247.5723402952	797.880004882813
1250.15798691078	799
1252.74281789199	798.280029296875
1255.32683359987	798.640014648438
1257.91003439523	798.119995117188
1260.49242063865	798.359985351563
1263.07399269055	797.359985351563
1265.65475091108	797.679992675781
1268.23469566021	797.080017089844
1270.81382729769	797.239990234375
1273.39214618306	797.320007324219
1275.96965267566	797.080017089844
1278.54634713458	796.440002441406
1281.12222991875	795.840026855469
1283.69730138685	796.200012207031
1286.27156189737	796.400024414063
1288.84501180858	796.200012207031
1291.41765147853	795.880004882813
1293.98948126509	797.359985351563
1296.56050152589	797.119995117188
1299.13071261837	797.880004882813
1301.70011489973	797.239990234375
1304.268708727	797.320007324219
1306.83649445698	797.119995117188
1309.40347244625	797.52001953125
1311.96964305119	797.119995117188
1314.53500662799	798.400024414063
1317.0995635326	798.440002441406
1319.66331412077	797.359985351563
1322.22625874806	797.960021972656
1324.7883977698	797.52001953125
1327.34973154112	797.880004882813
1329.91026041694	797.320007324219
1332.46998475197	798.52001953125
1335.0289049007	797.799987792969
1337.58702121746	797.799987792969
1340.14433405631	796.599975585938
1342.70084377115	798.280029296875
1345.25655071563	797.47998046875
1347.81145524323	796.159973144531
1350.36555770721	794.320007324219
1352.91885846062	794.359985351563
1355.47135785631	794.559997558594
1358.02305624691	794.080017089844
1360.57395398486	793.679992675781
1363.12405142237	792.840026855469
1365.67334891148	793.719970703125
1368.22184680399	793.239990234375
1370.76954545151	793.039978027344
1373.31644520545	793.760009765625
1375.86254641699	793.119995117188
1378.40784943713	793.400024414063
1380.95235461666	792.359985351563
1383.49606230615	792.679992675781
1386.03897285598	793.200012207031
1388.58108661632	793.559997558594
1391.12240393713	793.880004882813
1393.66292516818	792.400024414063
1396.20265065903	792.799987792969
1398.74158075901	793.52001953125
1401.2797158173	793.440002441406
1403.81705618282	792.840026855469
1406.35360220431	793.440002441406
1408.88935423032	792.559997558594
1411.42431260919	793.640014648438
1413.95847768903	792.119995117188
1416.49184981777	793.359985351563
1419.02442934314	792.799987792969
1421.55621661266	793.679992675781
1424.08721197364	792.919982910156
1426.61741577321	793.239990234375
1429.14682835828	793.52001953125
1431.67545007555	793
1434.20328127153	792.359985351563
1436.73032229253	794
1439.25657348466	794.880004882813
1441.78203519381	796.840026855469
1444.3067077657	796.760009765625
1446.83059154581	797.47998046875
1449.35368687944	798.400024414063
1451.8759941117	799.159973144531
1454.39751358748	798.119995117188
1456.91824565148	797.280029296875
1459.43819064818	796.960021972656
1461.95734892189	796.640014648438
1464.4757208167	795.760009765625
1466.99330667649	795.320007324219
1469.51010684497	795.320007324219
1472.02612166564	794.640014648438
1474.54135148177	794.080017089844
1477.05579663646	794.200012207031
1479.56945747262	794.280029296875
1482.08233433293	793.359985351563
1484.59442755989	793
1487.10573749579	793
1489.61626448275	791.47998046875
1492.12600886264	791.719970703125
1494.63497097718	791.119995117188
1497.14315116786	790.200012207031
1499.65054977599	789.119995117188
1502.15716714267	789.080017089844
1504.66300360881	789.119995117188
1507.16805951512	788.52001953125
1509.67233520211	789.080017089844
1512.1758310101	788.760009765625
1514.67854727919	788.719970703125
1517.18048434931	788.320007324219
1519.68164256018	788.640014648438
1522.18202225132	788.840026855469
1524.68162376207	789
1527.18044743155	788.400024414063
1529.67849359869	788.840026855469
1532.17576260224	788.760009765625
1534.67225478072	788.799987792969
1537.1679704725	789
1539.66291001572	788.640014648438
1542.15707374832	788.880004882813
1544.65046200807	788.919982910156
1547.14307513254	789.200012207031
1549.63491345907	789.039978027344
1552.12597732485	789.400024414063
1554.61626706685	789.280029296875
1557.10578302185	789.840026855469
1559.59452552644	790.840026855469
1562.082494917	789.400024414063
1564.56969152973	790.280029296875
1567.05611570064	790.719970703125
1569.54176776552	791.280029296875
1572.02664806	792.159973144531
1574.51075691949	792.47998046875
1576.99409467921	791.320007324219
1579.4766616742	792.440002441406
1581.95845823929	791.799987792969
1584.43948470912	792.719970703125
1586.91974141815	792.159973144531
1589.39922870064	790.760009765625
1591.87794689064	791.919982910156
1594.35589632202	790.799987792969
1596.83307732848	791.359985351563
1599.30949024348	791.760009765625
1601.78513540033	791.239990234375
1604.26001313211	792.679992675781
1606.73412377175	792.919982910156
1609.20746765196	793.400024414063
1611.68004510526	793.039978027344
1614.15185646398	793.119995117188
1616.62290206026	792.599975585938
1619.09318222605	793.320007324219
1621.56269729311	793.799987792969
1624.031447593	794.239990234375
1626.4994334571	794
1628.9666552166	794.200012207031
1631.43311320248	794.280029296875
1633.89880774554	794.640014648438
1636.3637391764	794.760009765625
1638.82790782548	794.880004882813
1641.29131402301	794.960021972656
1643.75395809903	795.880004882813
1646.21584038339	796.039978027344
1648.67696120575	795.919982910156
1651.13732089558	797.119995117188
1653.59691978216	798.200012207031
1656.05575819459	797.440002441406
1658.51383646175	798.119995117188
1660.97115491238	797.200012207031
1663.42771387498	796.880004882813
1665.8835136779	798
1668.33855464928	797.559997558594
1670.79283711708	797.119995117188
1673.24636140907	796
1675.69912785282	795.239990234375
1678.15113677572	794.960021972656
1680.602388505	794.760009765625
1683.05288336764	794.280029296875
1685.50262169049	793.320007324219
1687.95160380019	792
1690.39983002318	791.760009765625
1692.84730068573	791.200012207031
1695.29401611392	790.159973144531
1697.73997663364	789.640014648438
1700.18518257059	789.039978027344
1702.6296342503	789.320007324219
1705.07333199807	787.719970703125
1707.51627613907	788
1709.95846699824	788.080017089844
1712.39990490036	787.080017089844
1714.84059017001	787.880004882813
1717.28052313159	786.799987792969
1719.7197041093	786.880004882813
1722.15813342718	786.47998046875
1724.59581140906	786.320007324219
1727.03273837859	786.880004882813
1729.46891465926	785.599975585938
1731.90434057432	785.400024414063
1734.3390164469	786.760009765625
1736.7729425999	785.52001953125
1739.20611935604	785.359985351563
1741.63854703787	785.400024414063
1744.07022596776	785.52001953125
1746.50115646787	785.440002441406
1748.93133886019	785.400024414063
1751.36077346652	784.719970703125
1753.7894606085	784.919982910156
1756.21740060755	784.640014648438
1758.64459378494	784.840026855469
1761.07104046172	785.559997558594
1763.49674095879	785.119995117188
1765.92169559684	784.960021972656
1768.3459046964	785.080017089844
1770.7693685778	785.200012207031
1773.1920875612	784.679992675781
1775.61406196656	783.960021972656
1778.03529211367	784.559997558594
1780.45577832214	785.080017089844
1782.87552091138	784.280029296875
1785.29452020064	784.599975585938
1787.71277650897	785.320007324219
1790.13029015525	784.359985351563
1792.54706145817	784.679992675781
1794.96309073625	784.159973144531
1797.3783783078	785.039978027344
1799.79292449097	784.760009765625
1802.20672960375	784.880004882813
1804.61979396389	784.559997558594
1807.03211788902	784.159973144531
1809.44370169655	784.359985351563
1811.85454570373	784.599975585938
1814.2646502276	784.47998046875
1816.67401558506	784.239990234375
1819.0826420928	784.640014648438
1821.49053006734	784.760009765625
1823.89767982501	784.400024414063
1826.30409168198	784.320007324219
1828.70976595422	784.52001953125
1831.11470295753	784.119995117188
1833.51890300752	783.840026855469
1835.92236641964	783.919982910156
1838.32509350914	784.039978027344
1840.72708459111	784.080017089844
1843.12833998044	783.52001953125
1845.52885999184	784.280029296875
1847.92864493987	784.599975585938
1850.32769513889	783.559997558594
1852.72601090307	784.200012207031
1855.12359254642	784.080017089844
1857.52044038278	783.640014648438
1859.91655472578	783.880004882813
1862.31193588889	783.840026855469
1864.70658418542	784.320007324219
1867.10049992847	783.640014648438
1869.49368343096	784.440002441406
1871.88613500568	783.799987792969
1874.27785496518	784.320007324219
1876.66884362188	784.640014648438
1879.059101288	784.239990234375
1881.44862827559	784
1883.8374248965	784.119995117188
1886.22549146246	783.559997558594
1888.61282828495	784
1890.99943567534	783.599975585938
1893.38531394477	783.440002441406
1895.77046340424	783.640014648438
1898.15488436455	784.280029296875
1900.53857713634	784.119995117188
1902.92154203006	784.239990234375
1905.303779356	784.080017089844
1907.68528942426	784
1910.06607254477	783.679992675781
1912.44612902729	784.039978027344
1914.82545918139	784.080017089844
1917.20406331648	783.719970703125
1919.58194174178	783.919982910156
1921.95909476634	784.679992675781
1924.33552269905	783.960021972656
1926.71122584861	784.840026855469
1929.08620452353	784.080017089844
1931.46045903219	783.599975585938
1933.83398968275	784.119995117188
1936.20679678322	783.960021972656
1938.57888064142	783.880004882813
1940.95024156502	783.760009765625
1943.3208798615	784
1945.69079583816	783.599975585938
1948.05998980213	783.719970703125
1950.42846206038	783.599975585938
1952.79621291969	784.320007324219
1955.16324268668	784.280029296875
1957.52955166778	784.52001953125
1959.89514016927	783.400024414063
1962.26000849723	784.119995117188
1964.62415695759	784.119995117188
1966.98758585609	784.359985351563
1969.3502954983	784.119995117188
1971.71228618964	784
1974.07355823532	784.400024414063
1976.43411194042	783.919982910156
1978.79394760981	784
1981.1530655482	783.960021972656
1983.51146606014	784.239990234375
1985.86914944999	783.599975585938
1988.22611602196	783.799987792969
1990.58236608007	784.320007324219
1992.93789992817	783.400024414063
1995.29271786995	784.280029296875
1997.64682020892	783.52001953125
2000.00020724843	784.760009765625
2002.35287929162	784.840026855469
2004.70483664152	784.280029296875
2007.05607960095	783.919982910156
2009.40660847256	784.640014648438
2011.75642355884	783.559997558594
2014.1055251621	783.880004882813
2016.4539135845	783.840026855469
2018.80158912802	783.919982910156
2021.14855209444	784.239990234375
2023.49480278542	784.440002441406
2025.84034150242	784.52001953125
2028.18516854673	783.799987792969
2030.52928421948	784.159973144531
2032.87268882163	784.400024414063
2035.21538265398	784.080017089844
2037.55736601713	784.400024414063
2039.89863921153	783.719970703125
2042.23920253747	784.52001953125
2044.57905629506	784.840026855469
2046.91820078425	784.159973144531
2049.2566363048	784.039978027344
2051.59436315633	784.47998046875
2053.93138163827	784.640014648438
2056.2676920499	784.359985351563
2058.6032946903	784.400024414063
2060.93818985843	784.239990234375
2063.27237785303	784
2065.60585897272	784.039978027344
2067.93863351592	784.599975585938
2070.27070178089	784.47998046875
2072.60206406574	784.47998046875
2074.93272066838	784.47998046875
2077.26267188658	783.840026855469
2079.59191801793	784.440002441406
2081.92045935985	784
2084.24829620962	784.52001953125
2086.57542886431	784.559997558594
2088.90185762087	784.039978027344
2091.22758277604	785.159973144531
2093.55260462643	784.200012207031
2095.87692346845	784.200012207031
2098.20053959837	784.119995117188
2100.52345331229	785
2102.84566490614	783.919982910156
2105.16717467567	784
2107.48798291649	783.760009765625
2109.80808992403	784.080017089844
2112.12749599355	784.200012207031
2114.44620142016	784
2116.7642064988	784.080017089844
2119.08151152423	784.640014648438
2121.39811679106	784.599975585938
2123.71402259374	783.799987792969
2126.02922922653	784.400024414063
2128.34373698356	784.039978027344
2130.65754615876	784.880004882813
2132.97065704594	784.200012207031
2135.28306993869	784.039978027344
2137.59478513047	784.359985351563
2139.90580291459	784.400024414063
2142.21612358416	784.440002441406
2144.52574743214	784.47998046875
2146.83467475134	784.440002441406
2149.1429058344	784.719970703125
2151.45044097377	784.919982910156
2153.75728046178	783.400024414063
2156.06342459057	784.400024414063
2158.36887365212	784.200012207031
2160.67362793825	783.799987792969
2162.97768774061	784.799987792969
2165.28105335071	784.719970703125
2167.58372505987	783.880004882813
2169.88570315926	784.679992675781
2172.18698793988	784.52001953125
2174.48757969258	784.359985351563
2176.78747870805	784.400024414063
2179.08668527679	783.919982910156
2181.38519968917	784.119995117188
2183.68302223538	783.400024414063
2185.98015320547	783.679992675781
2188.27659288929	783.599975585938
2190.57234157656	783.799987792969
2192.86739955682	783.679992675781
2195.16176711948	783.919982910156
2197.45544455375	783.799987792969
2199.74843214869	783.559997558594
2202.04073019322	783.919982910156
2204.33233897607	783.640014648438
2206.62325878583	784.119995117188
2208.91348991093	783.919982910156
2211.20303263961	784.239990234375
2213.49188726	783.200012207031
2215.78005406001	783.719970703125
2218.06753332744	783.559997558594
2220.35432534991	783.640014648438
2222.64043041487	782.799987792969
2224.92584880964	783.679992675781
2227.21058082134	783.880004882813
2229.49462673696	783.47998046875
2231.77798684332	783.880004882813
2234.06066142709	783.359985351563
2236.34265077477	783
2238.62395517269	782.880004882813
2240.90457490706	783.080017089844
2243.18451026388	783.119995117188
2245.46376152904	783.400024414063
2247.74232898823	783.52001953125
2250.02021292701	783.599975585938
2252.29741363077	784.320007324219
2254.57393138475	782.880004882813
2256.849766474	782.799987792969
2259.12491918346	783.200012207031
2261.39938979788	783.080017089844
2263.67317860185	783.200012207031
2265.94628587983	783.52001953125
2268.2187119161	783.400024414063
2270.49045699478	783.280029296875
2272.76152139985	783.599975585938
2275.03190541511	783.719970703125
2277.30160932421	783.320007324219
2279.57063341067	783.320007324219
2281.83897795781	783
2284.10664324882	783.039978027344
2286.37362956672	783.119995117188
2288.63993719439	783.440002441406
2290.90556641454	782.960021972656
2293.17051750973	783.400024414063
2295.43479076235	782.840026855469
2297.69838645465	783.320007324219
2299.96130486871	782.760009765625
2302.22354628647	783.239990234375
2304.48511098971	782.919982910156
2306.74599926003	783
2309.00621137891	783.159973144531
2311.26574762765	782.880004882813
2313.52460828741	782.559997558594
2315.78279363917	783.280029296875
2318.04030396379	783.320007324219
2320.29713954195	783.039978027344
2322.55330065418	783.119995117188
2324.80878758085	783.47998046875
2327.06360060219	782.840026855469
2329.31773999826	783
2331.57120604897	782.919982910156
2333.82399903409	782.679992675781
2336.0761192332	782.359985351563
2338.32756692577	783.599975585938
2340.57834239108	783.640014648438
2342.82844590827	783.239990234375
2345.07787775633	783.119995117188
2347.32663821409	782.960021972656
2349.57472756023	782.679992675781
2351.82214607327	782.840026855469
2354.06889403158	783.239990234375
2356.31497171337	782.52001953125
2358.56037939672	783
2360.80511735953	783.039978027344
2363.04918587955	782.719970703125
2365.29258523439	783.239990234375
2367.5353157015	782.719970703125
2369.77737755817	782.679992675781
2372.01877108156	782.320007324219
2374.25949654865	782.799987792969
2376.49955423629	783
2378.73894442115	782.960021972656
2380.97766737977	782.400024414063
2383.21572338855	782.640014648438
2385.45311272369	782.799987792969
2387.68983566129	782.52001953125
2389.92589247727	782.799987792969
2392.1612834474	783.080017089844
2394.39600884731	782.359985351563
2396.63006895246	782.200012207031
2398.86346403818	782.440002441406
2401.09619437962	782.47998046875
2403.32826025182	782.320007324219
2405.55966192963	782.47998046875
2407.79039968777	782.559997558594
2410.0204738008	783
2412.24988454313	783
2414.47863218902	782.47998046875
2416.70671701258	783.039978027344
2418.93413928778	783.239990234375
2421.16089928842	782.559997558594
2423.38699728817	782.280029296875
2425.61243356052	782.640014648438
2427.83720837884	782.47998046875
2430.06132201633	782.840026855469
2432.28477474606	782.159973144531
2434.50756684093	782.799987792969
2436.72969857371	782.52001953125
2438.95117021699	782.320007324219
2441.17198204325	782.039978027344
2443.39213432478	783.080017089844
2445.61162733376	782.52001953125
2447.83046134218	782.320007324219
2450.04863662192	782.440002441406
2452.26615344468	782.47998046875
2454.48301208203	782.52001953125
2456.69921280539	782.440002441406
2458.91475588602	782.320007324219
2461.12964159504	782.080017089844
2463.34387020342	782.359985351563
2465.55744198198	782.359985351563
2467.77035720139	783.359985351563
2469.98261613217	782.320007324219
2472.1942190447	782.400024414063
2474.40516620922	782.280029296875
2476.6154578958	782.47998046875
2478.82509437436	782.799987792969
2481.03407591471	781.919982910156
2483.24240278646	782.559997558594
2485.45007525911	782.880004882813
2487.65709360202	782.880004882813
2489.86345808435	782.47998046875
2492.06916897518	782.280029296875
2494.27422654339	782.440002441406
2496.47863105774	783.200012207031
2498.68238278683	782.119995117188
2500.88548199912	781.919982910156
2503.08792896294	782.47998046875
2505.28972394643	782.239990234375
2507.49086721763	782.400024414063
2509.6913590444	782.400024414063
2511.89119969447	782.599975585938
2514.09038943543	782
2516.2889285347	782.119995117188
2518.48681725957	782.52001953125
2520.6840558772	782.640014648438
2522.88064465456	782.080017089844
2525.07658385852	782.640014648438
2527.27187375578	782.400024414063
2529.4665146129	782.440002441406
2531.66050669629	782.760009765625
2533.85385027222	782.919982910156
2536.04654560681	782.359985351563
2538.23859296605	782.320007324219
2540.42999261577	782.880004882813
2542.62074482166	782.679992675781
2544.81084984925	782.599975585938
2547.00030796395	782.440002441406
2549.18911943101	781.919982910156
2551.37728451555	782.640014648438
2553.56480348252	782.840026855469
2555.75167659675	782.159973144531
2557.93790412292	782.559997558594
2560.12348632556	782.919982910156
2562.30842346905	782.280029296875
2564.49271581764	782.880004882813
2566.67636363544	782.359985351563
2568.85936718639	783.039978027344
2571.04172673431	783.039978027344
2573.22344254288	782.599975585938
2575.40451487562	783
2577.58494399591	782.640014648438
2579.76473016699	782.440002441406
2581.94387365196	782.679992675781
2584.12237471377	781.960021972656
2586.30023361523	782.47998046875
2588.47745061901	782.840026855469
2590.65402598763	782.599975585938
2592.82995998348	782.719970703125
2595.0052528688	782
2597.17990490568	781.799987792969
2599.35391635608	782.599975585938
2601.52728748181	782.359985351563
2603.70001854454	782.679992675781
2605.8721098058	782.52001953125
2608.04356152698	782.719970703125
2610.21437396931	782.440002441406
2612.3845473939	782.400024414063
2614.55408206173	782.119995117188
2616.72297823359	782.919982910156
2618.89123617017	782.919982910156
2621.058856132	782.559997558594
2623.22583837949	782.52001953125
2625.39218317288	782.760009765625
2627.55789077229	782.359985351563
2629.72296143769	782.719970703125
2631.88739542891	782.359985351563
2634.05119300563	782.719970703125
2636.21435442742	782.47998046875
2638.37687995367	782.640014648438
2640.53876984365	782.599975585938
2642.70002435649	783.400024414063
2644.86064375119	782.679992675781
2647.02062828658	782.719970703125
2649.17997822137	782.760009765625
2651.33869381413	782.599975585938
2653.49677532328	783.239990234375
2655.65422300711	782.440002441406
2657.81103712378	782.559997558594
2659.96721793127	782.880004882813
2662.12276568747	782.840026855469
2664.2776806501	782.919982910156
2666.43196307675	783.039978027344
2668.58561322486	782.47998046875
2670.73863135176	782.799987792969
2672.8910177146	783
2675.04277257043	782.880004882813
2677.19389617612	783.320007324219
2679.34438878845	782.640014648438
2681.49425066402	783.039978027344
2683.64348205931	782.599975585938
2685.79208323065	783.359985351563
2687.94005443425	782.599975585938
2690.08739592617	782.599975585938
2692.23410796233	782.840026855469
2694.38019079852	783.119995117188
2696.52564469038	782.719970703125
2698.67046989342	783.080017089844
2700.81466666302	782.960021972656
2702.9582352544	783.320007324219
2705.10117592265	783.039978027344
2707.24348892275	783.239990234375
2709.3851745095	783.080017089844
2711.5262329376	782.960021972656
2713.66666446158	783.679992675781
2715.80646933585	783.200012207031
2717.94564781468	783.359985351563
2720.08420015222	784.119995117188
2722.22212660245	783.400024414063
2724.35942741923	783.960021972656
2726.49610285628	783.960021972656
2728.63215316721	783.440002441406
2730.76757860544	783.679992675781
2732.9023794243	784.400024414063
2735.03655587697	783.640014648438
2737.17010821648	783.559997558594
2739.30303669573	784.52001953125
2741.4353415675	783.880004882813
2743.56702308442	783.719970703125
2745.69808149898	783.919982910156
2747.82851706355	783.960021972656
2749.95833003034	783.400024414063
2752.08752065145	783.039978027344
2754.21608917883	783.159973144531
2756.3440358643	783.640014648438
2758.47136095954	783.599975585938
2760.59806471609	783.440002441406
2762.72414738537	783.960021972656
2764.84960921865	783.359985351563
2766.97445046708	783.679992675781
2769.09867138166	783.760009765625
2771.22227221326	783.359985351563
2773.34525321263	783.640014648438
2775.46761463035	783.760009765625
2777.58935671691	783.679992675781
2779.71047972262	784
2781.83098389771	783.400024414063
2783.95086949221	783.440002441406
2786.07013675607	783.760009765625
2788.18878593908	783.599975585938
2790.3068172909	783.840026855469
2792.42423106106	783.719970703125
2794.54102749895	783.880004882813
2796.65720685384	783.239990234375
2798.77276937486	783.440002441406
2800.88771531098	783.960021972656
2803.00204491107	783.400024414063
2805.11575842387	783.760009765625
2807.22885609796	783.960021972656
2809.34133818179	783.320007324219
2811.4532049237	783.840026855469
2813.56445657189	783.960021972656
2815.6750933744	784.320007324219
2817.78511557916	784.47998046875
2819.89452343398	783.679992675781
2822.00331718652	784.080017089844
2824.11149708429	785.039978027344
2826.2190633747	784.840026855469
2828.32601630502	784.960021972656
2830.43235612237	784.840026855469
2832.53808307375	784.799987792969
2834.64319740603	786.320007324219
2836.74769936595	786.760009765625
2838.85158920011	786.440002441406
2840.95486715497	786.960021972656
2843.05753347689	787.760009765625
2845.15958841206	788.679992675781
2847.26103220657	790.960021972656
2849.36186510636	791.200012207031
2851.46208735724	792.119995117188
2853.56169920488	791.719970703125
2855.66070089485	791.119995117188
2857.75909267257	792.119995117188
2859.85687478332	793.679992675781
2861.95404747225	794.47998046875
2864.05061098439	794.919982910156
2866.14656556464	796.599975585938
2868.24191145777	797.119995117188
2870.3366489084	798.200012207031
2872.43077816104	799.919982910156
2874.52429946006	799.719970703125
2876.61721304971	800.280029296875
2878.70951917409	800.960021972656
2880.8012180772	801.640014648438
2882.89231000287	802.039978027344
2884.98279519483	801.239990234375
2887.07267389667	802
2889.16194635186	802.52001953125
2891.25061280373	803.599975585938
2893.33867349546	803.119995117188
2895.42612867015	802.559997558594
2897.51297857074	802.320007324219
2899.59922344003	803.359985351563
2901.68486352071	804.47998046875
2903.76989905533	804.52001953125
2905.85433028632	804.559997558594
2907.93815745598	806.679992675781
2910.02138080648	808.719970703125
2912.10400057985	809.679992675781
2914.186017018	809.080017089844
2916.26743036271	809.280029296875
2918.34824085563	812.320007324219
2920.4284487383	810.719970703125
2922.5080542521	813.039978027344
2924.58705763829	816.039978027344
2926.66545913802	816.280029296875
2928.74325899231	816.320007324219
2930.82045744202	817.200012207031
2932.89705472792	819.359985351563
2934.97305109062	820.47998046875
2937.04844677063	818.719970703125
2939.12324200832	818.679992675781
2941.19743704393	819.080017089844
2943.27103211757	815.719970703125
2945.34402746923	814.640014648438
2947.41642333876	814.719970703125
2949.48821996592	813.559997558594
2951.55941759028	812.47998046875
2953.63001645135	810.200012207031
2955.70001678845	809.280029296875
2957.76941884083	809.400024414063
2959.83822284757	809.239990234375
2961.90642904764	807.719970703125
2963.97403767988	807.919982910156
2966.04104898302	807.239990234375
2968.10746319565	807.359985351563
2970.17328055621	807.880004882813
2972.23850130305	808.440002441406
2974.30312567438	807.359985351563
2976.36715390829	805.400024414063
2978.43058624273	803.159973144531
2980.49342291553	803.200012207031
2982.55566416439	805.440002441406
2984.61731022691	804.320007324219
2986.67836134051	803.320007324219
2988.73881774255	803.280029296875
2990.79867967021	803.679992675781
2992.85794736058	801.599975585938
2994.9166210506	800.799987792969
2996.97470097711	799.52001953125
2999.03218737679	799.359985351563
3001.08908048622	798.559997558594
3003.14538054186	798.359985351563
3005.20108778002	798.559997558594
3007.25620243691	797.919982910156
3009.3107247486	797.52001953125
3011.36465495104	798.280029296875
3013.41799328004	797.919982910156
3015.47073997133	797.599975585938
3017.52289526045	797.080017089844
3019.57445938288	797
3021.62543257393	797.200012207031
3023.6758150688	798.080017089844
3025.72560710258	797.719970703125
3027.77480891021	796.840026855469
3029.82342072652	796.880004882813
3031.87144278622	795.960021972656
3033.91887532389	797.559997558594
3035.96571857399	798.47998046875
3038.01197277084	797.960021972656
3040.05763814867	799.919982910156
3042.10271494154	799.320007324219
3044.14720338344	798.960021972656
3046.19110370818	799.440002441406
3048.2344161495	799.840026855469
3050.27714094097	800.640014648438
3052.31927831608	802.239990234375
3054.36082850816	802.880004882813
3056.40179175044	803.359985351563
3058.44216827602	802.840026855469
3060.48195831786	803.320007324219
3062.52116210884	803
3064.55977988167	803.200012207031
3066.59781186897	804.400024414063
3068.63525830322	805.119995117188
3070.67211941678	804.919982910156
3072.7083954419	804.200012207031
3074.7440866107	804.119995117188
3076.77919315516	806.47998046875
3078.81371530716	806.559997558594
3080.84765329846	806.159973144531
3082.88100736068	805.559997558594
3084.91377772534	804.760009765625
3086.94596462381	804.280029296875
3088.97756828737	806.239990234375
3091.00858894714	808
3093.03902683417	807.320007324219
3095.06888217933	807.440002441406
3097.09815521342	809.280029296875
3099.12684616709	809.119995117188
3101.15495527087	808.359985351563
3103.18248275518	810.359985351563
3105.20942885031	810.239990234375
3107.23579378642	811.559997558594
3109.26157779358	809.960021972656
3111.28678110171	811.280029296875
3113.31140394062	811.440002441406
3115.33544654	814.200012207031
3117.35890912942	813.599975585938
3119.38179193832	813.359985351563
3121.40409519602	815.919982910156
3123.42581913174	815.159973144531
3125.44696397457	816.679992675781
3127.46752995345	818.039978027344
3129.48751729725	819.840026855469
3131.50692623469	817.960021972656
3133.52575699436	818.280029296875
3135.54400980476	819
3137.56168489425	821.840026855469
3139.57878249108	821.799987792969
3141.59530282337	821.320007324219
3143.61124611913	821.280029296875
3145.62661260624	823
3147.64140251247	823.840026855469
3149.65561606547	824.47998046875
3151.66925349277	827.52001953125
3153.68231502177	827.280029296875
3155.69480087977	825.47998046875
3157.70671129394	825.440002441406
3159.71804649132	828.760009765625
3161.72880669886	831.239990234375
3163.73899214336	829.440002441406
3165.74860305152	832.119995117188
3167.75763964991	833.47998046875
3169.766102165	832.239990234375
3171.77399082313	834.47998046875
3173.7813058505	836.359985351563
3175.78804747323	832.440002441406
3177.79421591731	833.400024414063
3179.79981140859	834.239990234375
3181.80483417282	834.320007324219
3183.80928443564	836
3185.81316242255	837.599975585938
3187.81646835896	838.760009765625
3189.81920247013	838.200012207031
3191.82136498122	838.919982910156
3193.82295611727	838.919982910156
3195.82397610321	842.559997558594
3197.82442516385	839.080017089844
3199.82430352386	839.039978027344
3201.82361140782	840.960021972656
3203.82234904018	842.280029296875
3205.82051664529	842.719970703125
3207.81811444735	846.400024414063
3209.81514267047	847.280029296875
3211.81160153863	843.599975585938
3213.80749127571	842.719970703125
3215.80281210545	844.960021972656
3217.79756425148	843.440002441406
3219.79174793733	845
3221.7853633864	846.200012207031
3223.77841082196	845.719970703125
3225.77089046719	844.47998046875
3227.76280254513	849.760009765625
3229.75414727873	850
3231.74492489081	851.080017089844
3233.73513560406	849.359985351563
3235.72477964107	849.080017089844
3237.71385722431	848.840026855469
3239.70236857614	849.119995117188
3241.6903139188	850.039978027344
3243.6776934744	851
3245.66450746496	849.640014648438
3247.65075611237	848.440002441406
3249.63643963841	849.119995117188
3251.62155826472	850.960021972656
3253.60611221287	847.799987792969
3255.59010170428	848.47998046875
3257.57352696026	854.280029296875
3259.55638820202	852.200012207031
3261.53868565064	852.159973144531
3263.52041952708	848.119995117188
3265.50159005221	848.400024414063
3267.48219744676	848.919982910156
3269.46224193136	851.359985351563
3271.44172372651	854.840026855469
3273.42064305262	849.559997558594
3275.39900012996	852.919982910156
3277.3767951787	851.679992675781
3279.35402841889	853.159973144531
3281.33070007047	855.719970703125
3283.30681035326	854.159973144531
3285.28235948698	852.400024414063
3287.25734769121	851.359985351563
3289.23177518544	851
3291.20564218903	850.080017089844
3293.17894892124	851.679992675781
3295.1516956012	851.200012207031
3297.12388244795	852
3299.09550968039	851.640014648438
3301.06657751732	851.320007324219
3303.03708617743	850.200012207031
3305.00703587929	850.359985351563
3306.97642684135	851.960021972656
3308.94525928196	856.200012207031
3310.91353341935	851.47998046875
3312.88124947164	851.559997558594
3314.84840765683	852.200012207031
3316.81500819282	851.679992675781
3318.78105129738	849.960021972656
3320.74653718818	848.52001953125
3322.71146608278	847.440002441406
3324.67583819861	849.119995117188
3326.639653753	850.559997558594
3328.60291296317	852.239990234375
3330.56561604621	853.280029296875
3332.52776321913	851.200012207031
3334.4893546988	848.760009765625
3336.45039070198	849.200012207031
3338.41087144533	846.239990234375
3340.37079714539	851.719970703125
3342.33016801859	850.039978027344
3344.28898428124	850.960021972656
3346.24724614955	849.239990234375
3348.20495383962	849.280029296875
3350.16210756742	851.559997558594
3352.11870754883	849.880004882813
3354.07475399961	849.320007324219
3356.03024713539	851.840026855469
3357.98518717173	856.039978027344
3359.93957432403	854.640014648438
3361.89340880761	853.47998046875
3363.84669083768	849.239990234375
3365.79942062933	846
3367.75159839753	846.080017089844
3369.70322435715	848.280029296875
3371.65429872295	851.719970703125
3373.60482170957	849.559997558594
3375.55479353155	850.679992675781
3377.50421440332	852.719970703125
3379.45308453918	853.119995117188
3381.40140415335	852.400024414063
3383.34917345991	856.039978027344
3385.29639267284	853.640014648438
3387.24306200602	850.719970703125
3389.18918167321	849.159973144531
3391.13475188806	851.039978027344
3393.07977286411	853.719970703125
3395.02424481479	850.080017089844
3396.96816795342	850.919982910156
3398.91154249322	850.960021972656
3400.85436864728	850.799987792969
3402.79664662859	849.400024414063
3404.73837665004	850
3406.67955892439	850.960021972656
3408.62019366432	852.440002441406
3410.56028108236	855.960021972656
3412.49982139096	854.640014648438
3414.43881480247	850.880004882813
3416.37726152909	853.440002441406
3418.31516178295	851.880004882813
3420.25251577605	852.039978027344
3422.18932372029	853.960021972656
3424.12558582746	851.760009765625
3426.06130230922	851.280029296875
3427.99647337717	847.719970703125
3429.93109924274	848.47998046875
3431.8651801173	849.52001953125
3433.79871621209	848.719970703125
3435.73170773824	851.119995117188
3437.66415490678	850.760009765625
3439.59605792862	849.440002441406
3441.52741701458	850.559997558594
3443.45823237536	850.47998046875
3445.38850422154	848.080017089844
3447.31823276362	847.719970703125
3449.24741821196	850.599975585938
3451.17606077684	852.599975585938
3453.10416066842	850.47998046875
3455.03171809674	850.159973144531
3456.95873327175	847.080017089844
3458.88520640329	850.47998046875
3460.81113770109	850.919982910156
3462.73652737477	846.359985351563
3464.66137563383	845.679992675781
3466.58568268769	847.400024414063
3468.50944874565	843.799987792969
3470.43267401689	842.960021972656
3472.3553587105	846.080017089844
3474.27750303545	840.640014648438
3476.19910720062	841.320007324219
3478.12017141476	843.640014648438
3480.04069588654	845.119995117188
3481.9606808245	843.239990234375
3483.88012643707	845.440002441406
3485.79903293259	845.679992675781
3487.7174005193	843.760009765625
3489.63522940532	841.919982910156
3491.55251979864	836.47998046875
3493.46927190719	835.119995117188
3495.38548593877	835.679992675781
3497.30116210107	833.400024414063
3499.21630060167	833.280029296875
3501.13090164807	833.280029296875
3503.04496544763	832.559997558594
3504.95849220763	834.280029296875
3506.87148213523	829.760009765625
3508.78393543748	830.52001953125
3510.69585232134	831.200012207031
3512.60723299365	827.52001953125
3514.51807766116	824.440002441406
3516.42838653049	827.679992675781
3518.33815980819	829.239990234375
3520.24739770066	827.880004882813
3522.15610041423	827.880004882813
3524.06426815511	827.039978027344
3525.9719011294	825.440002441406
3527.87899954311	823.119995117188
3529.78556360213	824.039978027344
3531.69159351225	824.559997558594
3533.59708947916	824.679992675781
3535.50205170844	823.840026855469
3537.40648040556	820.400024414063
3539.3103757759	818.919982910156
3541.21373802472	819.880004882813
3543.11656735717	819.080017089844
3545.01886397833	819.47998046875
3546.92062809313	818.039978027344
3548.82185990643	817.960021972656
3550.72255962297	815.760009765625
3552.62272744738	816.440002441406
3554.5223635842	815.400024414063
3556.42146823786	816
3558.32004161268	817.200012207031
3560.21808391289	816.52001953125
3562.11559534259	814.760009765625
3564.01257610581	811.919982910156
3565.90902640645	811.52001953125
3567.80494644831	811.960021972656
3569.7003364351	811.799987792969
3571.59519657042	810.840026855469
3573.48952705774	811.559997558594
3575.38332810048	811.239990234375
3577.27659990191	811.039978027344
3579.16934266521	809.840026855469
3581.06155659346	810.080017089844
3582.95324188965	809.159973144531
3584.84439875663	808.320007324219
3586.73502739718	808.52001953125
3588.62512801397	808.239990234375
3590.51470080955	805.47998046875
3592.40374598639	805.400024414063
3594.29226374685	805.52001953125
3596.18025429317	803.719970703125
3598.06771782751	804.239990234375
3599.95465455192	804.400024414063
3601.84106466834	802.320007324219
3603.72694837861	802.799987792969
3605.61230588447	803.960021972656
3607.49713738756	804.47998046875
3609.38144308942	803.47998046875
3611.26522319148	803.280029296875
3613.14847789506	802
3615.0312074014	800.679992675781
3616.91341191162	800.239990234375
3618.79509162674	798.880004882813
3620.67624674769	800.47998046875
3622.55687747528	800.599975585938
3624.43698401024	801.200012207031
3626.31656655317	800
3628.1956253046	798.719970703125
3630.07416046492	798.840026855469
3631.95217223446	798.359985351563
3633.82966081342	796.840026855469
3635.70662640191	796.280029296875
3637.58306919993	798.359985351563
3639.45898940739	797.039978027344
3641.33438722409	795.760009765625
3643.20926284973	795.52001953125
3645.08361648392	795.320007324219
3646.95744832614	793.840026855469
3648.8307585758	794.679992675781
3650.7035474322	795
3652.57581509452	793.840026855469
3654.44756176188	792.400024414063
3656.31878763324	793
3658.18949290753	792.159973144531
3660.05967778352	791.880004882813
3661.9293424599	791.47998046875
3663.79848713527	790.679992675781
3665.66711200812	790.159973144531
3667.53521727684	791.239990234375
3669.40280313972	790.080017089844
3671.26986979494	788.799987792969
3673.13641744059	789
3675.00244627468	789.239990234375
