-140.373595351881	778.52001953125
-137.335129063906	778.760009765625
-134.297686810867	778.719970703125
-131.261268103955	778.52001953125
-128.225872454677	778.760009765625
-125.191499374839	778.440002441406
-122.158148376567	778.440002441406
-119.125818972292	778.760009765625
-116.094510674759	778.559997558594
-113.064222997021	778.679992675781
-110.034955452443	779.039978027344
-107.006707554687	779.200012207031
-103.979478817741	778.880004882813
-100.95326875589	778.719970703125
-97.928076883731	778.679992675781
-94.9039027161698	778.679992675781
-91.8807457684175	778.640014648438
-88.8586055560018	778.47998046875
-85.8374815947384	778.719970703125
-82.8173734007715	778.799987792969
-79.7982804905411	779.080017089844
-76.7802023807988	778.640014648438
-73.7631385885914	778.760009765625
-70.7470886312892	779.280029296875
-67.732052026553	778.880004882813
-64.7180282923587	778.640014648438
-61.7050169469884	778.400024414063
-58.6930175090183	778.640014648438
-55.6820294973386	778.640014648438
-52.6720524311495	778.799987792969
-49.66308582994	778.880004882813
-46.6551292135171	778.840026855469
-43.6481821019882	778.760009765625
-40.6422440157577	778.880004882813
-37.6373144755424	778.640014648438
-34.6333930023594	778.760009765625
-31.630479117526	778.919982910156
-28.6285723426709	778.840026855469
-25.6276721997107	778.840026855469
-22.6277782108771	779.039978027344
-19.628889898701	778.840026855469
-16.6310067860081	779.440002441406
-13.6341283959385	778.960021972656
-10.6382542519231	782.760009765625
-7.64338387769432	798.320007324219
-4.64951679729502	830.919982910156
-1.65665253506141	841.47998046875
1.33520938438089	825.960021972656
4.32606943608095	792.640014648438
7.315928094803	780.440002441406
10.3047858350146	779.400024414063
13.2926431308747	778.599975585938
16.2795004562541	778.599975585938
19.2653582847118	778.919982910156
22.2502170895187	778.719970703125
25.2340773436344	778.119995117188
28.216939519735	778.919982910156
31.1988040901939	778.200012207031
34.1796715270814	778.760009765625
37.1595423021732	778.760009765625
40.1384168869468	778.599975585938
43.1162957525854	778.559997558594
46.0931793699786	778.47998046875
49.0690682097059	779.080017089844
52.0439627420619	778.719970703125
55.0178634370476	778.799987792969
57.9907707643592	778.320007324219
60.9626851933962	778.640014648438
63.9336071932735	779
66.9035372328018	778.799987792969
69.8724757804959	778.880004882813
72.8404233045826	778.840026855469
75.8073802729932	778.52001953125
78.7733471533597	778.840026855469
81.738324413019	778.559997558594
84.702312519025	778.47998046875
87.665311938125	778.559997558594
90.6273231367761	778.840026855469
93.5883465811569	778.919982910156
96.5483827371242	778.880004882813
99.5074320702731	778.719970703125
102.465495045889	778.880004882813
105.422572128961	778.880004882813
108.378663784199	778.799987792969
111.333770476014	778.960021972656
114.287892668528	778.440002441406
117.24103082557	778.880004882813
120.193185410674	779.080017089844
123.144356887097	779.320007324219
126.094545717786	779.239990234375
129.043752365413	779.679992675781
131.991977292355	780.159973144531
134.939220960695	780.239990234375
137.885483832232	780.159973144531
140.83076636847	781
143.775069030632	781.400024414063
146.718392279644	781.960021972656
149.660736576149	782.359985351563
152.602102380488	782.919982910156
155.54249015274	783.400024414063
158.481900352672	783.960021972656
161.420333439765	784.640014648438
164.357789873227	784.559997558594
167.294270111968	785.599975585938
170.229774614617	786.359985351563
173.164303839496	786.280029296875
176.097858244675	788.080017089844
179.030438287908	788.599975585938
181.962044426678	789.719970703125
184.89267711817	789.280029296875
187.822336819302	789.919982910156
190.751023986678	791.280029296875
193.678739076648	791.359985351563
196.605482545255	792.559997558594
199.531254848261	793.719970703125
202.456056441152	793.400024414063
205.379887779119	793.320007324219
208.30274931708	792.400024414063
211.224641509656	792.679992675781
214.145564811189	792.919982910156
217.06551967574	793.679992675781
219.984506557089	793.640014648438
222.902525908723	793.880004882813
225.819578183856	793.400024414063
228.735663835415	792.640014648438
231.650783316047	792.080017089844
234.564937078107	792.880004882813
237.478125573679	792.440002441406
240.390349254566	793.320007324219
243.301608572278	793
246.211903978051	793.52001953125
249.121235922839	794
252.029604857321	794.119995117188
254.93701123188	794.960021972656
257.843455496632	795.119995117188
260.748938101415	795.47998046875
263.653459495766	796.840026855469
266.557020128967	797.200012207031
269.459620450005	797.200012207031
272.361260907595	798.440002441406
275.261941950168	798.320007324219
278.161664025874	798.840026855469
281.060427582592	798.119995117188
283.958233067921	798.799987792969
286.855080929176	797.200012207031
289.750971613398	798.280029296875
292.645905567344	797.640014648438
295.539883237503	798.080017089844
298.432905070079	796.799987792969
301.324971511007	796.919982910156
304.216083005931	797.840026855469
307.10624000023	797.799987792969
309.995442939003	799.640014648438
312.883692267071	802.960021972656
315.770988428979	812.440002441406
318.657331869	821.799987792969
321.542723031127	828.960021972656
324.427162359076	825.52001953125
327.310650296293	817.400024414063
330.193187285945	809.320007324219
333.074773770929	803.080017089844
335.955410193855	801.159973144531
338.835096997075	799.119995117188
341.713834622655	798.400024414063
344.59162351239	797.239990234375
347.468464107802	796.400024414063
350.344356850137	796
353.219302180373	795.640014648438
356.093300539208	795.799987792969
358.966352367073	795.280029296875
361.838458104123	794
364.70961819024	794.47998046875
367.579833065031	794.239990234375
370.449103167837	795.960021972656
373.317428937727	795.159973144531
376.184810813496	796.280029296875
379.051249233659	795.47998046875
381.916744636474	795.119995117188
384.78129745992	794.359985351563
387.644908141706	794.47998046875
390.50757711927	793.880004882813
393.36930482978	795.559997558594
396.23009171014	795.080017089844
399.089938196969	795.840026855469
401.948844726631	795.880004882813
404.806811735214	795.119995117188
407.66383965853	795.280029296875
410.519928932138	795.080017089844
413.375079991314	794.919982910156
416.229293271071	794.840026855469
419.082569206155	795.119995117188
421.934908231031	794.919982910156
424.786310779917	795.039978027344
427.636777286748	795.47998046875
430.486308185189	794.200012207031
433.334903908649	794.359985351563
436.182564890262	795.440002441406
439.029291562898	795.559997558594
441.875084359157	795.080017089844
444.719943711374	794.840026855469
447.563870051618	795.679992675781
450.406863811695	794.840026855469
453.248925423132	794.640014648438
456.090055317208	794.440002441406
458.93025392492	794.52001953125
461.76952167701	794.440002441406
464.60785900395	795.559997558594
467.44526633595	795.239990234375
470.281744102955	795.440002441406
473.117292734635	794.719970703125
475.951912660415	794.52001953125
478.785604309439	795.47998046875
481.618368110592	795.039978027344
484.450204492499	795.200012207031
487.281113883518	795.47998046875
490.111096711738	794.599975585938
492.940153404999	795.47998046875
495.768284390864	795.440002441406
498.595490096635	794.760009765625
501.421770949366	794.599975585938
504.247127375825	795.280029296875
507.071559802537	795.080017089844
509.89506865575	795.679992675781
512.717654361473	796.320007324219
515.539317345424	794.919982910156
518.360058033083	795.440002441406
521.179876849652	795.760009765625
523.998774220083	795.239990234375
526.816750569068	795.47998046875
529.633806321025	796.400024414063
532.44994190013	795.799987792969
535.265157730284	795
538.079454235133	794.239990234375
540.892831838066	794.760009765625
543.705290962208	793.840026855469
546.516832030424	795.760009765625
549.32745546533	794.599975585938
552.137161689268	794.880004882813
554.945951124325	795.440002441406
557.753824192341	795.359985351563
560.560781314883	794.919982910156
563.36682291327	794.919982910156
566.171949408555	795.159973144531
568.976161221537	794.840026855469
571.779458772759	794.400024414063
574.5818424825	794.919982910156
577.383312770792	794.640014648438
580.183870057402	794.239990234375
582.983514761843	794.760009765625
585.782247303363	795.400024414063
588.580068100976	795
591.376977573414	794.359985351563
594.172976139164	794.640014648438
596.968064216463	793.719970703125
599.762242223282	794.52001953125
602.555510577335	795
605.347869696099	794.359985351563
608.139319996771	795
610.929861896313	793.440002441406
613.719495811421	792.640014648438
616.508222158541	794.359985351563
619.296041353863	794.320007324219
622.082953813324	795.119995117188
624.868959952607	794.280029296875
627.654060187137	794.119995117188
630.438254932094	793.880004882813
633.221544602397	794.239990234375
636.003929612719	794.840026855469
638.785410377468	793.799987792969
641.565987310814	795.400024414063
644.345660826665	795.640014648438
647.124431338674	794.960021972656
649.902299260252	794.640014648438
652.679265004552	793.919982910156
655.455328984475	793.599975585938
658.230491612671	794.320007324219
661.004753301541	793.960021972656
663.778114463229	794.039978027344
666.550575509631	794.200012207031
669.322136852395	795.440002441406
672.092798902916	794.200012207031
674.862562072336	794.960021972656
677.631426771548	794.799987792969
680.399393411204	794.640014648438
683.166462401689	794.119995117188
685.93263415315	795
688.697909075486	794.679992675781
691.462287578337	794.52001953125
694.225770071098	794.159973144531
696.988356962926	794.200012207031
699.750048662705	794.280029296875
702.5108455791	794.799987792969
705.270748120503	794.559997558594
708.029756695068	794.080017089844
710.787871710705	793.719970703125
713.545093575065	794.47998046875
716.301422695566	794.919982910156
719.056859479364	794.159973144531
721.811404333376	794.400024414063
724.56505766427	795.440002441406
727.317819878473	795.440002441406
730.069691382148	795.960021972656
732.820672581226	794.960021972656
735.570763881396	794.719970703125
738.319965688092	794.679992675781
741.068278406496	796.159973144531
743.815702441559	795.880004882813
746.562238197974	794.47998046875
749.307886080196	795.320007324219
752.052646492436	795.039978027344
754.796519838656	795.039978027344
757.539506522567	795.159973144531
760.28160694765	794.880004882813
763.022821517128	795.039978027344
765.76315063399	794.599975585938
768.502594700972	795.080017089844
771.241154120572	795
773.978829295045	795.47998046875
776.715620626397	796.359985351563
779.451528516396	796.919982910156
782.186553366565	796.840026855469
784.920695578179	796.640014648438
787.653955552283	797.559997558594
790.386333689662	796.280029296875
793.117830390877	795.840026855469
795.848446056227	796.039978027344
798.578181085792	795.200012207031
801.307035879389	795.47998046875
804.035010836599	794.080017089844
806.762106356774	794.880004882813
809.488322839013	795.640014648438
812.213660682169	794.840026855469
814.938120284866	794.320007324219
817.661702045482	795.799987792969
820.384406362153	795
823.10623363278	794.52001953125
825.827184255014	794.200012207031
828.547258626283	795.320007324219
831.266457143747	794.840026855469
833.984780204358	795.159973144531
836.702228204804	794.440002441406
839.418801541552	795.400024414063
842.134500610814	794.400024414063
844.849325808575	794.559997558594
847.563277530579	795.159973144531
850.276356172319	795
852.988562129066	795.359985351563
855.69989579585	795.359985351563
858.410357567456	795.679992675781
861.119947838428	794.640014648438
863.828667003087	794.280029296875
866.536515455503	794.640014648438
869.243493589517	792.880004882813
871.949601798728	794.159973144531
874.654840476504	794.200012207031
877.359210015961	795
880.062710810003	794.679992675781
882.765343251273	794.400024414063
885.467107732191	794.719970703125
888.168004644938	793.960021972656
890.868034381467	794.200012207031
893.567197333476	795.280029296875
896.265493892445	794.919982910156
898.962924449614	794.119995117188
901.659489395985	794.440002441406
904.355189122325	794.320007324219
907.050024019165	794.559997558594
909.743994476809	795.119995117188
912.437100885322	794.679992675781
915.129343634532	794.440002441406
917.820723114032	794.119995117188
920.511239713189	793.919982910156
923.200893821127	794.359985351563
925.889685826744	794.359985351563
928.577616118699	795.320007324219
931.264685085419	794.919982910156
933.950893115098	795.280029296875
936.6362405957	795.559997558594
939.320727914956	795.159973144531
942.004355460359	795.960021972656
944.687123619173	795.320007324219
947.369032778431	795.159973144531
950.050083324934	794.200012207031
952.730275645247	794.320007324219
955.409610125711	794.719970703125
958.088087152423	794.799987792969
960.765707111263	794.880004882813
963.442470387871	794.320007324219
966.118377367657	794.200012207031
968.793428435798	794.640014648438
971.467623977254	794.799987792969
974.140964376739	795.400024414063
976.813450018737	794.52001953125
979.485081287511	794.359985351563
982.155858567087	794.47998046875
984.825782241271	794.280029296875
987.494852693624	793.200012207031
990.163070307487	794.239990234375
992.830435465978	793.960021972656
995.496948551973	794
998.162609948122	795
1000.82742003685	796.119995117188
1003.49137920036	798.039978027344
1006.15448782061	798.400024414063
1008.81674627934	796.52001953125
1011.47815495806	794.960021972656
1014.13871423805	793.760009765625
1016.79842450037	793.320007324219
1019.45728612586	794.239990234375
1022.11529949509	793.799987792969
1024.77246498846	792.919982910156
1027.4287829861	793.719970703125
1030.08425386792	794.760009765625
1032.73887801363	794.599975585938
1035.3926558027	794.159973144531
1038.04558761435	793.280029296875
1040.69767382761	793.919982910156
1043.34891482125	794.440002441406
1045.99931097384	793.559997558594
1048.64886266371	793.640014648438
1051.29757026898	794
1053.94543416753	795.159973144531
1056.59245473701	793.640014648438
1059.23863235486	794.119995117188
1061.8839673983	793.760009765625
1064.5284602443	793.400024414063
1067.17211126962	793.840026855469
1069.8149208508	794.47998046875
1072.45688936415	793.440002441406
1075.09801718577	793.52001953125
1077.7383046915	794.640014648438
1080.377752257	794.119995117188
1083.01636025767	794.679992675781
1085.65412906872	794
1088.2910590651	794.280029296875
1090.92715062157	795.359985351563
1093.56240411266	796.320007324219
1096.19681991265	795.840026855469
1098.83039839564	795.679992675781
1101.46313993547	795.599975585938
1104.09504490579	796
1106.72611368	794.239990234375
1109.35634663129	793.679992675781
1111.98574413263	793.039978027344
1114.61430655677	792.400024414063
1117.24203427624	792.880004882813
1119.86892766333	793.320007324219
1122.49498709014	793.280029296875
1125.12021292851	793.280029296875
1127.74460555011	793.760009765625
1130.36816532634	793.440002441406
1132.99089262841	793.919982910156
1135.6127878273	793.239990234375
1138.23385129376	792.760009765625
1140.85408339834	792.679992675781
1143.47348451137	792.239990234375
1146.09205500294	790.440002441406
1148.70979524293	791.880004882813
1151.326705601	791.880004882813
1153.9427864466	791.760009765625
1156.55803814896	791.919982910156
1159.17246107707	792.359985351563
1161.78605559974	792.47998046875
1164.39882208551	792.679992675781
1167.01076090276	792.960021972656
1169.6218724196	791.679992675781
1172.23215700396	792.640014648438
1174.84161502352	793
1177.45024684578	792.359985351563
1180.05805283799	791.440002441406
1182.66503336719	791.840026855469
1185.27118880021	793.080017089844
1187.87651950367	792.280029296875
1190.48102584395	792.719970703125
1193.08470818723	791.679992675781
1195.68756689948	792.239990234375
1198.28960234643	792.640014648438
1200.89081489363	792.840026855469
1203.49120490636	793.400024414063
1206.09077274974	793.039978027344
1208.68951878864	793.919982910156
1211.28744338773	794.039978027344
1213.88454691145	794.280029296875
1216.48082972404	794.239990234375
1219.07629218953	793.359985351563
1221.6709346717	792.799987792969
1224.26475753416	794.719970703125
1226.85776114028	795.799987792969
1229.44994585322	795.440002441406
1232.04131203592	796.280029296875
1234.63186005112	796.239990234375
1237.22159026133	795.760009765625
1239.81050302886	795.799987792969
1242.3985987158	797.080017089844
1244.98587768402	797.200012207031
1247.5723402952	796.840026855469
1250.15798691078	797.760009765625
1252.74281789199	797.359985351563
1255.32683359987	796.679992675781
1257.91003439523	796.679992675781
1260.49242063865	797.239990234375
1263.07399269055	796.159973144531
1265.65475091108	796.280029296875
1268.23469566021	795.919982910156
1270.81382729769	796.919982910156
1273.39214618306	796.440002441406
1275.96965267566	796.200012207031
1278.54634713458	795.200012207031
1281.12222991875	794.280029296875
1283.69730138685	795.679992675781
1286.27156189737	795.679992675781
1288.84501180858	795.200012207031
1291.41765147853	795.559997558594
1293.98948126509	796.919982910156
1296.56050152589	796.52001953125
1299.13071261837	797.159973144531
1301.70011489973	797
1304.268708727	795.799987792969
1306.83649445698	797.280029296875
1309.40347244625	796
1311.96964305119	796.760009765625
1314.53500662799	796.760009765625
1317.0995635326	797.599975585938
1319.66331412077	795.840026855469
1322.22625874806	797.080017089844
1324.7883977698	796.47998046875
1327.34973154112	796.52001953125
1329.91026041694	796.280029296875
1332.46998475197	796.799987792969
1335.0289049007	797.799987792969
1337.58702121746	798
1340.14433405631	797.760009765625
1342.70084377115	798.239990234375
1345.25655071563	797.47998046875
1347.81145524323	795.760009765625
1350.36555770721	794.52001953125
1352.91885846062	794.679992675781
1355.47135785631	793.400024414063
1358.02305624691	793.559997558594
1360.57395398486	794.440002441406
1363.12405142237	793.280029296875
1365.67334891148	793.080017089844
1368.22184680399	794.039978027344
1370.76954545151	794
1373.31644520545	792.960021972656
1375.86254641699	792.960021972656
1378.40784943713	793.320007324219
1380.95235461666	792.760009765625
1383.49606230615	793.760009765625
1386.03897285598	792.400024414063
1388.58108661632	793.039978027344
1391.12240393713	792.960021972656
1393.66292516818	792.760009765625
1396.20265065903	792.159973144531
1398.74158075901	792.200012207031
1401.2797158173	792.039978027344
1403.81705618282	792.640014648438
1406.35360220431	792.080017089844
1408.88935423032	792.080017089844
1411.42431260919	792.640014648438
1413.95847768903	791.239990234375
1416.49184981777	791.159973144531
1419.02442934314	791.440002441406
1421.55621661266	793
1424.08721197364	792.919982910156
1426.61741577321	792.760009765625
1429.14682835828	792.039978027344
1431.67545007555	792.159973144531
1434.20328127153	792.119995117188
1436.73032229253	793.359985351563
1439.25657348466	792.799987792969
1441.78203519381	795.119995117188
1444.3067077657	796.47998046875
1446.83059154581	796.359985351563
1449.35368687944	796.679992675781
1451.8759941117	797.719970703125
1454.39751358748	796.919982910156
1456.91824565148	796.599975585938
1459.43819064818	795.559997558594
1461.95734892189	796.159973144531
1464.4757208167	794.840026855469
1466.99330667649	793.679992675781
1469.51010684497	794.599975585938
1472.02612166564	792.599975585938
1474.54135148177	793.47998046875
1477.05579663646	792.200012207031
1479.56945747262	792.840026855469
1482.08233433293	793
1484.59442755989	792.400024414063
1487.10573749579	792.52001953125
1489.61626448275	792.280029296875
1492.12600886264	791.159973144531
1494.63497097718	791.719970703125
1497.14315116786	790.559997558594
1499.65054977599	789.52001953125
1502.15716714267	789.200012207031
1504.66300360881	788.960021972656
1507.16805951512	788.400024414063
1509.67233520211	788.47998046875
1512.1758310101	789.080017089844
1514.67854727919	788.400024414063
1517.18048434931	788.919982910156
1519.68164256018	788.039978027344
1522.18202225132	788.320007324219
1524.68162376207	788.599975585938
1527.18044743155	789.159973144531
1529.67849359869	788.039978027344
1532.17576260224	788
1534.67225478072	788.359985351563
1537.1679704725	788.359985351563
1539.66291001572	788.239990234375
1542.15707374832	788.039978027344
1544.65046200807	788.559997558594
1547.14307513254	788.119995117188
1549.63491345907	788.599975585938
1552.12597732485	789.200012207031
1554.61626706685	788.760009765625
1557.10578302185	789.200012207031
1559.59452552644	789.159973144531
1562.082494917	789.799987792969
1564.56969152973	789.799987792969
1567.05611570064	789.640014648438
1569.54176776552	790.679992675781
1572.02664806	791.400024414063
1574.51075691949	791.760009765625
1576.99409467921	792.280029296875
1579.4766616742	792.039978027344
1581.95845823929	791.039978027344
1584.43948470912	791.400024414063
1586.91974141815	791.200012207031
1589.39922870064	791.359985351563
1591.87794689064	790.960021972656
1594.35589632202	790.919982910156
1596.83307732848	790.960021972656
1599.30949024348	791.52001953125
1601.78513540033	791.599975585938
1604.26001313211	791.760009765625
1606.73412377175	791.880004882813
1609.20746765196	791.880004882813
1611.68004510526	791.760009765625
1614.15185646398	792.679992675781
1616.62290206026	791.960021972656
1619.09318222605	792.52001953125
1621.56269729311	793.159973144531
1624.031447593	793.280029296875
1626.4994334571	793.52001953125
1628.9666552166	794.200012207031
1631.43311320248	793.080017089844
1633.89880774554	794
1636.3637391764	793.239990234375
1638.82790782548	793.760009765625
1641.29131402301	794.440002441406
1643.75395809903	795.52001953125
1646.21584038339	795.799987792969
1648.67696120575	796.559997558594
1651.13732089558	797.359985351563
1653.59691978216	797.960021972656
1656.05575819459	797.52001953125
1658.51383646175	796.719970703125
1660.97115491238	797
1663.42771387498	796.599975585938
1665.8835136779	796.799987792969
1668.33855464928	797
1670.79283711708	796.640014648438
1673.24636140907	795.159973144531
1675.69912785282	794.679992675781
1678.15113677572	794.960021972656
1680.602388505	794.880004882813
1683.05288336764	792.840026855469
1685.50262169049	792.679992675781
1687.95160380019	791.799987792969
1690.39983002318	790.559997558594
1692.84730068573	790.400024414063
1695.29401611392	789.960021972656
1697.73997663364	789.159973144531
1700.18518257059	788.719970703125
1702.6296342503	788.47998046875
1705.07333199807	788.080017089844
1707.51627613907	787.47998046875
1709.95846699824	787.47998046875
1712.39990490036	786.840026855469
1714.84059017001	786.840026855469
1717.28052313159	787.239990234375
1719.7197041093	785.760009765625
1722.15813342718	786.400024414063
1724.59581140906	786.080017089844
1727.03273837859	785.440002441406
1729.46891465926	785.080017089844
1731.90434057432	785.799987792969
1734.3390164469	785.159973144531
1736.7729425999	785.679992675781
1739.20611935604	785.760009765625
1741.63854703787	784.919982910156
1744.07022596776	785.880004882813
1746.50115646787	785
1748.93133886019	785.47998046875
1751.36077346652	785.320007324219
1753.7894606085	785.239990234375
1756.21740060755	784.52001953125
1758.64459378494	784.440002441406
1761.07104046172	784.840026855469
1763.49674095879	784.640014648438
1765.92169559684	784.760009765625
1768.3459046964	784.840026855469
1770.7693685778	784.960021972656
1773.1920875612	784.440002441406
1775.61406196656	784.159973144531
1778.03529211367	784.47998046875
1780.45577832214	784.359985351563
1782.87552091138	784.320007324219
1785.29452020064	784.119995117188
1787.71277650897	784.119995117188
1790.13029015525	783.960021972656
1792.54706145817	784.760009765625
1794.96309073625	784.359985351563
1797.3783783078	783.599975585938
1799.79292449097	784.080017089844
1802.20672960375	784.080017089844
1804.61979396389	784.159973144531
1807.03211788902	784.039978027344
1809.44370169655	784.159973144531
1811.85454570373	783.799987792969
1814.2646502276	783.919982910156
1816.67401558506	784.200012207031
1819.0826420928	783.960021972656
1821.49053006734	784.559997558594
1823.89767982501	783.679992675781
1826.30409168198	784.52001953125
1828.70976595422	783.719970703125
1831.11470295753	783.760009765625
1833.51890300752	783.47998046875
1835.92236641964	783.599975585938
1838.32509350914	783.47998046875
1840.72708459111	783.400024414063
1843.12833998044	783.47998046875
1845.52885999184	784
1847.92864493987	783.880004882813
1850.32769513889	783.880004882813
1852.72601090307	783.359985351563
1855.12359254642	783.679992675781
1857.52044038278	783.840026855469
1859.91655472578	783.559997558594
1862.31193588889	784
1864.70658418542	783.719970703125
1867.10049992847	783.760009765625
1869.49368343096	783.359985351563
1871.88613500568	784.320007324219
1874.27785496518	784.200012207031
1876.66884362188	782.679992675781
1879.059101288	783.840026855469
1881.44862827559	784.119995117188
1883.8374248965	783.359985351563
1886.22549146246	783.799987792969
1888.61282828495	783.080017089844
1890.99943567534	783.559997558594
1893.38531394477	783.320007324219
1895.77046340424	783.840026855469
1898.15488436455	783.880004882813
1900.53857713634	784.200012207031
1902.92154203006	784.159973144531
1905.303779356	783.359985351563
1907.68528942426	783.359985351563
1910.06607254477	783.52001953125
1912.44612902729	783.599975585938
1914.82545918139	784
1917.20406331648	783.799987792969
1919.58194174178	783.320007324219
1921.95909476634	783.159973144531
1924.33552269905	783.47998046875
1926.71122584861	783.840026855469
1929.08620452353	784.080017089844
1931.46045903219	783.080017089844
1933.83398968275	783.760009765625
1936.20679678322	783.640014648438
1938.57888064142	783.599975585938
1940.95024156502	783.840026855469
1943.3208798615	783.359985351563
1945.69079583816	783.640014648438
1948.05998980213	783.960021972656
1950.42846206038	783.799987792969
1952.79621291969	783.280029296875
1955.16324268668	783.47998046875
1957.52955166778	783.880004882813
1959.89514016927	783.880004882813
1962.26000849723	784.039978027344
1964.62415695759	783.359985351563
1966.98758585609	784
1969.3502954983	783.559997558594
1971.71228618964	784.159973144531
1974.07355823532	783.799987792969
1976.43411194042	783.599975585938
1978.79394760981	783.440002441406
1981.1530655482	783.719970703125
1983.51146606014	784.200012207031
1985.86914944999	784.159973144531
1988.22611602196	783.599975585938
1990.58236608007	783.719970703125
1992.93789992817	783.200012207031
1995.29271786995	783.039978027344
1997.64682020892	783.52001953125
2000.00020724843	783.919982910156
2002.35287929162	783.599975585938
2004.70483664152	783.679992675781
2007.05607960095	783.799987792969
2009.40660847256	783.919982910156
2011.75642355884	783.719970703125
2014.1055251621	784
2016.4539135845	783.440002441406
2018.80158912802	784.200012207031
2021.14855209444	783.919982910156
2023.49480278542	783.880004882813
2025.84034150242	783.880004882813
2028.18516854673	783.719970703125
2030.52928421948	784.320007324219
2032.87268882163	783.840026855469
2035.21538265398	783.960021972656
2037.55736601713	784.200012207031
2039.89863921153	784.039978027344
2042.23920253747	784.039978027344
2044.57905629506	783.320007324219
2046.91820078425	783.440002441406
2049.2566363048	784.280029296875
2051.59436315633	783.799987792969
2053.93138163827	783.919982910156
2056.2676920499	784.760009765625
2058.6032946903	784.119995117188
2060.93818985843	783.47998046875
2063.27237785303	783.880004882813
2065.60585897272	783.52001953125
2067.93863351592	783.359985351563
2070.27070178089	783.880004882813
2072.60206406574	784.159973144531
2074.93272066838	784.039978027344
2077.26267188658	784.039978027344
2079.59191801793	783.919982910156
2081.92045935985	783.679992675781
2084.24829620962	784
2086.57542886431	784.280029296875
2088.90185762087	783.559997558594
2091.22758277604	783.799987792969
2093.55260462643	784.359985351563
2095.87692346845	784.200012207031
2098.20053959837	783.719970703125
2100.52345331229	784.280029296875
2102.84566490614	784.320007324219
2105.16717467567	784.799987792969
2107.48798291649	784
2109.80808992403	783.799987792969
2112.12749599355	783.799987792969
2114.44620142016	783.640014648438
2116.7642064988	783.719970703125
2119.08151152423	784.440002441406
2121.39811679106	784.280029296875
2123.71402259374	784.320007324219
2126.02922922653	784.47998046875
2128.34373698356	784.359985351563
2130.65754615876	784.280029296875
2132.97065704594	783.960021972656
2135.28306993869	783.880004882813
2137.59478513047	783.799987792969
2139.90580291459	783.799987792969
2142.21612358416	784
2144.52574743214	784.119995117188
2146.83467475134	784.080017089844
2149.1429058344	784.679992675781
2151.45044097377	784.159973144531
2153.75728046178	783.719970703125
2156.06342459057	784.119995117188
2158.36887365212	783.799987792969
2160.67362793825	783.719970703125
2162.97768774061	783.47998046875
2165.28105335071	783.679992675781
2167.58372505987	784.359985351563
2169.88570315926	783.799987792969
2172.18698793988	784.200012207031
2174.48757969258	783.760009765625
2176.78747870805	783.760009765625
2179.08668527679	784.239990234375
2181.38519968917	784.47998046875
2183.68302223538	784.080017089844
2185.98015320547	784.159973144531
2188.27659288929	783.840026855469
2190.57234157656	784
2192.86739955682	783.919982910156
2195.16176711948	783.960021972656
2197.45544455375	784.039978027344
2199.74843214869	783.799987792969
2202.04073019322	783.559997558594
2204.33233897607	783.280029296875
2206.62325878583	783.280029296875
2208.91348991093	783.52001953125
2211.20303263961	783.640014648438
2213.49188726	783.440002441406
2215.78005406001	782.840026855469
2218.06753332744	783.119995117188
2220.35432534991	783.52001953125
2222.64043041487	783.440002441406
2224.92584880964	782.960021972656
2227.21058082134	782.760009765625
2229.49462673696	783.559997558594
2231.77798684332	783.799987792969
2234.06066142709	783.52001953125
2236.34265077477	783.760009765625
2238.62395517269	783.320007324219
2240.90457490706	783.280029296875
2243.18451026388	782.760009765625
2245.46376152904	783.599975585938
2247.74232898823	782.760009765625
2250.02021292701	783.280029296875
2252.29741363077	782.239990234375
2254.57393138475	783.320007324219
2256.849766474	783.640014648438
2259.12491918346	783.47998046875
2261.39938979788	783.200012207031
2263.67317860185	783.119995117188
2265.94628587983	783.080017089844
2268.2187119161	782.719970703125
2270.49045699478	782.799987792969
2272.76152139985	783.039978027344
2275.03190541511	783.359985351563
2277.30160932421	783.359985351563
2279.57063341067	782.919982910156
2281.83897795781	782.919982910156
2284.10664324882	782.640014648438
2286.37362956672	782.840026855469
2288.63993719439	782.679992675781
2290.90556641454	783.119995117188
2293.17051750973	782.52001953125
2295.43479076235	782.200012207031
2297.69838645465	783.359985351563
2299.96130486871	782.359985351563
2302.22354628647	782.52001953125
2304.48511098971	783.239990234375
2306.74599926003	782.599975585938
2309.00621137891	782.599975585938
2311.26574762765	783.320007324219
2313.52460828741	783.359985351563
2315.78279363917	783.080017089844
2318.04030396379	782.880004882813
2320.29713954195	782.679992675781
2322.55330065418	782.799987792969
2324.80878758085	783.559997558594
2327.06360060219	782.760009765625
2329.31773999826	782.719970703125
2331.57120604897	782.320007324219
2333.82399903409	782.840026855469
2336.0761192332	782.440002441406
2338.32756692577	782.239990234375
2340.57834239108	783.039978027344
2342.82844590827	782.52001953125
2345.07787775633	782.919982910156
2347.32663821409	782.559997558594
2349.57472756023	782.159973144531
2351.82214607327	783.159973144531
2354.06889403158	782.760009765625
2356.31497171337	782.719970703125
2358.56037939672	782.280029296875
2360.80511735953	782.320007324219
2363.04918587955	782.719970703125
2365.29258523439	782.919982910156
2367.5353157015	782.840026855469
2369.77737755817	782.719970703125
2372.01877108156	782.400024414063
2374.25949654865	782.200012207031
2376.49955423629	782.719970703125
2378.73894442115	781.880004882813
2380.97766737977	782.840026855469
2383.21572338855	782.679992675781
2385.45311272369	782.679992675781
2387.68983566129	782.799987792969
2389.92589247727	782.599975585938
2392.1612834474	782.119995117188
2394.39600884731	782.799987792969
2396.63006895246	782.320007324219
2398.86346403818	781.919982910156
2401.09619437962	782.200012207031
2403.32826025182	782.359985351563
2405.55966192963	782.599975585938
2407.79039968777	782.960021972656
2410.0204738008	782.080017089844
2412.24988454313	782.359985351563
2414.47863218902	782.440002441406
2416.70671701258	782.559997558594
2418.93413928778	782.359985351563
2421.16089928842	781.880004882813
2423.38699728817	782.320007324219
2425.61243356052	782.679992675781
2427.83720837884	782.52001953125
2430.06132201633	782.119995117188
2432.28477474606	782.239990234375
2434.50756684093	782.280029296875
2436.72969857371	781.919982910156
2438.95117021699	782.359985351563
2441.17198204325	781.960021972656
2443.39213432478	782.440002441406
2445.61162733376	782.559997558594
2447.83046134218	782.320007324219
2450.04863662192	781.919982910156
2452.26615344468	782.799987792969
2454.48301208203	782.159973144531
2456.69921280539	782.239990234375
2458.91475588602	782.599975585938
2461.12964159504	782.559997558594
2463.34387020342	782.919982910156
2465.55744198198	781.880004882813
2467.77035720139	782.400024414063
2469.98261613217	782.239990234375
2472.1942190447	781.719970703125
2474.40516620922	782.080017089844
2476.6154578958	782.47998046875
2478.82509437436	782.559997558594
2481.03407591471	782.039978027344
2483.24240278646	782.559997558594
2485.45007525911	782.960021972656
2487.65709360202	782.080017089844
2489.86345808435	781.919982910156
2492.06916897518	782.320007324219
2494.27422654339	782.239990234375
2496.47863105774	782.640014648438
2498.68238278683	782.719970703125
2500.88548199912	782.280029296875
2503.08792896294	782.239990234375
2505.28972394643	782.119995117188
2507.49086721763	782.47998046875
2509.6913590444	782.760009765625
2511.89119969447	782.599975585938
2514.09038943543	782.760009765625
2516.2889285347	782.320007324219
2518.48681725957	782.280029296875
2520.6840558772	782.039978027344
2522.88064465456	782.400024414063
2525.07658385852	782.840026855469
2527.27187375578	782.039978027344
2529.4665146129	782.440002441406
2531.66050669629	781.799987792969
2533.85385027222	782.440002441406
2536.04654560681	782.559997558594
2538.23859296605	782.359985351563
2540.42999261577	782.320007324219
2542.62074482166	782.599975585938
2544.81084984925	782.919982910156
2547.00030796395	782.359985351563
2549.18911943101	781.919982910156
2551.37728451555	782.599975585938
2553.56480348252	782.359985351563
2555.75167659675	782.200012207031
2557.93790412292	781.960021972656
2560.12348632556	782.200012207031
2562.30842346905	782.119995117188
2564.49271581764	782.239990234375
2566.67636363544	782.47998046875
2568.85936718639	781.960021972656
2571.04172673431	782.359985351563
2573.22344254288	782.280029296875
2575.40451487562	782.400024414063
2577.58494399591	781.919982910156
2579.76473016699	782.840026855469
2581.94387365196	782.119995117188
2584.12237471377	782.559997558594
2586.30023361523	782.200012207031
2588.47745061901	782.559997558594
2590.65402598763	781.880004882813
2592.82995998348	782.799987792969
2595.0052528688	782.440002441406
2597.17990490568	782.679992675781
2599.35391635608	782.679992675781
2601.52728748181	782.200012207031
2603.70001854454	783.119995117188
2605.8721098058	782.599975585938
2608.04356152698	782.159973144531
2610.21437396931	782.280029296875
2612.3845473939	781.799987792969
2614.55408206173	782.400024414063
2616.72297823359	782.359985351563
2618.89123617017	782.880004882813
2621.058856132	782.640014648438
2623.22583837949	781.919982910156
2625.39218317288	782.039978027344
2627.55789077229	782.119995117188
2629.72296143769	782.200012207031
2631.88739542891	782.119995117188
2634.05119300563	782.320007324219
2636.21435442742	782.679992675781
2638.37687995367	782.239990234375
2640.53876984365	782.719970703125
2642.70002435649	782.080017089844
2644.86064375119	782.960021972656
2647.02062828658	782.440002441406
2649.17997822137	782.880004882813
2651.33869381413	782.400024414063
2653.49677532328	782.47998046875
2655.65422300711	782.840026855469
2657.81103712378	782.159973144531
2659.96721793127	782.760009765625
2662.12276568747	782.719970703125
2664.2776806501	782.47998046875
2666.43196307675	782.400024414063
2668.58561322486	783.039978027344
2670.73863135176	782.599975585938
2672.8910177146	782.359985351563
2675.04277257043	782.47998046875
2677.19389617612	782.840026855469
2679.34438878845	782
2681.49425066402	782.359985351563
2683.64348205931	783.039978027344
2685.79208323065	782.799987792969
2687.94005443425	782.599975585938
2690.08739592617	783.280029296875
2692.23410796233	782.400024414063
2694.38019079852	782.47998046875
2696.52564469038	782.679992675781
2698.67046989342	782.679992675781
2700.81466666302	782.799987792969
2702.9582352544	783.400024414063
2705.10117592265	782.719970703125
2707.24348892275	782.799987792969
2709.3851745095	783.200012207031
2711.5262329376	782.960021972656
2713.66666446158	783.080017089844
2715.80646933585	783.719970703125
2717.94564781468	782.840026855469
2720.08420015222	782.919982910156
2722.22212660245	783.640014648438
2724.35942741923	783.960021972656
2726.49610285628	783.080017089844
2728.63215316721	783.080017089844
2730.76757860544	783.320007324219
2732.9023794243	783.119995117188
2735.03655587697	783.679992675781
2737.17010821648	783.039978027344
2739.30303669573	783.760009765625
2741.4353415675	784.080017089844
2743.56702308442	783.52001953125
2745.69808149898	783.320007324219
2747.82851706355	783.400024414063
2749.95833003034	783.599975585938
2752.08752065145	783.440002441406
2754.21608917883	783.47998046875
2756.3440358643	783.239990234375
2758.47136095954	782.640014648438
2760.59806471609	783.280029296875
2762.72414738537	783.359985351563
2764.84960921865	783.640014648438
2766.97445046708	783.599975585938
2769.09867138166	783.239990234375
2771.22227221326	783.320007324219
2773.34525321263	783.200012207031
2775.46761463035	783.440002441406
2777.58935671691	783.640014648438
2779.71047972262	783.679992675781
2781.83098389771	782.919982910156
2783.95086949221	783.559997558594
2786.07013675607	783.359985351563
2788.18878593908	783.640014648438
2790.3068172909	783.640014648438
2792.42423106106	783.840026855469
2794.54102749895	783.640014648438
2796.65720685384	783.039978027344
2798.77276937486	783
2800.88771531098	783.719970703125
2803.00204491107	783.679992675781
2805.11575842387	783.440002441406
2807.22885609796	783.880004882813
2809.34133818179	783.359985351563
2811.4532049237	783.679992675781
2813.56445657189	782.960021972656
2815.6750933744	783.880004882813
2817.78511557916	784.320007324219
2819.89452343398	784.159973144531
2822.00331718652	784.760009765625
2824.11149708429	783.960021972656
2826.2190633747	784
2828.32601630502	784.799987792969
2830.43235612237	785
2832.53808307375	785.719970703125
2834.64319740603	785.760009765625
2836.74769936595	785.760009765625
2838.85158920011	786.239990234375
2840.95486715497	787
2843.05753347689	787.400024414063
2845.15958841206	788.840026855469
2847.26103220657	790.52001953125
2849.36186510636	792.159973144531
2851.46208735724	791.599975585938
2853.56169920488	791.200012207031
2855.66070089485	791.239990234375
2857.75909267257	792.52001953125
2859.85687478332	792.239990234375
2861.95404747225	793.599975585938
2864.05061098439	795.159973144531
2866.14656556464	795.679992675781
2868.24191145777	798
2870.3366489084	798
2872.43077816104	799.640014648438
2874.52429946006	799.880004882813
2876.61721304971	800.679992675781
2878.70951917409	799.880004882813
2880.8012180772	801.320007324219
2882.89231000287	800.840026855469
2884.98279519483	801.640014648438
2887.07267389667	800.359985351563
2889.16194635186	802.400024414063
2891.25061280373	803.52001953125
2893.33867349546	802.559997558594
2895.42612867015	803.52001953125
2897.51297857074	802.239990234375
2899.59922344003	803.599975585938
2901.68486352071	802.280029296875
2903.76989905533	803.440002441406
2905.85433028632	803.599975585938
2907.93815745598	804.960021972656
2910.02138080648	806.239990234375
2912.10400057985	808.200012207031
2914.186017018	809
2916.26743036271	809.080017089844
2918.34824085563	808.799987792969
2920.4284487383	810.880004882813
2922.5080542521	811.640014648438
2924.58705763829	812.960021972656
2926.66545913802	814.960021972656
2928.74325899231	814
2930.82045744202	816.119995117188
2932.89705472792	817.47998046875
2934.97305109062	819.159973144531
2937.04844677063	817.679992675781
2939.12324200832	818.840026855469
2941.19743704393	817.559997558594
2943.27103211757	815.440002441406
2945.34402746923	814.47998046875
2947.41642333876	813.440002441406
2949.48821996592	813.159973144531
2951.55941759028	810.039978027344
2953.63001645135	808.799987792969
2955.70001678845	807.880004882813
2957.76941884083	809.440002441406
2959.83822284757	808.159973144531
2961.90642904764	808.840026855469
2963.97403767988	808.159973144531
2966.04104898302	805.799987792969
2968.10746319565	805.960021972656
2970.17328055621	806.640014648438
2972.23850130305	806.080017089844
2974.30312567438	806.239990234375
2976.36715390829	804.960021972656
2978.43058624273	802.440002441406
2980.49342291553	802
2982.55566416439	805.080017089844
2984.61731022691	804.400024414063
2986.67836134051	801.679992675781
2988.73881774255	802.039978027344
2990.79867967021	801.559997558594
2992.85794736058	800.840026855469
2994.9166210506	799.119995117188
2996.97470097711	799.400024414063
2999.03218737679	799.440002441406
3001.08908048622	797.52001953125
3003.14538054186	798.280029296875
3005.20108778002	798.159973144531
3007.25620243691	796.599975585938
3009.3107247486	798.799987792969
3011.36465495104	797.760009765625
3013.41799328004	797.200012207031
3015.47073997133	796.440002441406
3017.52289526045	796.47998046875
3019.57445938288	796.640014648438
3021.62543257393	796.559997558594
3023.6758150688	797.960021972656
3025.72560710258	797.960021972656
3027.77480891021	796.159973144531
3029.82342072652	796.47998046875
3031.87144278622	796.640014648438
3033.91887532389	797.080017089844
3035.96571857399	797.039978027344
3038.01197277084	798.239990234375
3040.05763814867	798.359985351563
3042.10271494154	798.52001953125
3044.14720338344	799.440002441406
3046.19110370818	799.47998046875
3048.2344161495	799.359985351563
3050.27714094097	800.080017089844
3052.31927831608	801.679992675781
3054.36082850816	801.47998046875
3056.40179175044	801.400024414063
3058.44216827602	802.719970703125
3060.48195831786	801.719970703125
3062.52116210884	802.760009765625
3064.55977988167	804.559997558594
3066.59781186897	805.080017089844
3068.63525830322	804.960021972656
3070.67211941678	805.440002441406
3072.7083954419	804.719970703125
3074.7440866107	804.159973144531
3076.77919315516	804.599975585938
3078.81371530716	806.719970703125
3080.84765329846	805.320007324219
3082.88100736068	805.640014648438
3084.91377772534	805.52001953125
3086.94596462381	804.320007324219
3088.97756828737	805.760009765625
3091.00858894714	807.280029296875
3093.03902683417	807.719970703125
3095.06888217933	807.559997558594
3097.09815521342	807.960021972656
3099.12684616709	809.799987792969
3101.15495527087	809.559997558594
3103.18248275518	810
3105.20942885031	809.960021972656
3107.23579378642	811
3109.26157779358	810
3111.28678110171	810.919982910156
3113.31140394062	811.200012207031
3115.33544654	813.919982910156
3117.35890912942	813.679992675781
3119.38179193832	813.960021972656
3121.40409519602	817.320007324219
3123.42581913174	818.400024414063
3125.44696397457	817.559997558594
3127.46752995345	817.919982910156
3129.48751729725	820.960021972656
3131.50692623469	818.840026855469
3133.52575699436	819.080017089844
3135.54400980476	820
3137.56168489425	821
3139.57878249108	821.280029296875
3141.59530282337	821.239990234375
3143.61124611913	821.320007324219
3145.62661260624	822.400024414063
3147.64140251247	824.200012207031
3149.65561606547	825.359985351563
3151.66925349277	827.679992675781
3153.68231502177	827.719970703125
3155.69480087977	827.119995117188
3157.70671129394	827.679992675781
3159.71804649132	829.559997558594
3161.72880669886	831.159973144531
3163.73899214336	829.840026855469
3165.74860305152	833.239990234375
3167.75763964991	833.440002441406
3169.766102165	832.679992675781
3171.77399082313	835.440002441406
3173.7813058505	837.200012207031
3175.78804747323	832.200012207031
3177.79421591731	833.119995117188
3179.79981140859	834.119995117188
3181.80483417282	832.799987792969
3183.80928443564	834.960021972656
3185.81316242255	837.47998046875
3187.81646835896	837.400024414063
3189.81920247013	839.239990234375
3191.82136498122	839.599975585938
3193.82295611727	838.840026855469
3195.82397610321	842.359985351563
3197.82442516385	840.159973144531
3199.82430352386	840.320007324219
3201.82361140782	841.679992675781
3203.82234904018	842.119995117188
3205.82051664529	843.52001953125
3207.81811444735	846.400024414063
3209.81514267047	847.599975585938
3211.81160153863	844.919982910156
3213.80749127571	843.239990234375
3215.80281210545	845.799987792969
3217.79756425148	845.359985351563
3219.79174793733	844.159973144531
3221.7853633864	844.640014648438
3223.77841082196	846.359985351563
3225.77089046719	844.200012207031
3227.76280254513	847.719970703125
3229.75414727873	850.679992675781
3231.74492489081	852.400024414063
3233.73513560406	852.400024414063
3235.72477964107	848.919982910156
3237.71385722431	849.47998046875
3239.70236857614	848.799987792969
3241.6903139188	845.919982910156
3243.6776934744	848.47998046875
3245.66450746496	850.239990234375
3247.65075611237	849.320007324219
3249.63643963841	847.359985351563
3251.62155826472	850.47998046875
3253.60611221287	847.960021972656
3255.59010170428	848.119995117188
3257.57352696026	851.919982910156
3259.55638820202	856.719970703125
3261.53868565064	852.599975585938
3263.52041952708	848.760009765625
3265.50159005221	848.159973144531
3267.48219744676	847.919982910156
3269.46224193136	853.320007324219
3271.44172372651	853.400024414063
3273.42064305262	851.159973144531
3275.39900012996	850.47998046875
3277.3767951787	851.400024414063
3279.35402841889	851.559997558594
3281.33070007047	853.440002441406
3283.30681035326	853.159973144531
3285.28235948698	852.679992675781
3287.25734769121	851.960021972656
3289.23177518544	851.159973144531
3291.20564218903	851.400024414063
3293.17894892124	852.400024414063
3295.1516956012	850.039978027344
3297.12388244795	852.440002441406
3299.09550968039	853.400024414063
3301.06657751732	851.679992675781
3303.03708617743	850.799987792969
3305.00703587929	849.239990234375
3306.97642684135	851.039978027344
3308.94525928196	852.760009765625
3310.91353341935	851.400024414063
3312.88124947164	852.039978027344
3314.84840765683	853.359985351563
3316.81500819282	853.320007324219
3318.78105129738	852.52001953125
3320.74653718818	851
3322.71146608278	848.880004882813
3324.67583819861	847.52001953125
3326.639653753	851.679992675781
3328.60291296317	851.119995117188
3330.56561604621	851.119995117188
3332.52776321913	850.880004882813
3334.4893546988	850.52001953125
3336.45039070198	849.119995117188
3338.41087144533	844.840026855469
3340.37079714539	849.679992675781
3342.33016801859	852.200012207031
3344.28898428124	851.320007324219
3346.24724614955	848.400024414063
3348.20495383962	850.320007324219
3350.16210756742	848.960021972656
3352.11870754883	848.47998046875
3354.07475399961	851.440002441406
3356.03024713539	853.47998046875
3357.98518717173	854.679992675781
3359.93957432403	855
3361.89340880761	852.320007324219
3363.84669083768	849
3365.79942062933	847.679992675781
3367.75159839753	845.880004882813
3369.70322435715	846.840026855469
3371.65429872295	850.159973144531
3373.60482170957	851.200012207031
3375.55479353155	849.280029296875
3377.50421440332	851.080017089844
3379.45308453918	853.719970703125
3381.40140415335	853
3383.34917345991	853.599975585938
3385.29639267284	854.840026855469
3387.24306200602	848.640014648438
3389.18918167321	848.52001953125
3391.13475188806	851.080017089844
3393.07977286411	855.080017089844
3395.02424481479	853.47998046875
3396.96816795342	849.719970703125
3398.91154249322	851.239990234375
3400.85436864728	849
3402.79664662859	847.960021972656
3404.73837665004	851.159973144531
3406.67955892439	852.200012207031
3408.62019366432	851.039978027344
3410.56028108236	855.119995117188
3412.49982139096	852.960021972656
3414.43881480247	852.799987792969
3416.37726152909	852.799987792969
3418.31516178295	851.039978027344
3420.25251577605	852.239990234375
3422.18932372029	852.559997558594
3424.12558582746	853.239990234375
3426.06130230922	851
3427.99647337717	848.52001953125
3429.93109924274	849.159973144531
3431.8651801173	849.919982910156
3433.79871621209	848.039978027344
3435.73170773824	852.039978027344
3437.66415490678	852.280029296875
3439.59605792862	853.640014648438
3441.52741701458	849.799987792969
3443.45823237536	851.039978027344
3445.38850422154	849.760009765625
3447.31823276362	847.840026855469
3449.24741821196	849.679992675781
3451.17606077684	851.880004882813
3453.10416066842	849.760009765625
3455.03171809674	848.719970703125
3456.95873327175	847.280029296875
3458.88520640329	851.159973144531
3460.81113770109	850.400024414063
3462.73652737477	845.119995117188
3464.66137563383	845.200012207031
3466.58568268769	846.599975585938
3468.50944874565	842.200012207031
3470.43267401689	842.200012207031
3472.3553587105	846.47998046875
3474.27750303545	841.559997558594
3476.19910720062	841.440002441406
3478.12017141476	844.119995117188
3480.04069588654	844.47998046875
3481.9606808245	844.159973144531
3483.88012643707	846.039978027344
3485.79903293259	843.919982910156
3487.7174005193	845.119995117188
3489.63522940532	841.440002441406
3491.55251979864	837.799987792969
3493.46927190719	836.200012207031
3495.38548593877	835.559997558594
3497.30116210107	832.039978027344
3499.21630060167	831.719970703125
3501.13090164807	832.320007324219
3503.04496544763	834.559997558594
3504.95849220763	832.960021972656
3506.87148213523	830.400024414063
3508.78393543748	830.599975585938
3510.69585232134	831.159973144531
3512.60723299365	828.119995117188
3514.51807766116	825.919982910156
3516.42838653049	827.440002441406
3518.33815980819	828.679992675781
3520.24739770066	828.280029296875
3522.15610041423	826.799987792969
3524.06426815511	828
3525.9719011294	826.320007324219
3527.87899954311	824.359985351563
3529.78556360213	821.679992675781
3531.69159351225	823.840026855469
3533.59708947916	825.599975585938
3535.50205170844	823.200012207031
3537.40648040556	820.719970703125
3539.3103757759	819.599975585938
3541.21373802472	821.239990234375
3543.11656735717	819.719970703125
3545.01886397833	819.880004882813
3546.92062809313	819.719970703125
3548.82185990643	817.679992675781
3550.72255962297	816.679992675781
3552.62272744738	817.080017089844
3554.5223635842	813.799987792969
3556.42146823786	816.200012207031
3558.32004161268	815.47998046875
3560.21808391289	813.280029296875
3562.11559534259	814.039978027344
3564.01257610581	812.239990234375
3565.90902640645	809.799987792969
3567.80494644831	811.200012207031
3569.7003364351	813
3571.59519657042	813.239990234375
3573.48952705774	811.320007324219
3575.38332810048	812.440002441406
3577.27659990191	810.359985351563
3579.16934266521	810.440002441406
3581.06155659346	810.799987792969
3582.95324188965	808.760009765625
3584.84439875663	809.200012207031
3586.73502739718	807.760009765625
3588.62512801397	807.359985351563
3590.51470080955	806.52001953125
3592.40374598639	804.679992675781
3594.29226374685	805.760009765625
3596.18025429317	804.52001953125
3598.06771782751	803.919982910156
3599.95465455192	804.200012207031
3601.84106466834	802.719970703125
3603.72694837861	802.679992675781
3605.61230588447	803.47998046875
3607.49713738756	804.239990234375
3609.38144308942	803.559997558594
3611.26522319148	802.320007324219
3613.14847789506	801.880004882813
3615.0312074014	800.599975585938
3616.91341191162	800.679992675781
3618.79509162674	800.320007324219
3620.67624674769	800.239990234375
3622.55687747528	800.359985351563
3624.43698401024	800.52001953125
3626.31656655317	800.640014648438
3628.1956253046	798.320007324219
3630.07416046492	798.47998046875
3631.95217223446	798.760009765625
3633.82966081342	796.640014648438
3635.70662640191	797.640014648438
3637.58306919993	797.440002441406
3639.45898940739	797.239990234375
3641.33438722409	795.599975585938
3643.20926284973	795.799987792969
3645.08361648392	795.840026855469
3646.95744832614	793.760009765625
3648.8307585758	793.679992675781
3650.7035474322	794.679992675781
3652.57581509452	793.440002441406
3654.44756176188	793.440002441406
3656.31878763324	793.679992675781
3658.18949290753	792.599975585938
3660.05967778352	791.320007324219
3661.9293424599	791.400024414063
3663.79848713527	790.960021972656
3665.66711200812	790.719970703125
3667.53521727684	791.559997558594
3669.40280313972	789.359985351563
3671.26986979494	789.080017089844
3673.13641744059	789.559997558594
3675.00244627468	788.52001953125
