-140.373595351881	779.400024414063
-137.335129063906	779.47998046875
-134.297686810867	779.200012207031
-131.261268103955	779.159973144531
-128.225872454677	779.599975585938
-125.191499374839	778.840026855469
-122.158148376567	779.039978027344
-119.125818972292	779.280029296875
-116.094510674759	779.119995117188
-113.064222997021	779.47998046875
-110.034955452443	779.159973144531
-107.006707554687	779.280029296875
-103.979478817741	779.119995117188
-100.95326875589	779.200012207031
-97.928076883731	779.200012207031
-94.9039027161698	779.239990234375
-91.8807457684175	779.599975585938
-88.8586055560018	779.280029296875
-85.8374815947384	779.080017089844
-82.8173734007715	778.799987792969
-79.7982804905411	779.039978027344
-76.7802023807988	779.039978027344
-73.7631385885914	779.159973144531
-70.7470886312892	778.799987792969
-67.732052026553	779.039978027344
-64.7180282923587	779.239990234375
-61.7050169469884	779.080017089844
-58.6930175090183	779.119995117188
-55.6820294973386	779.559997558594
-52.6720524311495	779.719970703125
-49.66308582994	779.47998046875
-46.6551292135171	779.159973144531
-43.6481821019882	778.880004882813
-40.6422440157577	779.039978027344
-37.6373144755424	779.080017089844
-34.6333930023594	779.640014648438
-31.630479117526	779.359985351563
-28.6285723426709	779.280029296875
-25.6276721997107	779.640014648438
-22.6277782108771	779.919982910156
-19.628889898701	779.47998046875
-16.6310067860081	779.440002441406
-13.6341283959385	779.599975585938
-10.6382542519231	783.52001953125
-7.64338387769432	801.760009765625
-4.64951679729502	842.719970703125
-1.65665253506141	866.599975585938
1.33520938438089	840.359985351563
4.32606943608095	796.799987792969
7.315928094803	780.679992675781
10.3047858350146	779.640014648438
13.2926431308747	779.47998046875
16.2795004562541	779.080017089844
19.2653582847118	779.52001953125
22.2502170895187	779.599975585938
25.2340773436344	779.52001953125
28.216939519735	778.760009765625
31.1988040901939	779.239990234375
34.1796715270814	779.359985351563
37.1595423021732	779.039978027344
40.1384168869468	779.239990234375
43.1162957525854	779.080017089844
46.0931793699786	779.280029296875
49.0690682097059	779.159973144531
52.0439627420619	778.880004882813
55.0178634370476	778.960021972656
57.9907707643592	778.960021972656
60.9626851933962	779.119995117188
63.9336071932735	779.320007324219
66.9035372328018	779.039978027344
69.8724757804959	779.200012207031
72.8404233045826	778.960021972656
75.8073802729932	778.919982910156
78.7733471533597	779.359985351563
81.738324413019	779.119995117188
84.702312519025	779.47998046875
87.665311938125	779.359985351563
90.6273231367761	779.119995117188
93.5883465811569	779.760009765625
96.5483827371242	779.200012207031
99.5074320702731	779.359985351563
102.465495045889	779.200012207031
105.422572128961	779.359985351563
108.378663784199	779.039978027344
111.333770476014	778.919982910156
114.287892668528	779.080017089844
117.24103082557	779.719970703125
120.193185410674	779.320007324219
123.144356887097	779.599975585938
126.094545717786	779.919982910156
129.043752365413	780.119995117188
131.991977292355	780.799987792969
134.939220960695	781.119995117188
137.885483832232	780.559997558594
140.83076636847	781.679992675781
143.775069030632	781.960021972656
146.718392279644	781.960021972656
149.660736576149	782.840026855469
152.602102380488	782.599975585938
155.54249015274	783.440002441406
158.481900352672	784.799987792969
161.420333439765	785.159973144531
164.357789873227	785.47998046875
167.294270111968	785.880004882813
170.229774614617	786.840026855469
173.164303839496	787.47998046875
176.097858244675	788.239990234375
179.030438287908	789.840026855469
181.962044426678	790.719970703125
184.89267711817	790.039978027344
187.822336819302	791.640014648438
190.751023986678	792.280029296875
193.678739076648	791.640014648438
196.605482545255	792.760009765625
199.531254848261	794.239990234375
202.456056441152	793.280029296875
205.379887779119	793.039978027344
208.30274931708	793.47998046875
211.224641509656	793.440002441406
214.145564811189	793.239990234375
217.06551967574	794.400024414063
219.984506557089	793.400024414063
222.902525908723	794.280029296875
225.819578183856	793.280029296875
228.735663835415	793.159973144531
231.650783316047	793.280029296875
234.564937078107	792.760009765625
237.478125573679	793.359985351563
240.390349254566	793.640014648438
243.301608572278	793.799987792969
246.211903978051	793.799987792969
249.121235922839	794.559997558594
252.029604857321	795.119995117188
254.93701123188	795.400024414063
257.843455496632	796.400024414063
260.748938101415	795.440002441406
263.653459495766	796.640014648438
266.557020128967	797.039978027344
269.459620450005	799.52001953125
272.361260907595	800.119995117188
275.261941950168	798.559997558594
278.161664025874	799.47998046875
281.060427582592	799.280029296875
283.958233067921	798.280029296875
286.855080929176	798.320007324219
289.750971613398	798.080017089844
292.645905567344	799.320007324219
295.539883237503	799.159973144531
298.432905070079	797.239990234375
301.324971511007	797.679992675781
304.216083005931	798.840026855469
307.10624000023	800.760009765625
309.995442939003	801.280029296875
312.883692267071	805.159973144531
315.770988428979	813.559997558594
318.657331869	825.440002441406
321.542723031127	830.840026855469
324.427162359076	828.719970703125
327.310650296293	818.119995117188
330.193187285945	808.52001953125
333.074773770929	804.840026855469
335.955410193855	801.47998046875
338.835096997075	799.440002441406
341.713834622655	799.039978027344
344.59162351239	798.159973144531
347.468464107802	797.359985351563
350.344356850137	796.840026855469
353.219302180373	797.400024414063
356.093300539208	796.919982910156
358.966352367073	796.159973144531
361.838458104123	795.320007324219
364.70961819024	795.880004882813
367.579833065031	796.080017089844
370.449103167837	796.47998046875
373.317428937727	796.960021972656
376.184810813496	796.119995117188
379.051249233659	796.159973144531
381.916744636474	796.200012207031
384.78129745992	796.200012207031
387.644908141706	795.200012207031
390.50757711927	795.719970703125
393.36930482978	796.239990234375
396.23009171014	795.840026855469
399.089938196969	795.239990234375
401.948844726631	795.960021972656
404.806811735214	795.599975585938
407.66383965853	795.47998046875
410.519928932138	796.359985351563
413.375079991314	795.719970703125
416.229293271071	796.400024414063
419.082569206155	796.760009765625
421.934908231031	796.47998046875
424.786310779917	796.599975585938
427.636777286748	795.799987792969
430.486308185189	796.679992675781
433.334903908649	795.52001953125
436.182564890262	796.679992675781
439.029291562898	796.880004882813
441.875084359157	796.52001953125
444.719943711374	796
447.563870051618	796.159973144531
450.406863811695	796.320007324219
453.248925423132	795.400024414063
456.090055317208	795.760009765625
458.93025392492	796
461.76952167701	794.960021972656
464.60785900395	795.599975585938
467.44526633595	796.039978027344
470.281744102955	796.200012207031
473.117292734635	795.559997558594
475.951912660415	795.599975585938
478.785604309439	796.359985351563
481.618368110592	794.880004882813
484.450204492499	795.679992675781
487.281113883518	795.840026855469
490.111096711738	795.640014648438
492.940153404999	794.799987792969
495.768284390864	795.760009765625
498.595490096635	796.159973144531
501.421770949366	795.599975585938
504.247127375825	796.760009765625
507.071559802537	796.039978027344
509.89506865575	796.159973144531
512.717654361473	796.840026855469
515.539317345424	796.559997558594
518.360058033083	796.159973144531
521.179876849652	796.760009765625
523.998774220083	797.159973144531
526.816750569068	796.239990234375
529.633806321025	796
532.44994190013	795.559997558594
535.265157730284	796.359985351563
538.079454235133	795.599975585938
540.892831838066	796.559997558594
543.705290962208	796.559997558594
546.516832030424	796.239990234375
549.32745546533	795.880004882813
552.137161689268	796.119995117188
554.945951124325	795.799987792969
557.753824192341	795.559997558594
560.560781314883	796.880004882813
563.36682291327	796.119995117188
566.171949408555	796.47998046875
568.976161221537	795.239990234375
571.779458772759	795.280029296875
574.5818424825	795.159973144531
577.383312770792	795.719970703125
580.183870057402	796.280029296875
582.983514761843	795.400024414063
585.782247303363	796.080017089844
588.580068100976	797.200012207031
591.376977573414	796.799987792969
594.172976139164	795.52001953125
596.968064216463	796.080017089844
599.762242223282	795.679992675781
602.555510577335	795.52001953125
605.347869696099	795.119995117188
608.139319996771	795.679992675781
610.929861896313	796.280029296875
613.719495811421	794.760009765625
616.508222158541	794.919982910156
619.296041353863	796.359985351563
622.082953813324	795.280029296875
624.868959952607	796.080017089844
627.654060187137	794.679992675781
630.438254932094	795.799987792969
633.221544602397	796.119995117188
636.003929612719	794.799987792969
638.785410377468	795.280029296875
641.565987310814	796.320007324219
644.345660826665	795.599975585938
647.124431338674	796.280029296875
649.902299260252	795.640014648438
652.679265004552	795.400024414063
655.455328984475	795.159973144531
658.230491612671	796.159973144531
661.004753301541	795.640014648438
663.778114463229	795.640014648438
666.550575509631	795.559997558594
669.322136852395	795.919982910156
672.092798902916	795.919982910156
674.862562072336	795.719970703125
677.631426771548	795.840026855469
680.399393411204	795.799987792969
683.166462401689	796.119995117188
685.93263415315	795.159973144531
688.697909075486	795.840026855469
691.462287578337	796.080017089844
694.225770071098	794.640014648438
696.988356962926	795.640014648438
699.750048662705	795.559997558594
702.5108455791	795.359985351563
705.270748120503	795.080017089844
708.029756695068	794.799987792969
710.787871710705	795.159973144531
713.545093575065	795.960021972656
716.301422695566	795.679992675781
719.056859479364	796.320007324219
721.811404333376	796.280029296875
724.56505766427	795.960021972656
727.317819878473	795.47998046875
730.069691382148	795.599975585938
732.820672581226	795.840026855469
735.570763881396	795.799987792969
738.319965688092	795.679992675781
741.068278406496	795.52001953125
743.815702441559	796.799987792969
746.562238197974	796.760009765625
749.307886080196	795.799987792969
752.052646492436	795.47998046875
754.796519838656	795.640014648438
757.539506522567	796.320007324219
760.28160694765	796.919982910156
763.022821517128	796.599975585938
765.76315063399	796.119995117188
768.502594700972	796.599975585938
771.241154120572	796.080017089844
773.978829295045	796.919982910156
776.715620626397	797.359985351563
779.451528516396	798.440002441406
782.186553366565	798.080017089844
784.920695578179	797.440002441406
787.653955552283	797.919982910156
790.386333689662	797.359985351563
793.117830390877	797.119995117188
795.848446056227	796.159973144531
798.578181085792	795.559997558594
801.307035879389	794.840026855469
804.035010836599	795.440002441406
806.762106356774	795.400024414063
809.488322839013	795.159973144531
812.213660682169	795.719970703125
814.938120284866	796.440002441406
817.661702045482	796.320007324219
820.384406362153	795.760009765625
823.10623363278	796
825.827184255014	796
828.547258626283	796.559997558594
831.266457143747	795.640014648438
833.984780204358	796.280029296875
836.702228204804	794.880004882813
839.418801541552	795.200012207031
842.134500610814	795.239990234375
844.849325808575	795.400024414063
847.563277530579	796.159973144531
850.276356172319	796.119995117188
852.988562129066	796.719970703125
855.69989579585	796.080017089844
858.410357567456	796.200012207031
861.119947838428	796.52001953125
863.828667003087	795
866.536515455503	794.960021972656
869.243493589517	796
871.949601798728	795.400024414063
874.654840476504	795.840026855469
877.359210015961	795.320007324219
880.062710810003	794.840026855469
882.765343251273	795.320007324219
885.467107732191	795.359985351563
888.168004644938	795.52001953125
890.868034381467	795.159973144531
893.567197333476	796.320007324219
896.265493892445	795.440002441406
898.962924449614	795.400024414063
901.659489395985	795.960021972656
904.355189122325	795.599975585938
907.050024019165	796
909.743994476809	796.039978027344
912.437100885322	796.400024414063
915.129343634532	796
917.820723114032	796.400024414063
920.511239713189	794.679992675781
923.200893821127	795.799987792969
925.889685826744	795.52001953125
928.577616118699	795.599975585938
931.264685085419	796.200012207031
933.950893115098	796.799987792969
936.6362405957	796.080017089844
939.320727914956	796.840026855469
942.004355460359	796.400024414063
944.687123619173	795.919982910156
947.369032778431	796.799987792969
950.050083324934	795.919982910156
952.730275645247	794.960021972656
955.409610125711	796.119995117188
958.088087152423	796.159973144531
960.765707111263	795.400024414063
963.442470387871	796.239990234375
966.118377367657	795.280029296875
968.793428435798	795.359985351563
971.467623977254	795.880004882813
974.140964376739	796.200012207031
976.813450018737	796.359985351563
979.485081287511	795.320007324219
982.155858567087	795.599975585938
984.825782241271	796
987.494852693624	796.359985351563
990.163070307487	795.719970703125
992.830435465978	795.880004882813
995.496948551973	795.919982910156
998.162609948122	795.440002441406
1000.82742003685	797.47998046875
1003.49137920036	799.840026855469
1006.15448782061	798.799987792969
1008.81674627934	798.159973144531
1011.47815495806	796.239990234375
1014.13871423805	794.280029296875
1016.79842450037	795.880004882813
1019.45728612586	795.200012207031
1022.11529949509	795.200012207031
1024.77246498846	794.47998046875
1027.4287829861	795
1030.08425386792	794.440002441406
1032.73887801363	795.280029296875
1035.3926558027	796.200012207031
1038.04558761435	795.47998046875
1040.69767382761	795.039978027344
1043.34891482125	795.280029296875
1045.99931097384	795.760009765625
1048.64886266371	796.159973144531
1051.29757026898	794.960021972656
1053.94543416753	795.440002441406
1056.59245473701	795.119995117188
1059.23863235486	795.280029296875
1061.8839673983	795.159973144531
1064.5284602443	795.320007324219
1067.17211126962	794.960021972656
1069.8149208508	795.559997558594
1072.45688936415	796.280029296875
1075.09801718577	796
1077.7383046915	795.320007324219
1080.377752257	796.320007324219
1083.01636025767	795.799987792969
1085.65412906872	796.52001953125
1088.2910590651	795.799987792969
1090.92715062157	796.359985351563
1093.56240411266	797.119995117188
1096.19681991265	796.719970703125
1098.83039839564	796.880004882813
1101.46313993547	796.640014648438
1104.09504490579	797.119995117188
1106.72611368	795.640014648438
1109.35634663129	795.280029296875
1111.98574413263	794.239990234375
1114.61430655677	794.440002441406
1117.24203427624	794.080017089844
1119.86892766333	794.440002441406
1122.49498709014	795
1125.12021292851	794.760009765625
1127.74460555011	796.080017089844
1130.36816532634	794.559997558594
1132.99089262841	794.840026855469
1135.6127878273	794.559997558594
1138.23385129376	793.280029296875
1140.85408339834	793.559997558594
1143.47348451137	792.799987792969
1146.09205500294	793
1148.70979524293	791.960021972656
1151.326705601	792.840026855469
1153.9427864466	792.960021972656
1156.55803814896	792.840026855469
1159.17246107707	794.47998046875
1161.78605559974	794.320007324219
1164.39882208551	793.760009765625
1167.01076090276	793
1169.6218724196	793.679992675781
1172.23215700396	794.400024414063
1174.84161502352	793.440002441406
1177.45024684578	793.440002441406
1180.05805283799	794.239990234375
1182.66503336719	793.440002441406
1185.27118880021	793.640014648438
1187.87651950367	794.200012207031
1190.48102584395	793.599975585938
1193.08470818723	793.239990234375
1195.68756689948	793.47998046875
1198.28960234643	793.280029296875
1200.89081489363	794.280029296875
1203.49120490636	795.52001953125
1206.09077274974	794.239990234375
1208.68951878864	795.400024414063
1211.28744338773	794.919982910156
1213.88454691145	795.52001953125
1216.48082972404	795.47998046875
1219.07629218953	795.52001953125
1221.6709346717	794.799987792969
1224.26475753416	795.719970703125
1226.85776114028	795.719970703125
1229.44994585322	796.640014648438
1232.04131203592	797.799987792969
1234.63186005112	796.919982910156
1237.22159026133	797.119995117188
1239.81050302886	797.119995117188
1242.3985987158	799.039978027344
1244.98587768402	799.52001953125
1247.5723402952	799.719970703125
1250.15798691078	799.159973144531
1252.74281789199	799.280029296875
1255.32683359987	798.719970703125
1257.91003439523	798.080017089844
1260.49242063865	798.599975585938
1263.07399269055	798.359985351563
1265.65475091108	798
1268.23469566021	796.359985351563
1270.81382729769	798.039978027344
1273.39214618306	797.320007324219
1275.96965267566	797.119995117188
1278.54634713458	796.880004882813
1281.12222991875	796.960021972656
1283.69730138685	796.52001953125
1286.27156189737	797
1288.84501180858	797.159973144531
1291.41765147853	798.039978027344
1293.98948126509	797.039978027344
1296.56050152589	798.119995117188
1299.13071261837	798.200012207031
1301.70011489973	797.159973144531
1304.268708727	798
1306.83649445698	798.359985351563
1309.40347244625	798.239990234375
1311.96964305119	797.159973144531
1314.53500662799	798.47998046875
1317.0995635326	799.159973144531
1319.66331412077	799.47998046875
1322.22625874806	798.840026855469
1324.7883977698	797.679992675781
1327.34973154112	798.280029296875
1329.91026041694	798.119995117188
1332.46998475197	798.119995117188
1335.0289049007	798.47998046875
1337.58702121746	799.200012207031
1340.14433405631	799.400024414063
1342.70084377115	799.039978027344
1345.25655071563	796.880004882813
1347.81145524323	796.919982910156
1350.36555770721	796.719970703125
1352.91885846062	796.119995117188
1355.47135785631	795.799987792969
1358.02305624691	794.159973144531
1360.57395398486	795.039978027344
1363.12405142237	795.039978027344
1365.67334891148	795.799987792969
1368.22184680399	795.320007324219
1370.76954545151	794.719970703125
1373.31644520545	794.599975585938
1375.86254641699	793.880004882813
1378.40784943713	793.840026855469
1380.95235461666	793.599975585938
1383.49606230615	794.080017089844
1386.03897285598	794
1388.58108661632	794.039978027344
1391.12240393713	793.880004882813
1393.66292516818	793.080017089844
1396.20265065903	794.039978027344
1398.74158075901	793.640014648438
1401.2797158173	793.719970703125
1403.81705618282	793.359985351563
1406.35360220431	793.760009765625
1408.88935423032	793.359985351563
1411.42431260919	793.119995117188
1413.95847768903	793.52001953125
1416.49184981777	793.119995117188
1419.02442934314	793.200012207031
1421.55621661266	793.440002441406
1424.08721197364	793.320007324219
1426.61741577321	793.799987792969
1429.14682835828	794.039978027344
1431.67545007555	794.200012207031
1434.20328127153	794.840026855469
1436.73032229253	795.719970703125
1439.25657348466	796.400024414063
1441.78203519381	797.080017089844
1444.3067077657	797.119995117188
1446.83059154581	798.200012207031
1449.35368687944	798.919982910156
1451.8759941117	797.960021972656
1454.39751358748	798.320007324219
1456.91824565148	797.039978027344
1459.43819064818	797.320007324219
1461.95734892189	797.080017089844
1464.4757208167	797
1466.99330667649	795
1469.51010684497	795.359985351563
1472.02612166564	795.200012207031
1474.54135148177	794.559997558594
1477.05579663646	794.320007324219
1479.56945747262	794.719970703125
1482.08233433293	794.52001953125
1484.59442755989	793.599975585938
1487.10573749579	793.760009765625
1489.61626448275	793.679992675781
1492.12600886264	793.080017089844
1494.63497097718	791.799987792969
1497.14315116786	791.200012207031
1499.65054977599	789.840026855469
1502.15716714267	790.119995117188
1504.66300360881	789.599975585938
1507.16805951512	789.799987792969
1509.67233520211	789.799987792969
1512.1758310101	789.679992675781
1514.67854727919	788.919982910156
1517.18048434931	790.080017089844
1519.68164256018	789.359985351563
1522.18202225132	789.559997558594
1524.68162376207	789.640014648438
1527.18044743155	788.679992675781
1529.67849359869	789.119995117188
1532.17576260224	789.840026855469
1534.67225478072	788.960021972656
1537.1679704725	789.679992675781
1539.66291001572	789.559997558594
1542.15707374832	789.039978027344
1544.65046200807	789.440002441406
1547.14307513254	789.679992675781
1549.63491345907	790.599975585938
1552.12597732485	790.47998046875
1554.61626706685	790.52001953125
1557.10578302185	790.559997558594
1559.59452552644	791.47998046875
1562.082494917	791.320007324219
1564.56969152973	791.599975585938
1567.05611570064	791.960021972656
1569.54176776552	791.200012207031
1572.02664806	792.799987792969
1574.51075691949	793.919982910156
1576.99409467921	793.400024414063
1579.4766616742	793.640014648438
1581.95845823929	793.080017089844
1584.43948470912	793.679992675781
1586.91974141815	792.359985351563
1589.39922870064	792.359985351563
1591.87794689064	792.640014648438
1594.35589632202	792.760009765625
1596.83307732848	792.159973144531
1599.30949024348	792.440002441406
1601.78513540033	792.679992675781
1604.26001313211	793.280029296875
1606.73412377175	793.880004882813
1609.20746765196	793.679992675781
1611.68004510526	793.559997558594
1614.15185646398	794.280029296875
1616.62290206026	793.440002441406
1619.09318222605	793.559997558594
1621.56269729311	793.200012207031
1624.031447593	793.359985351563
1626.4994334571	794.440002441406
1628.9666552166	794.47998046875
1631.43311320248	794.799987792969
1633.89880774554	794.840026855469
1636.3637391764	794.840026855469
1638.82790782548	794.400024414063
1641.29131402301	796.320007324219
1643.75395809903	796.52001953125
1646.21584038339	796.880004882813
1648.67696120575	797.119995117188
1651.13732089558	797.359985351563
1653.59691978216	797.119995117188
1656.05575819459	799.799987792969
1658.51383646175	798.919982910156
1660.97115491238	798.280029296875
1663.42771387498	798.919982910156
1665.8835136779	797.960021972656
1668.33855464928	798.799987792969
1670.79283711708	797.52001953125
1673.24636140907	797.400024414063
1675.69912785282	796.200012207031
1678.15113677572	796.359985351563
1680.602388505	794.719970703125
1683.05288336764	795.320007324219
1685.50262169049	794.039978027344
1687.95160380019	793.119995117188
1690.39983002318	791.359985351563
1692.84730068573	791.559997558594
1695.29401611392	791.280029296875
1697.73997663364	790.400024414063
1700.18518257059	790.880004882813
1702.6296342503	789.440002441406
1705.07333199807	788.599975585938
1707.51627613907	788.919982910156
1709.95846699824	788.799987792969
1712.39990490036	788.840026855469
1714.84059017001	787.559997558594
1717.28052313159	788.239990234375
1719.7197041093	787.799987792969
1722.15813342718	787.599975585938
1724.59581140906	786.47998046875
1727.03273837859	787.679992675781
1729.46891465926	787.039978027344
1731.90434057432	786.159973144531
1734.3390164469	786.47998046875
1736.7729425999	786.320007324219
1739.20611935604	786.280029296875
1741.63854703787	786.280029296875
1744.07022596776	786.359985351563
1746.50115646787	786.119995117188
1748.93133886019	786.400024414063
1751.36077346652	786.159973144531
1753.7894606085	786
1756.21740060755	786
1758.64459378494	785.559997558594
1761.07104046172	786.039978027344
1763.49674095879	785.880004882813
1765.92169559684	785.52001953125
1768.3459046964	785.400024414063
1770.7693685778	786.359985351563
1773.1920875612	785.440002441406
1775.61406196656	785.760009765625
1778.03529211367	784.840026855469
1780.45577832214	785.640014648438
1782.87552091138	785.159973144531
1785.29452020064	785.119995117188
1787.71277650897	785.159973144531
1790.13029015525	785.559997558594
1792.54706145817	785.400024414063
1794.96309073625	785.080017089844
1797.3783783078	785.280029296875
1799.79292449097	785.52001953125
1802.20672960375	784.880004882813
1804.61979396389	785.359985351563
1807.03211788902	784.880004882813
1809.44370169655	785.200012207031
1811.85454570373	785.039978027344
1814.2646502276	784.599975585938
1816.67401558506	785.640014648438
1819.0826420928	785.239990234375
1821.49053006734	785.47998046875
1823.89767982501	785.320007324219
1826.30409168198	784.679992675781
1828.70976595422	784.679992675781
1831.11470295753	784.760009765625
1833.51890300752	785
1835.92236641964	784.799987792969
1838.32509350914	784.840026855469
1840.72708459111	784.719970703125
1843.12833998044	784.640014648438
1845.52885999184	784.359985351563
1847.92864493987	785.760009765625
1850.32769513889	784.760009765625
1852.72601090307	784.400024414063
1855.12359254642	784.359985351563
1857.52044038278	785.159973144531
1859.91655472578	785.719970703125
1862.31193588889	785.440002441406
1864.70658418542	784.799987792969
1867.10049992847	784.440002441406
1869.49368343096	784.159973144531
1871.88613500568	784.840026855469
1874.27785496518	784.679992675781
1876.66884362188	785.080017089844
1879.059101288	785
1881.44862827559	784.919982910156
1883.8374248965	784.919982910156
1886.22549146246	784.719970703125
1888.61282828495	784.919982910156
1890.99943567534	784.840026855469
1893.38531394477	784.840026855469
1895.77046340424	784.719970703125
1898.15488436455	784.880004882813
1900.53857713634	785.400024414063
1902.92154203006	784.840026855469
1905.303779356	785
1907.68528942426	785.679992675781
1910.06607254477	785.119995117188
1912.44612902729	784.239990234375
1914.82545918139	783.960021972656
1917.20406331648	785
1919.58194174178	784.440002441406
1921.95909476634	784.679992675781
1924.33552269905	784.840026855469
1926.71122584861	784.679992675781
1929.08620452353	784.280029296875
1931.46045903219	784.679992675781
1933.83398968275	785
1936.20679678322	784.919982910156
1938.57888064142	784.719970703125
1940.95024156502	784.599975585938
1943.3208798615	784.320007324219
1945.69079583816	784.640014648438
1948.05998980213	784.799987792969
1950.42846206038	784.760009765625
1952.79621291969	784.640014648438
1955.16324268668	784.679992675781
1957.52955166778	784.799987792969
1959.89514016927	784.599975585938
1962.26000849723	784.359985351563
1964.62415695759	784.919982910156
1966.98758585609	784.880004882813
1969.3502954983	784.320007324219
1971.71228618964	784.960021972656
1974.07355823532	784.599975585938
1976.43411194042	785
1978.79394760981	785.039978027344
1981.1530655482	785
1983.51146606014	784.119995117188
1985.86914944999	785.200012207031
1988.22611602196	785.239990234375
1990.58236608007	785.039978027344
1992.93789992817	784.799987792969
1995.29271786995	785.080017089844
1997.64682020892	784.320007324219
2000.00020724843	784.599975585938
2002.35287929162	785.039978027344
2004.70483664152	784.919982910156
2007.05607960095	784.640014648438
2009.40660847256	784.919982910156
2011.75642355884	785.359985351563
2014.1055251621	784.960021972656
2016.4539135845	785.359985351563
2018.80158912802	784.679992675781
2021.14855209444	785.400024414063
2023.49480278542	785.280029296875
2025.84034150242	785.280029296875
2028.18516854673	784.52001953125
2030.52928421948	785.119995117188
2032.87268882163	785.280029296875
2035.21538265398	785
2037.55736601713	786.080017089844
2039.89863921153	785
2042.23920253747	784.919982910156
2044.57905629506	785.440002441406
2046.91820078425	785.119995117188
2049.2566363048	784.960021972656
2051.59436315633	785.359985351563
2053.93138163827	785.280029296875
2056.2676920499	785.719970703125
2058.6032946903	784.960021972656
2060.93818985843	784.919982910156
2063.27237785303	785.559997558594
2065.60585897272	785.039978027344
2067.93863351592	785.280029296875
2070.27070178089	785.320007324219
2072.60206406574	785.239990234375
2074.93272066838	784.919982910156
2077.26267188658	785.400024414063
2079.59191801793	784.599975585938
2081.92045935985	785.159973144531
2084.24829620962	785.47998046875
2086.57542886431	784.960021972656
2088.90185762087	785.719970703125
2091.22758277604	785.679992675781
2093.55260462643	784.760009765625
2095.87692346845	785.679992675781
2098.20053959837	785.159973144531
2100.52345331229	785.760009765625
2102.84566490614	785.280029296875
2105.16717467567	785.239990234375
2107.48798291649	785.239990234375
2109.80808992403	784.840026855469
2112.12749599355	785.159973144531
2114.44620142016	784.960021972656
2116.7642064988	785.280029296875
2119.08151152423	785.880004882813
2121.39811679106	785.440002441406
2123.71402259374	785
2126.02922922653	785.359985351563
2128.34373698356	785.159973144531
2130.65754615876	785.559997558594
2132.97065704594	784.760009765625
2135.28306993869	785.280029296875
2137.59478513047	785
2139.90580291459	784.440002441406
2142.21612358416	784.919982910156
2144.52574743214	785.239990234375
2146.83467475134	784.919982910156
2149.1429058344	785.400024414063
2151.45044097377	785.159973144531
2153.75728046178	784.640014648438
2156.06342459057	785.440002441406
2158.36887365212	785.320007324219
2160.67362793825	784.840026855469
2162.97768774061	784.880004882813
2165.28105335071	784.960021972656
2167.58372505987	784.840026855469
2169.88570315926	785.119995117188
2172.18698793988	785.080017089844
2174.48757969258	784.960021972656
2176.78747870805	785.159973144531
2179.08668527679	785.47998046875
2181.38519968917	785.119995117188
2183.68302223538	785.400024414063
2185.98015320547	784.719970703125
2188.27659288929	784.640014648438
2190.57234157656	785.200012207031
2192.86739955682	785.080017089844
2195.16176711948	785.559997558594
2197.45544455375	784.47998046875
2199.74843214869	785.039978027344
2202.04073019322	784.47998046875
2204.33233897607	785.239990234375
2206.62325878583	785.119995117188
2208.91348991093	785.039978027344
2211.20303263961	784.52001953125
2213.49188726	784.320007324219
2215.78005406001	784.47998046875
2218.06753332744	785
2220.35432534991	784.679992675781
2222.64043041487	784.679992675781
2224.92584880964	784.200012207031
2227.21058082134	784.52001953125
2229.49462673696	784.799987792969
2231.77798684332	784.400024414063
2234.06066142709	784.440002441406
2236.34265077477	784.760009765625
2238.62395517269	783.440002441406
2240.90457490706	784.52001953125
2243.18451026388	784.159973144531
2245.46376152904	784.640014648438
2247.74232898823	784.760009765625
2250.02021292701	784.52001953125
2252.29741363077	784.400024414063
2254.57393138475	784.52001953125
2256.849766474	784.280029296875
2259.12491918346	784.239990234375
2261.39938979788	784.239990234375
2263.67317860185	784.760009765625
2265.94628587983	784
2268.2187119161	783.919982910156
2270.49045699478	784
2272.76152139985	783.840026855469
2275.03190541511	784.880004882813
2277.30160932421	783.880004882813
2279.57063341067	784.400024414063
2281.83897795781	784.039978027344
2284.10664324882	784
2286.37362956672	784
2288.63993719439	783.440002441406
2290.90556641454	783.559997558594
2293.17051750973	784.359985351563
2295.43479076235	784.159973144531
2297.69838645465	784.239990234375
2299.96130486871	784.400024414063
2302.22354628647	784.440002441406
2304.48511098971	784.039978027344
2306.74599926003	784.359985351563
2309.00621137891	784.159973144531
2311.26574762765	784.400024414063
2313.52460828741	783.880004882813
2315.78279363917	783.880004882813
2318.04030396379	784.47998046875
2320.29713954195	784.47998046875
2322.55330065418	783.719970703125
2324.80878758085	784.320007324219
2327.06360060219	783.960021972656
2329.31773999826	783.239990234375
2331.57120604897	783.960021972656
2333.82399903409	783.640014648438
2336.0761192332	783.919982910156
2338.32756692577	784
2340.57834239108	784.47998046875
2342.82844590827	784
2345.07787775633	783.840026855469
2347.32663821409	784.080017089844
2349.57472756023	783.880004882813
2351.82214607327	784.080017089844
2354.06889403158	783.760009765625
2356.31497171337	783.400024414063
2358.56037939672	783.960021972656
2360.80511735953	783.599975585938
2363.04918587955	784.200012207031
2365.29258523439	783.679992675781
2367.5353157015	783.919982910156
2369.77737755817	784.159973144531
2372.01877108156	783.640014648438
2374.25949654865	783.960021972656
2376.49955423629	783.799987792969
2378.73894442115	783.47998046875
2380.97766737977	783.119995117188
2383.21572338855	783.52001953125
2385.45311272369	783.47998046875
2387.68983566129	783.719970703125
2389.92589247727	783.47998046875
2392.1612834474	783.400024414063
2394.39600884731	784.119995117188
2396.63006895246	783.960021972656
2398.86346403818	783.960021972656
2401.09619437962	783.799987792969
2403.32826025182	783.640014648438
2405.55966192963	783
2407.79039968777	783.799987792969
2410.0204738008	783.840026855469
2412.24988454313	784.47998046875
2414.47863218902	783.599975585938
2416.70671701258	783
2418.93413928778	783.679992675781
2421.16089928842	783.239990234375
2423.38699728817	783.960021972656
2425.61243356052	783.919982910156
2427.83720837884	783.320007324219
2430.06132201633	784.119995117188
2432.28477474606	783.47998046875
2434.50756684093	783.320007324219
2436.72969857371	783.440002441406
2438.95117021699	783.799987792969
2441.17198204325	783.47998046875
2443.39213432478	783.280029296875
2445.61162733376	783.640014648438
2447.83046134218	783.719970703125
2450.04863662192	783.840026855469
2452.26615344468	782.960021972656
2454.48301208203	783.799987792969
2456.69921280539	782.840026855469
2458.91475588602	783.880004882813
2461.12964159504	783.47998046875
2463.34387020342	783.640014648438
2465.55744198198	783
2467.77035720139	783.599975585938
2469.98261613217	783.119995117188
2472.1942190447	783.400024414063
2474.40516620922	783
2476.6154578958	783.159973144531
2478.82509437436	783.760009765625
2481.03407591471	783.239990234375
2483.24240278646	783.640014648438
2485.45007525911	783.159973144531
2487.65709360202	783
2489.86345808435	782.719970703125
2492.06916897518	783.799987792969
2494.27422654339	783.559997558594
2496.47863105774	783.760009765625
2498.68238278683	783.320007324219
2500.88548199912	783.960021972656
2503.08792896294	783.239990234375
2505.28972394643	783.359985351563
2507.49086721763	783.47998046875
2509.6913590444	783.919982910156
2511.89119969447	783.320007324219
2514.09038943543	783.359985351563
2516.2889285347	783.239990234375
2518.48681725957	783.640014648438
2520.6840558772	783.47998046875
2522.88064465456	783.359985351563
2525.07658385852	783.559997558594
2527.27187375578	782.840026855469
2529.4665146129	782.960021972656
2531.66050669629	783.239990234375
2533.85385027222	783.47998046875
2536.04654560681	783.960021972656
2538.23859296605	783.599975585938
2540.42999261577	783.400024414063
2542.62074482166	783.52001953125
2544.81084984925	783.359985351563
2547.00030796395	783.440002441406
2549.18911943101	783.320007324219
2551.37728451555	783.799987792969
2553.56480348252	783.599975585938
2555.75167659675	783.719970703125
2557.93790412292	783.400024414063
2560.12348632556	783.440002441406
2562.30842346905	783.719970703125
2564.49271581764	782.880004882813
2566.67636363544	783.840026855469
2568.85936718639	783.280029296875
2571.04172673431	783.47998046875
2573.22344254288	783.679992675781
2575.40451487562	783.840026855469
2577.58494399591	783.719970703125
2579.76473016699	783.359985351563
2581.94387365196	783.400024414063
2584.12237471377	783
2586.30023361523	783.320007324219
2588.47745061901	783.440002441406
2590.65402598763	782.880004882813
2592.82995998348	783.52001953125
2595.0052528688	783.679992675781
2597.17990490568	783.200012207031
2599.35391635608	784
2601.52728748181	783.760009765625
2603.70001854454	784.080017089844
2605.8721098058	783.52001953125
2608.04356152698	783.400024414063
2610.21437396931	782.960021972656
2612.3845473939	783.599975585938
2614.55408206173	783.359985351563
2616.72297823359	783.640014648438
2618.89123617017	783.280029296875
2621.058856132	783.440002441406
2623.22583837949	783.679992675781
2625.39218317288	783.880004882813
2627.55789077229	783.760009765625
2629.72296143769	783.47998046875
2631.88739542891	783.559997558594
2634.05119300563	783.559997558594
2636.21435442742	783.799987792969
2638.37687995367	783.679992675781
2640.53876984365	783.280029296875
2642.70002435649	783.280029296875
2644.86064375119	783.880004882813
2647.02062828658	784
2649.17997822137	783.679992675781
2651.33869381413	784.47998046875
2653.49677532328	784.080017089844
2655.65422300711	783.359985351563
2657.81103712378	783.280029296875
2659.96721793127	783.359985351563
2662.12276568747	783.840026855469
2664.2776806501	783.880004882813
2666.43196307675	783.880004882813
2668.58561322486	783.679992675781
2670.73863135176	783.679992675781
2672.8910177146	784.119995117188
2675.04277257043	783.799987792969
2677.19389617612	783.840026855469
2679.34438878845	783.840026855469
2681.49425066402	783.400024414063
2683.64348205931	783.919982910156
2685.79208323065	784.359985351563
2687.94005443425	783.799987792969
2690.08739592617	783.840026855469
2692.23410796233	784
2694.38019079852	783.840026855469
2696.52564469038	784.080017089844
2698.67046989342	784
2700.81466666302	784.440002441406
2702.9582352544	784.119995117188
2705.10117592265	784.239990234375
2707.24348892275	784.080017089844
2709.3851745095	783.599975585938
2711.5262329376	783.760009765625
2713.66666446158	784.719970703125
2715.80646933585	784.52001953125
2717.94564781468	784.239990234375
2720.08420015222	785.119995117188
2722.22212660245	784.359985351563
2724.35942741923	784.239990234375
2726.49610285628	784.719970703125
2728.63215316721	784.840026855469
2730.76757860544	784.799987792969
2732.9023794243	784.599975585938
2735.03655587697	784.52001953125
2737.17010821648	785.47998046875
2739.30303669573	784.960021972656
2741.4353415675	784.599975585938
2743.56702308442	785.640014648438
2745.69808149898	784.559997558594
2747.82851706355	784.919982910156
2749.95833003034	784.559997558594
2752.08752065145	784.280029296875
2754.21608917883	784.760009765625
2756.3440358643	784.679992675781
2758.47136095954	784.159973144531
2760.59806471609	784.840026855469
2762.72414738537	784.960021972656
2764.84960921865	784.679992675781
2766.97445046708	784.559997558594
2769.09867138166	784.880004882813
2771.22227221326	784.359985351563
2773.34525321263	784.359985351563
2775.46761463035	784.919982910156
2777.58935671691	784.760009765625
2779.71047972262	784.52001953125
2781.83098389771	784.200012207031
2783.95086949221	784.200012207031
2786.07013675607	784.679992675781
2788.18878593908	784.52001953125
2790.3068172909	784.559997558594
2792.42423106106	784.47998046875
2794.54102749895	784.760009765625
2796.65720685384	784.559997558594
2798.77276937486	784.320007324219
2800.88771531098	784.119995117188
2803.00204491107	785.080017089844
2805.11575842387	784.359985351563
2807.22885609796	784.559997558594
2809.34133818179	784.840026855469
2811.4532049237	784.400024414063
2813.56445657189	784.440002441406
2815.6750933744	785.200012207031
2817.78511557916	785.280029296875
2819.89452343398	786.080017089844
2822.00331718652	785.280029296875
2824.11149708429	785.440002441406
2826.2190633747	786.359985351563
2828.32601630502	786.200012207031
2830.43235612237	786.400024414063
2832.53808307375	785.880004882813
2834.64319740603	786.719970703125
2836.74769936595	787.960021972656
2838.85158920011	787.760009765625
2840.95486715497	789.440002441406
2843.05753347689	789.159973144531
2845.15958841206	791
2847.26103220657	792.760009765625
2849.36186510636	794.039978027344
2851.46208735724	793.880004882813
2853.56169920488	793.840026855469
2855.66070089485	792.880004882813
2857.75909267257	795.039978027344
2859.85687478332	795.719970703125
2861.95404747225	795.880004882813
2864.05061098439	796.559997558594
2866.14656556464	798.280029296875
2868.24191145777	800.359985351563
2870.3366489084	799.960021972656
2872.43077816104	801
2874.52429946006	802.599975585938
2876.61721304971	801.47998046875
2878.70951917409	802.280029296875
2880.8012180772	803.47998046875
2882.89231000287	803.400024414063
2884.98279519483	803.080017089844
2887.07267389667	804.280029296875
2889.16194635186	803.960021972656
2891.25061280373	805.799987792969
2893.33867349546	806.159973144531
2895.42612867015	805.52001953125
2897.51297857074	805
2899.59922344003	805.239990234375
2901.68486352071	805.599975585938
2903.76989905533	806.359985351563
2905.85433028632	806.239990234375
2907.93815745598	808.320007324219
2910.02138080648	808.919982910156
2912.10400057985	810.359985351563
2914.186017018	811.52001953125
2916.26743036271	811.440002441406
2918.34824085563	813.679992675781
2920.4284487383	812.760009765625
2922.5080542521	812.599975585938
2924.58705763829	816.719970703125
2926.66545913802	815.359985351563
2928.74325899231	817.599975585938
2930.82045744202	817.400024414063
2932.89705472792	819.960021972656
2934.97305109062	820.719970703125
2937.04844677063	820.799987792969
2939.12324200832	821.080017089844
2941.19743704393	819
2943.27103211757	816.52001953125
2945.34402746923	815.359985351563
2947.41642333876	814.719970703125
2949.48821996592	813.280029296875
2951.55941759028	813.239990234375
2953.63001645135	812.679992675781
2955.70001678845	811
2957.76941884083	811.159973144531
2959.83822284757	809.919982910156
2961.90642904764	809.47998046875
2963.97403767988	808.440002441406
2966.04104898302	807.760009765625
2968.10746319565	806.960021972656
2970.17328055621	808.400024414063
2972.23850130305	808.400024414063
2974.30312567438	808.559997558594
2976.36715390829	805.559997558594
2978.43058624273	805.559997558594
2980.49342291553	805.359985351563
2982.55566416439	806.280029296875
2984.61731022691	805.119995117188
2986.67836134051	803.559997558594
2988.73881774255	803.960021972656
2990.79867967021	801.640014648438
2992.85794736058	802.039978027344
2994.9166210506	801.320007324219
2996.97470097711	800.359985351563
2999.03218737679	800.679992675781
3001.08908048622	798.960021972656
3003.14538054186	799.400024414063
3005.20108778002	798.760009765625
3007.25620243691	799
3009.3107247486	799.440002441406
3011.36465495104	799.280029296875
3013.41799328004	797.320007324219
3015.47073997133	798.080017089844
3017.52289526045	796.47998046875
3019.57445938288	797.640014648438
3021.62543257393	797.880004882813
3023.6758150688	799.320007324219
3025.72560710258	798
3027.77480891021	797.159973144531
3029.82342072652	797.119995117188
3031.87144278622	798.320007324219
3033.91887532389	797.52001953125
3035.96571857399	797.359985351563
3038.01197277084	797.960021972656
3040.05763814867	799.840026855469
3042.10271494154	799.359985351563
3044.14720338344	800.280029296875
3046.19110370818	800.280029296875
3048.2344161495	800.239990234375
3050.27714094097	800.280029296875
3052.31927831608	801.200012207031
3054.36082850816	802.320007324219
3056.40179175044	802.52001953125
3058.44216827602	802.760009765625
3060.48195831786	803.039978027344
3062.52116210884	803.719970703125
3064.55977988167	804.799987792969
3066.59781186897	806.440002441406
3068.63525830322	805.159973144531
3070.67211941678	805
3072.7083954419	804.960021972656
3074.7440866107	803.719970703125
3076.77919315516	805.320007324219
3078.81371530716	806.080017089844
3080.84765329846	805.159973144531
3082.88100736068	805.200012207031
3084.91377772534	805.47998046875
3086.94596462381	805.559997558594
3088.97756828737	804.440002441406
3091.00858894714	807.200012207031
3093.03902683417	808.200012207031
3095.06888217933	809.359985351563
3097.09815521342	807.599975585938
3099.12684616709	809.840026855469
3101.15495527087	810.119995117188
3103.18248275518	810.440002441406
3105.20942885031	809.840026855469
3107.23579378642	810.239990234375
3109.26157779358	810.960021972656
3111.28678110171	811.880004882813
3113.31140394062	813
3115.33544654	814.239990234375
3117.35890912942	813.239990234375
3119.38179193832	813.640014648438
3121.40409519602	815.679992675781
3123.42581913174	815.840026855469
3125.44696397457	816.119995117188
3127.46752995345	817.919982910156
3129.48751729725	820.760009765625
3131.50692623469	819.640014648438
3133.52575699436	819.719970703125
3135.54400980476	820.679992675781
3137.56168489425	820.799987792969
3139.57878249108	823.280029296875
3141.59530282337	823.039978027344
3143.61124611913	821.47998046875
3145.62661260624	821.840026855469
3147.64140251247	822.919982910156
3149.65561606547	823
3151.66925349277	827.200012207031
3153.68231502177	830.840026855469
3155.69480087977	827.47998046875
3157.70671129394	827.52001953125
3159.71804649132	826.280029296875
3161.72880669886	829.200012207031
3163.73899214336	830.359985351563
3165.74860305152	832.159973144531
3167.75763964991	833.280029296875
3169.766102165	832.159973144531
3171.77399082313	835.960021972656
3173.7813058505	835.559997558594
3175.78804747323	831.47998046875
3177.79421591731	831.47998046875
3179.79981140859	833.359985351563
3181.80483417282	831.840026855469
3183.80928443564	835.119995117188
3185.81316242255	835.640014648438
3187.81646835896	839.679992675781
3189.81920247013	839.719970703125
3191.82136498122	838.280029296875
3193.82295611727	839.320007324219
3195.82397610321	841.359985351563
3197.82442516385	841.039978027344
3199.82430352386	838.47998046875
3201.82361140782	838.799987792969
3203.82234904018	840.320007324219
3205.82051664529	842.239990234375
3207.81811444735	844.119995117188
3209.81514267047	845.799987792969
3211.81160153863	845.239990234375
3213.80749127571	843.919982910156
3215.80281210545	843.159973144531
3217.79756425148	843.719970703125
3219.79174793733	843.200012207031
3221.7853633864	842.679992675781
3223.77841082196	847.320007324219
3225.77089046719	843.599975585938
3227.76280254513	845.039978027344
3229.75414727873	849.039978027344
3231.74492489081	850.679992675781
3233.73513560406	850.159973144531
3235.72477964107	850.119995117188
3237.71385722431	849.320007324219
3239.70236857614	850
3241.6903139188	846.119995117188
3243.6776934744	845
3245.66450746496	848.159973144531
3247.65075611237	848.359985351563
3249.63643963841	847.960021972656
3251.62155826472	849.47998046875
3253.60611221287	846.640014648438
3255.59010170428	844.799987792969
3257.57352696026	850.960021972656
3259.55638820202	853.47998046875
3261.53868565064	852.719970703125
3263.52041952708	848.640014648438
3265.50159005221	846.840026855469
3267.48219744676	846.47998046875
3269.46224193136	850.799987792969
3271.44172372651	853.359985351563
3273.42064305262	851.400024414063
3275.39900012996	851.47998046875
3277.3767951787	851.200012207031
3279.35402841889	852.239990234375
3281.33070007047	853.799987792969
3283.30681035326	854.080017089844
3285.28235948698	850.559997558594
3287.25734769121	849.159973144531
3289.23177518544	850.440002441406
3291.20564218903	849.200012207031
3293.17894892124	850.799987792969
3295.1516956012	850.679992675781
3297.12388244795	851.799987792969
3299.09550968039	851.599975585938
3301.06657751732	851.719970703125
3303.03708617743	849.880004882813
3305.00703587929	850
3306.97642684135	851.960021972656
3308.94525928196	850.799987792969
3310.91353341935	848.440002441406
3312.88124947164	849.359985351563
3314.84840765683	851.880004882813
3316.81500819282	852.52001953125
3318.78105129738	851.599975585938
3320.74653718818	848.760009765625
3322.71146608278	847.599975585938
3324.67583819861	845.599975585938
3326.639653753	847.559997558594
3328.60291296317	850.239990234375
3330.56561604621	850.239990234375
3332.52776321913	850.559997558594
3334.4893546988	847.52001953125
3336.45039070198	847.919982910156
3338.41087144533	844.359985351563
3340.37079714539	848.440002441406
3342.33016801859	849.52001953125
3344.28898428124	849.919982910156
3346.24724614955	849.52001953125
3348.20495383962	848.840026855469
3350.16210756742	848.919982910156
3352.11870754883	848.159973144531
3354.07475399961	849.080017089844
3356.03024713539	850.559997558594
3357.98518717173	851.559997558594
3359.93957432403	853.47998046875
3361.89340880761	853.239990234375
3363.84669083768	849.400024414063
3365.79942062933	845.119995117188
3367.75159839753	845.200012207031
3369.70322435715	844.719970703125
3371.65429872295	845.960021972656
3373.60482170957	849.359985351563
3375.55479353155	850.039978027344
3377.50421440332	850.280029296875
3379.45308453918	853.039978027344
3381.40140415335	853
3383.34917345991	852.320007324219
3385.29639267284	853.159973144531
3387.24306200602	848.719970703125
3389.18918167321	844.440002441406
3391.13475188806	849.52001953125
3393.07977286411	853.47998046875
3395.02424481479	853.919982910156
3396.96816795342	848.039978027344
3398.91154249322	849.400024414063
3400.85436864728	848.640014648438
3402.79664662859	847
3404.73837665004	847.599975585938
3406.67955892439	847.880004882813
3408.62019366432	848.760009765625
3410.56028108236	853.200012207031
3412.49982139096	850.039978027344
3414.43881480247	851.840026855469
3416.37726152909	852.880004882813
3418.31516178295	850.080017089844
3420.25251577605	848.880004882813
3422.18932372029	852.640014648438
3424.12558582746	852.400024414063
3426.06130230922	849.320007324219
3427.99647337717	846.52001953125
3429.93109924274	847.719970703125
3431.8651801173	849.960021972656
3433.79871621209	847.599975585938
3435.73170773824	849.52001953125
3437.66415490678	850.880004882813
3439.59605792862	853.119995117188
3441.52741701458	851.440002441406
3443.45823237536	850.440002441406
3445.38850422154	848.039978027344
3447.31823276362	847.919982910156
3449.24741821196	848.880004882813
3451.17606077684	849.400024414063
3453.10416066842	849.960021972656
3455.03171809674	845.039978027344
3456.95873327175	843.119995117188
3458.88520640329	848.080017089844
3460.81113770109	850.119995117188
3462.73652737477	844.400024414063
3464.66137563383	843.119995117188
3466.58568268769	843.640014648438
3468.50944874565	843.440002441406
3470.43267401689	842.239990234375
3472.3553587105	844.559997558594
3474.27750303545	842.320007324219
3476.19910720062	838.599975585938
3478.12017141476	838.880004882813
3480.04069588654	844.52001953125
3481.9606808245	843.359985351563
3483.88012643707	845.359985351563
3485.79903293259	844.47998046875
3487.7174005193	842.960021972656
3489.63522940532	841.280029296875
3491.55251979864	835.840026855469
3493.46927190719	837.52001953125
3495.38548593877	834.840026855469
3497.30116210107	829.640014648438
3499.21630060167	832.440002441406
3501.13090164807	833.200012207031
3503.04496544763	834.159973144531
3504.95849220763	834.559997558594
3506.87148213523	830.320007324219
3508.78393543748	828.52001953125
3510.69585232134	828.719970703125
3512.60723299365	825.320007324219
3514.51807766116	824.080017089844
3516.42838653049	829.400024414063
3518.33815980819	827.280029296875
3520.24739770066	826.400024414063
3522.15610041423	827.440002441406
3524.06426815511	826.559997558594
3525.9719011294	825.200012207031
3527.87899954311	823.640014648438
3529.78556360213	822.880004882813
3531.69159351225	824.640014648438
3533.59708947916	824.919982910156
3535.50205170844	823.320007324219
3537.40648040556	820.640014648438
3539.3103757759	819.320007324219
3541.21373802472	819.119995117188
3543.11656735717	817.440002441406
3545.01886397833	818.679992675781
3546.92062809313	818.799987792969
3548.82185990643	816.52001953125
3550.72255962297	817.080017089844
3552.62272744738	818.840026855469
3554.5223635842	816.320007324219
3556.42146823786	816.760009765625
3558.32004161268	816.52001953125
3560.21808391289	814
3562.11559534259	812
3564.01257610581	812
3565.90902640645	809.679992675781
3567.80494644831	811.440002441406
3569.7003364351	811.559997558594
3571.59519657042	813.039978027344
3573.48952705774	812.599975585938
3575.38332810048	811.239990234375
3577.27659990191	810.52001953125
3579.16934266521	810.080017089844
3581.06155659346	810.640014648438
3582.95324188965	810.359985351563
3584.84439875663	809.960021972656
3586.73502739718	808.359985351563
3588.62512801397	807.880004882813
3590.51470080955	805.919982910156
3592.40374598639	805.960021972656
3594.29226374685	805.080017089844
3596.18025429317	804.919982910156
3598.06771782751	804.599975585938
3599.95465455192	803
3601.84106466834	802.919982910156
3603.72694837861	803.559997558594
3605.61230588447	802.599975585938
3607.49713738756	804.760009765625
3609.38144308942	803.359985351563
3611.26522319148	802.760009765625
3613.14847789506	800.640014648438
3615.0312074014	801.719970703125
3616.91341191162	800.440002441406
3618.79509162674	800.039978027344
3620.67624674769	800.760009765625
3622.55687747528	800.559997558594
3624.43698401024	801.599975585938
3626.31656655317	800.919982910156
3628.1956253046	799.039978027344
3630.07416046492	798.52001953125
3631.95217223446	799
3633.82966081342	798.080017089844
3635.70662640191	797.280029296875
3637.58306919993	798.119995117188
3639.45898940739	797.239990234375
3641.33438722409	795.640014648438
3643.20926284973	795.52001953125
3645.08361648392	795.359985351563
3646.95744832614	796.320007324219
3648.8307585758	794.080017089844
3650.7035474322	794.440002441406
3652.57581509452	794.47998046875
3654.44756176188	793.359985351563
3656.31878763324	792.679992675781
3658.18949290753	793.119995117188
3660.05967778352	792.320007324219
3661.9293424599	791.679992675781
3663.79848713527	791.400024414063
3665.66711200812	791
3667.53521727684	790.52001953125
3669.40280313972	790
3671.26986979494	789.52001953125
3673.13641744059	789.200012207031
3675.00244627468	789.119995117188
