-140.373595351881	779.640014648438
-137.335129063906	779.599975585938
-134.297686810867	779.359985351563
-131.261268103955	779.200012207031
-128.225872454677	779.47998046875
-125.191499374839	779
-122.158148376567	779.320007324219
-119.125818972292	779.559997558594
-116.094510674759	779.119995117188
-113.064222997021	779.599975585938
-110.034955452443	779.039978027344
-107.006707554687	779.200012207031
-103.979478817741	779.200012207031
-100.95326875589	779.400024414063
-97.928076883731	779.320007324219
-94.9039027161698	779.200012207031
-91.8807457684175	779.440002441406
-88.8586055560018	779.280029296875
-85.8374815947384	779.280029296875
-82.8173734007715	778.799987792969
-79.7982804905411	779
-76.7802023807988	779.039978027344
-73.7631385885914	779.200012207031
-70.7470886312892	779.119995117188
-67.732052026553	779.159973144531
-64.7180282923587	779.080017089844
-61.7050169469884	779.239990234375
-58.6930175090183	779.159973144531
-55.6820294973386	779.559997558594
-52.6720524311495	779.679992675781
-49.66308582994	779.599975585938
-46.6551292135171	779.080017089844
-43.6481821019882	778.919982910156
-40.6422440157577	779.159973144531
-37.6373144755424	779
-34.6333930023594	779.559997558594
-31.630479117526	779.400024414063
-28.6285723426709	779.440002441406
-25.6276721997107	779.719970703125
-22.6277782108771	779.799987792969
-19.628889898701	779.640014648438
-16.6310067860081	779.280029296875
-13.6341283959385	779.640014648438
-10.6382542519231	783.679992675781
-7.64338387769432	801.400024414063
-4.64951679729502	842.960021972656
-1.65665253506141	865.200012207031
1.33520938438089	840
4.32606943608095	796.559997558594
7.315928094803	780.799987792969
10.3047858350146	779.799987792969
13.2926431308747	779.719970703125
16.2795004562541	779.320007324219
19.2653582847118	779.47998046875
22.2502170895187	779.52001953125
25.2340773436344	779.440002441406
28.216939519735	778.880004882813
31.1988040901939	779.239990234375
34.1796715270814	779.640014648438
37.1595423021732	779
40.1384168869468	779.159973144531
43.1162957525854	779.039978027344
46.0931793699786	779.280029296875
49.0690682097059	779.239990234375
52.0439627420619	778.840026855469
55.0178634370476	778.880004882813
57.9907707643592	779.080017089844
60.9626851933962	779.119995117188
63.9336071932735	779.320007324219
66.9035372328018	778.880004882813
69.8724757804959	779.119995117188
72.8404233045826	779.239990234375
75.8073802729932	779.159973144531
78.7733471533597	779.47998046875
81.738324413019	779.080017089844
84.702312519025	779.280029296875
87.665311938125	779.239990234375
90.6273231367761	779.159973144531
93.5883465811569	779.599975585938
96.5483827371242	779.239990234375
99.5074320702731	779.47998046875
102.465495045889	779.200012207031
105.422572128961	779.280029296875
108.378663784199	779
111.333770476014	779.159973144531
114.287892668528	779
117.24103082557	779.880004882813
120.193185410674	779.440002441406
123.144356887097	779.679992675781
126.094545717786	780.039978027344
129.043752365413	780.280029296875
131.991977292355	781.119995117188
134.939220960695	781.239990234375
137.885483832232	780.599975585938
140.83076636847	781.47998046875
143.775069030632	782
146.718392279644	782
149.660736576149	782.719970703125
152.602102380488	782.880004882813
155.54249015274	783.359985351563
158.481900352672	784.52001953125
161.420333439765	785.039978027344
164.357789873227	785.320007324219
167.294270111968	785.760009765625
170.229774614617	786.880004882813
173.164303839496	787.640014648438
176.097858244675	788.47998046875
179.030438287908	789.440002441406
181.962044426678	791
184.89267711817	789.840026855469
187.822336819302	791.159973144531
190.751023986678	792.640014648438
193.678739076648	792
196.605482545255	792.880004882813
199.531254848261	793.960021972656
202.456056441152	793.400024414063
205.379887779119	792.919982910156
208.30274931708	793.119995117188
211.224641509656	793.280029296875
214.145564811189	793.119995117188
217.06551967574	794.119995117188
219.984506557089	793.52001953125
222.902525908723	794.320007324219
225.819578183856	793.200012207031
228.735663835415	792.719970703125
231.650783316047	793.039978027344
234.564937078107	792.599975585938
237.478125573679	792.960021972656
240.390349254566	793.119995117188
243.301608572278	793.719970703125
246.211903978051	793.760009765625
249.121235922839	794.280029296875
252.029604857321	794.840026855469
254.93701123188	795.359985351563
257.843455496632	796.640014648438
260.748938101415	795.840026855469
263.653459495766	795.919982910156
266.557020128967	797
269.459620450005	799.640014648438
272.361260907595	800.200012207031
275.261941950168	798.960021972656
278.161664025874	798.919982910156
281.060427582592	799.880004882813
283.958233067921	798.280029296875
286.855080929176	798.47998046875
289.750971613398	798.080017089844
292.645905567344	799.400024414063
295.539883237503	799.280029296875
298.432905070079	797.760009765625
301.324971511007	797.679992675781
304.216083005931	798.159973144531
307.10624000023	800.599975585938
309.995442939003	801.200012207031
312.883692267071	805.200012207031
315.770988428979	813.440002441406
318.657331869	825.52001953125
321.542723031127	831.119995117188
324.427162359076	828.719970703125
327.310650296293	818.359985351563
330.193187285945	808.440002441406
333.074773770929	804.760009765625
335.955410193855	801.760009765625
338.835096997075	798.960021972656
341.713834622655	799.359985351563
344.59162351239	798.200012207031
347.468464107802	797.440002441406
350.344356850137	796.679992675781
353.219302180373	796.960021972656
356.093300539208	796.799987792969
358.966352367073	796.719970703125
361.838458104123	795.52001953125
364.70961819024	795.960021972656
367.579833065031	795.320007324219
370.449103167837	797
373.317428937727	797.200012207031
376.184810813496	796.47998046875
379.051249233659	795.760009765625
381.916744636474	796.080017089844
384.78129745992	796.52001953125
387.644908141706	795.239990234375
390.50757711927	795.919982910156
393.36930482978	796.119995117188
396.23009171014	795.799987792969
399.089938196969	795.640014648438
401.948844726631	795.919982910156
404.806811735214	796.119995117188
407.66383965853	795.599975585938
410.519928932138	796.47998046875
413.375079991314	795.640014648438
416.229293271071	796.200012207031
419.082569206155	796.400024414063
421.934908231031	796.280029296875
424.786310779917	797.280029296875
427.636777286748	796.119995117188
430.486308185189	796.599975585938
433.334903908649	795.719970703125
436.182564890262	796.960021972656
439.029291562898	796.960021972656
441.875084359157	796.280029296875
444.719943711374	796.080017089844
447.563870051618	796.159973144531
450.406863811695	796.440002441406
453.248925423132	795.440002441406
456.090055317208	796.200012207031
458.93025392492	795.239990234375
461.76952167701	794.799987792969
464.60785900395	795.280029296875
467.44526633595	796.719970703125
470.281744102955	796.919982910156
473.117292734635	795.719970703125
475.951912660415	795.719970703125
478.785604309439	795.559997558594
481.618368110592	795.200012207031
484.450204492499	795.640014648438
487.281113883518	795.960021972656
490.111096711738	796.039978027344
492.940153404999	794.760009765625
495.768284390864	796
498.595490096635	795.760009765625
501.421770949366	795.799987792969
504.247127375825	796
507.071559802537	795.880004882813
509.89506865575	796.359985351563
512.717654361473	797.400024414063
515.539317345424	796.200012207031
518.360058033083	796.280029296875
521.179876849652	796.640014648438
523.998774220083	797.159973144531
526.816750569068	796.599975585938
529.633806321025	796.280029296875
532.44994190013	795
535.265157730284	796.47998046875
538.079454235133	795.440002441406
540.892831838066	796.799987792969
543.705290962208	796.320007324219
546.516832030424	796.359985351563
549.32745546533	795.400024414063
552.137161689268	795.400024414063
554.945951124325	796.119995117188
557.753824192341	795.320007324219
560.560781314883	796.200012207031
563.36682291327	796.320007324219
566.171949408555	796
568.976161221537	795.359985351563
571.779458772759	794.840026855469
574.5818424825	794.919982910156
577.383312770792	796.200012207031
580.183870057402	796.440002441406
582.983514761843	795.440002441406
585.782247303363	796.239990234375
588.580068100976	796.840026855469
591.376977573414	796.52001953125
594.172976139164	795.200012207031
596.968064216463	795.799987792969
599.762242223282	795.640014648438
602.555510577335	795.200012207031
605.347869696099	795.239990234375
608.139319996771	795.280029296875
610.929861896313	795.960021972656
613.719495811421	794.599975585938
616.508222158541	794.799987792969
619.296041353863	796.599975585938
622.082953813324	795.559997558594
624.868959952607	795.52001953125
627.654060187137	795.119995117188
630.438254932094	795.640014648438
633.221544602397	796.280029296875
636.003929612719	794.799987792969
638.785410377468	795.52001953125
641.565987310814	796.52001953125
644.345660826665	795.400024414063
647.124431338674	796.52001953125
649.902299260252	795.760009765625
652.679265004552	795.239990234375
655.455328984475	794.960021972656
658.230491612671	795.919982910156
661.004753301541	796
663.778114463229	795.239990234375
666.550575509631	795.320007324219
669.322136852395	795.880004882813
672.092798902916	796.119995117188
674.862562072336	795.47998046875
677.631426771548	796
680.399393411204	795.47998046875
683.166462401689	796.280029296875
685.93263415315	795.039978027344
688.697909075486	795.880004882813
691.462287578337	795.840026855469
694.225770071098	794.239990234375
696.988356962926	795.47998046875
699.750048662705	795.47998046875
702.5108455791	795.599975585938
705.270748120503	795.239990234375
708.029756695068	794.880004882813
710.787871710705	795.119995117188
713.545093575065	795.640014648438
716.301422695566	795.52001953125
719.056859479364	796.239990234375
721.811404333376	796.119995117188
724.56505766427	796
727.317819878473	795.719970703125
730.069691382148	795.919982910156
732.820672581226	795.679992675781
735.570763881396	795.760009765625
738.319965688092	795.440002441406
741.068278406496	795.719970703125
743.815702441559	796.599975585938
746.562238197974	796.440002441406
749.307886080196	795.919982910156
752.052646492436	795.719970703125
754.796519838656	795.679992675781
757.539506522567	796.359985351563
760.28160694765	796.52001953125
763.022821517128	796.760009765625
765.76315063399	796.119995117188
768.502594700972	796.559997558594
771.241154120572	796.640014648438
773.978829295045	796.47998046875
776.715620626397	796.799987792969
779.451528516396	798.400024414063
782.186553366565	797.799987792969
784.920695578179	797.200012207031
787.653955552283	797.640014648438
790.386333689662	797.52001953125
793.117830390877	797
795.848446056227	796.039978027344
798.578181085792	796.119995117188
801.307035879389	794.919982910156
804.035010836599	795.320007324219
806.762106356774	795.640014648438
809.488322839013	794.919982910156
812.213660682169	795.640014648438
814.938120284866	796.52001953125
817.661702045482	796.159973144531
820.384406362153	796.359985351563
823.10623363278	796
825.827184255014	796
828.547258626283	796.840026855469
831.266457143747	795.52001953125
833.984780204358	796.359985351563
836.702228204804	795.119995117188
839.418801541552	795.159973144531
842.134500610814	794.960021972656
844.849325808575	795.280029296875
847.563277530579	796.599975585938
850.276356172319	796.359985351563
852.988562129066	796.960021972656
855.69989579585	796.200012207031
858.410357567456	796.320007324219
861.119947838428	796.760009765625
863.828667003087	795
866.536515455503	795.280029296875
869.243493589517	795.679992675781
871.949601798728	795.119995117188
874.654840476504	795.840026855469
877.359210015961	795.719970703125
880.062710810003	794.760009765625
882.765343251273	795.280029296875
885.467107732191	794.880004882813
888.168004644938	795.599975585938
890.868034381467	795.039978027344
893.567197333476	796.039978027344
896.265493892445	795.039978027344
898.962924449614	795.400024414063
901.659489395985	795.679992675781
904.355189122325	795.280029296875
907.050024019165	795.359985351563
909.743994476809	796.559997558594
912.437100885322	796.599975585938
915.129343634532	795.960021972656
917.820723114032	796.039978027344
920.511239713189	794.880004882813
923.200893821127	796.039978027344
925.889685826744	795.400024414063
928.577616118699	795.200012207031
931.264685085419	796.080017089844
933.950893115098	796.559997558594
936.6362405957	795.880004882813
939.320727914956	796.599975585938
942.004355460359	796.719970703125
944.687123619173	796.200012207031
947.369032778431	796.679992675781
950.050083324934	795.840026855469
952.730275645247	794.679992675781
955.409610125711	796.400024414063
958.088087152423	796.119995117188
960.765707111263	795.679992675781
963.442470387871	795.599975585938
966.118377367657	794.960021972656
968.793428435798	794.919982910156
971.467623977254	796.200012207031
974.140964376739	796.799987792969
976.813450018737	796.320007324219
979.485081287511	795.400024414063
982.155858567087	795.960021972656
984.825782241271	795.799987792969
987.494852693624	796.039978027344
990.163070307487	796.039978027344
992.830435465978	795.840026855469
995.496948551973	795.080017089844
998.162609948122	795.039978027344
1000.82742003685	797.719970703125
1003.49137920036	799.159973144531
1006.15448782061	799.080017089844
1008.81674627934	797.880004882813
1011.47815495806	796.440002441406
1014.13871423805	794.359985351563
1016.79842450037	795.840026855469
1019.45728612586	794.880004882813
1022.11529949509	794.919982910156
1024.77246498846	793.760009765625
1027.4287829861	795.039978027344
1030.08425386792	794.200012207031
1032.73887801363	795.679992675781
1035.3926558027	796.200012207031
1038.04558761435	795.280029296875
1040.69767382761	794.760009765625
1043.34891482125	795.239990234375
1045.99931097384	795.52001953125
1048.64886266371	795.880004882813
1051.29757026898	794.719970703125
1053.94543416753	795.039978027344
1056.59245473701	795.239990234375
1059.23863235486	794.960021972656
1061.8839673983	795.359985351563
1064.5284602443	795.280029296875
1067.17211126962	795.440002441406
1069.8149208508	795.799987792969
1072.45688936415	796.080017089844
1075.09801718577	796
1077.7383046915	795.400024414063
1080.377752257	796.280029296875
1083.01636025767	795.919982910156
1085.65412906872	796.599975585938
1088.2910590651	795.960021972656
1090.92715062157	796.080017089844
1093.56240411266	797
1096.19681991265	796.960021972656
1098.83039839564	796.760009765625
1101.46313993547	796.320007324219
1104.09504490579	796.280029296875
1106.72611368	796.559997558594
1109.35634663129	795.52001953125
1111.98574413263	794.880004882813
1114.61430655677	794.280029296875
1117.24203427624	794.119995117188
1119.86892766333	794.599975585938
1122.49498709014	795.239990234375
1125.12021292851	794.080017089844
1127.74460555011	795.47998046875
1130.36816532634	794.280029296875
1132.99089262841	794.840026855469
1135.6127878273	794.280029296875
1138.23385129376	793.119995117188
1140.85408339834	793.400024414063
1143.47348451137	792.599975585938
1146.09205500294	793.080017089844
1148.70979524293	792
1151.326705601	792.559997558594
1153.9427864466	792.559997558594
1156.55803814896	792.880004882813
1159.17246107707	794.47998046875
1161.78605559974	794.039978027344
1164.39882208551	794.200012207031
1167.01076090276	793.039978027344
1169.6218724196	794.239990234375
1172.23215700396	794.440002441406
1174.84161502352	793.159973144531
1177.45024684578	793.559997558594
1180.05805283799	793.760009765625
1182.66503336719	793.400024414063
1185.27118880021	792.919982910156
1187.87651950367	794.280029296875
1190.48102584395	793.640014648438
1193.08470818723	793.159973144531
1195.68756689948	793.280029296875
1198.28960234643	793.440002441406
1200.89081489363	794.159973144531
1203.49120490636	795.159973144531
1206.09077274974	794.280029296875
1208.68951878864	795.559997558594
1211.28744338773	794.880004882813
1213.88454691145	795.039978027344
1216.48082972404	795
1219.07629218953	795.200012207031
1221.6709346717	794.679992675781
1224.26475753416	795.919982910156
1226.85776114028	795.719970703125
1229.44994585322	796.52001953125
1232.04131203592	797.280029296875
1234.63186005112	796.919982910156
1237.22159026133	797.200012207031
1239.81050302886	797.200012207031
1242.3985987158	798.400024414063
1244.98587768402	799.239990234375
1247.5723402952	799.320007324219
1250.15798691078	798.919982910156
1252.74281789199	798.760009765625
1255.32683359987	798.599975585938
1257.91003439523	798.080017089844
1260.49242063865	798.200012207031
1263.07399269055	798.159973144531
1265.65475091108	797.960021972656
1268.23469566021	796.239990234375
1270.81382729769	798
1273.39214618306	796.880004882813
1275.96965267566	796.799987792969
1278.54634713458	796.679992675781
1281.12222991875	797.320007324219
1283.69730138685	796.559997558594
1286.27156189737	796.239990234375
1288.84501180858	796.960021972656
1291.41765147853	798.280029296875
1293.98948126509	796.52001953125
1296.56050152589	797.760009765625
1299.13071261837	798.080017089844
1301.70011489973	797.039978027344
1304.268708727	797.679992675781
1306.83649445698	797.679992675781
1309.40347244625	798.039978027344
1311.96964305119	797.039978027344
1314.53500662799	798.320007324219
1317.0995635326	799.799987792969
1319.66331412077	799.039978027344
1322.22625874806	798.52001953125
1324.7883977698	797.760009765625
1327.34973154112	797.880004882813
1329.91026041694	797.599975585938
1332.46998475197	797.640014648438
1335.0289049007	797.760009765625
1337.58702121746	798.47998046875
1340.14433405631	799.159973144531
1342.70084377115	798.47998046875
1345.25655071563	796.52001953125
1347.81145524323	796.440002441406
1350.36555770721	796.840026855469
1352.91885846062	795.960021972656
1355.47135785631	795.47998046875
1358.02305624691	793.799987792969
1360.57395398486	794.760009765625
1363.12405142237	794.919982910156
1365.67334891148	795.239990234375
1368.22184680399	795.159973144531
1370.76954545151	794.679992675781
1373.31644520545	794.52001953125
1375.86254641699	793.760009765625
1378.40784943713	794.080017089844
1380.95235461666	793.159973144531
1383.49606230615	793.760009765625
1386.03897285598	793.239990234375
1388.58108661632	793.719970703125
1391.12240393713	793.679992675781
1393.66292516818	793.400024414063
1396.20265065903	794.280029296875
1398.74158075901	793.559997558594
1401.2797158173	793.280029296875
1403.81705618282	793.119995117188
1406.35360220431	793.359985351563
1408.88935423032	793.239990234375
1411.42431260919	792.840026855469
1413.95847768903	793.47998046875
1416.49184981777	793.47998046875
1419.02442934314	793.320007324219
1421.55621661266	793.080017089844
1424.08721197364	793.679992675781
1426.61741577321	793.320007324219
1429.14682835828	793.559997558594
1431.67545007555	794.280029296875
1434.20328127153	794.799987792969
1436.73032229253	795.599975585938
1439.25657348466	796.239990234375
1441.78203519381	796.719970703125
1444.3067077657	797.159973144531
1446.83059154581	798.52001953125
1449.35368687944	798.760009765625
1451.8759941117	797.719970703125
1454.39751358748	798.640014648438
1456.91824565148	797.200012207031
1459.43819064818	797.280029296875
1461.95734892189	796.719970703125
1464.4757208167	796.840026855469
1466.99330667649	795.080017089844
1469.51010684497	795.080017089844
1472.02612166564	794.679992675781
1474.54135148177	793.799987792969
1477.05579663646	794.679992675781
1479.56945747262	794.599975585938
1482.08233433293	794
1484.59442755989	793
1487.10573749579	793.679992675781
1489.61626448275	793.320007324219
1492.12600886264	792.440002441406
1494.63497097718	791.719970703125
1497.14315116786	790.840026855469
1499.65054977599	790.039978027344
1502.15716714267	789.719970703125
1504.66300360881	789.760009765625
1507.16805951512	789.599975585938
1509.67233520211	789.559997558594
1512.1758310101	789.679992675781
1514.67854727919	789.200012207031
1517.18048434931	789.760009765625
1519.68164256018	789.320007324219
1522.18202225132	789.080017089844
1524.68162376207	789.880004882813
1527.18044743155	788.919982910156
1529.67849359869	788.919982910156
1532.17576260224	789.640014648438
1534.67225478072	789.640014648438
1537.1679704725	789.320007324219
1539.66291001572	790
1542.15707374832	789
1544.65046200807	789.119995117188
1547.14307513254	789.760009765625
1549.63491345907	790.47998046875
1552.12597732485	790.080017089844
1554.61626706685	790.239990234375
1557.10578302185	790.280029296875
1559.59452552644	791.440002441406
1562.082494917	791.239990234375
1564.56969152973	791.119995117188
1567.05611570064	791.919982910156
1569.54176776552	791
1572.02664806	792.640014648438
1574.51075691949	793.200012207031
1576.99409467921	793.440002441406
1579.4766616742	793.320007324219
1581.95845823929	792.960021972656
1584.43948470912	793.599975585938
1586.91974141815	792.400024414063
1589.39922870064	792.039978027344
1591.87794689064	792.559997558594
1594.35589632202	791.880004882813
1596.83307732848	792.200012207031
1599.30949024348	791.960021972656
1601.78513540033	792.599975585938
1604.26001313211	793.280029296875
1606.73412377175	793.840026855469
1609.20746765196	793.960021972656
1611.68004510526	793.47998046875
1614.15185646398	794.159973144531
1616.62290206026	793.719970703125
1619.09318222605	793.239990234375
1621.56269729311	792.799987792969
1624.031447593	793.400024414063
1626.4994334571	794.200012207031
1628.9666552166	794.559997558594
1631.43311320248	794.559997558594
1633.89880774554	794.559997558594
1636.3637391764	794.760009765625
1638.82790782548	794.200012207031
1641.29131402301	795.760009765625
1643.75395809903	796.599975585938
1646.21584038339	796.47998046875
1648.67696120575	797.359985351563
1651.13732089558	797
1653.59691978216	796.960021972656
1656.05575819459	799.840026855469
1658.51383646175	798.47998046875
1660.97115491238	797.559997558594
1663.42771387498	798.679992675781
1665.8835136779	797.719970703125
1668.33855464928	798.640014648438
1670.79283711708	797.679992675781
1673.24636140907	797.440002441406
1675.69912785282	796
1678.15113677572	796
1680.602388505	794.840026855469
1683.05288336764	795.280029296875
1685.50262169049	793.679992675781
1687.95160380019	793.039978027344
1690.39983002318	791.440002441406
1692.84730068573	791.200012207031
1695.29401611392	791
1697.73997663364	790.159973144531
1700.18518257059	790.840026855469
1702.6296342503	789.280029296875
1705.07333199807	788.239990234375
1707.51627613907	788.919982910156
1709.95846699824	788.599975585938
1712.39990490036	788.840026855469
1714.84059017001	787.760009765625
1717.28052313159	788.359985351563
1719.7197041093	787.640014648438
1722.15813342718	787.52001953125
1724.59581140906	786.640014648438
1727.03273837859	787.760009765625
1729.46891465926	787.159973144531
1731.90434057432	785.960021972656
1734.3390164469	786.760009765625
1736.7729425999	786.760009765625
1739.20611935604	786.119995117188
1741.63854703787	786.400024414063
1744.07022596776	786.47998046875
1746.50115646787	786.200012207031
1748.93133886019	786.280029296875
1751.36077346652	786.280029296875
1753.7894606085	786.159973144531
1756.21740060755	785.919982910156
1758.64459378494	785.47998046875
1761.07104046172	785.880004882813
1763.49674095879	785.960021972656
1765.92169559684	785.679992675781
1768.3459046964	785.52001953125
1770.7693685778	786.119995117188
1773.1920875612	785.640014648438
1775.61406196656	785.159973144531
1778.03529211367	785.119995117188
1780.45577832214	785.440002441406
1782.87552091138	785.400024414063
1785.29452020064	785.159973144531
1787.71277650897	785.359985351563
1790.13029015525	785.52001953125
1792.54706145817	785.280029296875
1794.96309073625	785.080017089844
1797.3783783078	785.239990234375
1799.79292449097	786.080017089844
1802.20672960375	784.760009765625
1804.61979396389	785.559997558594
1807.03211788902	785
1809.44370169655	785.239990234375
1811.85454570373	785.119995117188
1814.2646502276	784.719970703125
1816.67401558506	785.52001953125
1819.0826420928	785.52001953125
1821.49053006734	785.320007324219
1823.89767982501	785.400024414063
1826.30409168198	784.919982910156
1828.70976595422	784.760009765625
1831.11470295753	784.919982910156
1833.51890300752	784.960021972656
1835.92236641964	784.880004882813
1838.32509350914	784.799987792969
1840.72708459111	784.799987792969
1843.12833998044	784.840026855469
1845.52885999184	784.47998046875
1847.92864493987	785.599975585938
1850.32769513889	784.880004882813
1852.72601090307	784.760009765625
1855.12359254642	784.47998046875
1857.52044038278	784.799987792969
1859.91655472578	785.760009765625
1862.31193588889	785.359985351563
1864.70658418542	785
1867.10049992847	784.320007324219
1869.49368343096	784.359985351563
1871.88613500568	784.719970703125
1874.27785496518	784.719970703125
1876.66884362188	785.200012207031
1879.059101288	785.080017089844
1881.44862827559	784.52001953125
1883.8374248965	785.080017089844
1886.22549146246	784.47998046875
1888.61282828495	785.159973144531
1890.99943567534	785.320007324219
1893.38531394477	784.799987792969
1895.77046340424	784.919982910156
1898.15488436455	785.119995117188
1900.53857713634	785.47998046875
1902.92154203006	784.52001953125
1905.303779356	784.760009765625
1907.68528942426	785.159973144531
1910.06607254477	785.159973144531
1912.44612902729	784.359985351563
1914.82545918139	784.239990234375
1917.20406331648	784.599975585938
1919.58194174178	784.760009765625
1921.95909476634	784.880004882813
1924.33552269905	784.960021972656
1926.71122584861	784.679992675781
1929.08620452353	784.640014648438
1931.46045903219	784.960021972656
1933.83398968275	784.599975585938
1936.20679678322	784.679992675781
1938.57888064142	784.599975585938
1940.95024156502	784.679992675781
1943.3208798615	784.239990234375
1945.69079583816	784.599975585938
1948.05998980213	784.599975585938
1950.42846206038	784.919982910156
1952.79621291969	784.640014648438
1955.16324268668	784.52001953125
1957.52955166778	784.919982910156
1959.89514016927	784.599975585938
1962.26000849723	784.280029296875
1964.62415695759	785.080017089844
1966.98758585609	784.919982910156
1969.3502954983	784.47998046875
1971.71228618964	784.719970703125
1974.07355823532	784.679992675781
1976.43411194042	784.719970703125
1978.79394760981	784.840026855469
1981.1530655482	784.919982910156
1983.51146606014	784.679992675781
1985.86914944999	785
1988.22611602196	785.159973144531
1990.58236608007	785.559997558594
1992.93789992817	784.799987792969
1995.29271786995	784.760009765625
1997.64682020892	784.840026855469
2000.00020724843	784.799987792969
2002.35287929162	785.080017089844
2004.70483664152	785.359985351563
2007.05607960095	784.440002441406
2009.40660847256	784.239990234375
2011.75642355884	785.719970703125
2014.1055251621	784.760009765625
2016.4539135845	785.52001953125
2018.80158912802	785
2021.14855209444	784.919982910156
2023.49480278542	785.320007324219
2025.84034150242	784.880004882813
2028.18516854673	784.359985351563
2030.52928421948	784.960021972656
2032.87268882163	785.200012207031
2035.21538265398	784.919982910156
2037.55736601713	785.719970703125
2039.89863921153	784.880004882813
2042.23920253747	785
2044.57905629506	785.119995117188
2046.91820078425	784.919982910156
2049.2566363048	785.119995117188
2051.59436315633	784.880004882813
2053.93138163827	784.919982910156
2056.2676920499	785.919982910156
2058.6032946903	785.119995117188
2060.93818985843	785.039978027344
2063.27237785303	785.239990234375
2065.60585897272	785.320007324219
2067.93863351592	785.239990234375
2070.27070178089	785.239990234375
2072.60206406574	785.280029296875
2074.93272066838	785.039978027344
2077.26267188658	785.239990234375
2079.59191801793	784.799987792969
2081.92045935985	784.960021972656
2084.24829620962	785.239990234375
2086.57542886431	785.280029296875
2088.90185762087	785.719970703125
2091.22758277604	785.760009765625
2093.55260462643	784.760009765625
2095.87692346845	785.52001953125
2098.20053959837	784.840026855469
2100.52345331229	785.760009765625
2102.84566490614	785.400024414063
2105.16717467567	785.080017089844
2107.48798291649	785.039978027344
2109.80808992403	784.719970703125
2112.12749599355	785.320007324219
2114.44620142016	785.400024414063
2116.7642064988	785.440002441406
2119.08151152423	785.840026855469
2121.39811679106	785.359985351563
2123.71402259374	784.52001953125
2126.02922922653	785.400024414063
2128.34373698356	784.840026855469
2130.65754615876	786.080017089844
2132.97065704594	785.080017089844
2135.28306993869	785.52001953125
2137.59478513047	785.119995117188
2139.90580291459	784.719970703125
2142.21612358416	784.880004882813
2144.52574743214	785.359985351563
2146.83467475134	784.960021972656
2149.1429058344	785.080017089844
2151.45044097377	784.679992675781
2153.75728046178	784.47998046875
2156.06342459057	785.280029296875
2158.36887365212	785.239990234375
2160.67362793825	784.760009765625
2162.97768774061	784.919982910156
2165.28105335071	784.760009765625
2167.58372505987	785.119995117188
2169.88570315926	785
2172.18698793988	785
2174.48757969258	784.840026855469
2176.78747870805	784.840026855469
2179.08668527679	785.320007324219
2181.38519968917	784.760009765625
2183.68302223538	785.359985351563
2185.98015320547	784.47998046875
2188.27659288929	784.52001953125
2190.57234157656	785.400024414063
2192.86739955682	785
2195.16176711948	785.119995117188
2197.45544455375	784.280029296875
2199.74843214869	784.840026855469
2202.04073019322	784.679992675781
2204.33233897607	785.039978027344
2206.62325878583	785
2208.91348991093	784.719970703125
2211.20303263961	784.080017089844
2213.49188726	784.47998046875
2215.78005406001	784.320007324219
2218.06753332744	785.039978027344
2220.35432534991	785.119995117188
2222.64043041487	784.840026855469
2224.92584880964	784.320007324219
2227.21058082134	784.320007324219
2229.49462673696	784.960021972656
2231.77798684332	784.559997558594
2234.06066142709	784.359985351563
2236.34265077477	784.47998046875
2238.62395517269	783.359985351563
2240.90457490706	784.52001953125
2243.18451026388	784.159973144531
2245.46376152904	785.039978027344
2247.74232898823	784.320007324219
2250.02021292701	784.320007324219
2252.29741363077	784.719970703125
2254.57393138475	784.599975585938
2256.849766474	784.280029296875
2259.12491918346	784.119995117188
2261.39938979788	784.280029296875
2263.67317860185	784.359985351563
2265.94628587983	783.880004882813
2268.2187119161	783.840026855469
2270.49045699478	783.960021972656
2272.76152139985	783.599975585938
2275.03190541511	785.080017089844
2277.30160932421	784.080017089844
2279.57063341067	784.320007324219
2281.83897795781	784.080017089844
2284.10664324882	784.159973144531
2286.37362956672	784.119995117188
2288.63993719439	783.679992675781
2290.90556641454	783.799987792969
2293.17051750973	784.280029296875
2295.43479076235	784
2297.69838645465	784.440002441406
2299.96130486871	784.440002441406
2302.22354628647	784.559997558594
2304.48511098971	784
2306.74599926003	784.080017089844
2309.00621137891	783.919982910156
2311.26574762765	784.119995117188
2313.52460828741	784.039978027344
2315.78279363917	783.880004882813
2318.04030396379	784.440002441406
2320.29713954195	784.320007324219
2322.55330065418	783.880004882813
2324.80878758085	784.039978027344
2327.06360060219	783.880004882813
2329.31773999826	783.400024414063
2331.57120604897	784.159973144531
2333.82399903409	783.679992675781
2336.0761192332	783.799987792969
2338.32756692577	784.080017089844
2340.57834239108	784.440002441406
2342.82844590827	783.640014648438
2345.07787775633	783.719970703125
2347.32663821409	783.919982910156
2349.57472756023	783.799987792969
2351.82214607327	783.960021972656
2354.06889403158	783.679992675781
2356.31497171337	783.400024414063
2358.56037939672	783.840026855469
2360.80511735953	783.679992675781
2363.04918587955	784.52001953125
2365.29258523439	783.559997558594
2367.5353157015	783.960021972656
2369.77737755817	783.960021972656
2372.01877108156	783.760009765625
2374.25949654865	783.559997558594
2376.49955423629	783.919982910156
2378.73894442115	783.559997558594
2380.97766737977	783.359985351563
2383.21572338855	783.559997558594
2385.45311272369	783.440002441406
2387.68983566129	783.359985351563
2389.92589247727	783.440002441406
2392.1612834474	783.960021972656
2394.39600884731	783.919982910156
2396.63006895246	783.559997558594
2398.86346403818	783.719970703125
2401.09619437962	783.440002441406
2403.32826025182	783.719970703125
2405.55966192963	783.039978027344
2407.79039968777	783.440002441406
2410.0204738008	783.760009765625
2412.24988454313	784.039978027344
2414.47863218902	783.440002441406
2416.70671701258	783.119995117188
2418.93413928778	783.719970703125
2421.16089928842	783.320007324219
2423.38699728817	783.719970703125
2425.61243356052	783.760009765625
2427.83720837884	782.960021972656
2430.06132201633	784.159973144531
2432.28477474606	783.679992675781
2434.50756684093	783.47998046875
2436.72969857371	783.359985351563
2438.95117021699	783.960021972656
2441.17198204325	783.440002441406
2443.39213432478	783.080017089844
2445.61162733376	783.840026855469
2447.83046134218	783.880004882813
2450.04863662192	783.880004882813
2452.26615344468	783.320007324219
2454.48301208203	783.679992675781
2456.69921280539	783.359985351563
2458.91475588602	784.080017089844
2461.12964159504	783.080017089844
2463.34387020342	783.559997558594
2465.55744198198	782.799987792969
2467.77035720139	783.559997558594
2469.98261613217	783.239990234375
2472.1942190447	783.280029296875
2474.40516620922	782.960021972656
2476.6154578958	783.119995117188
2478.82509437436	783.760009765625
2481.03407591471	782.599975585938
2483.24240278646	783.559997558594
2485.45007525911	783.239990234375
2487.65709360202	783.119995117188
2489.86345808435	783.159973144531
2492.06916897518	783.640014648438
2494.27422654339	783.599975585938
2496.47863105774	783.760009765625
2498.68238278683	783.280029296875
2500.88548199912	783.440002441406
2503.08792896294	783.080017089844
2505.28972394643	783.280029296875
2507.49086721763	783.599975585938
2509.6913590444	783.799987792969
2511.89119969447	783.52001953125
2514.09038943543	783.200012207031
2516.2889285347	782.880004882813
2518.48681725957	783.200012207031
2520.6840558772	783.359985351563
2522.88064465456	783.359985351563
2525.07658385852	783.52001953125
2527.27187375578	782.960021972656
2529.4665146129	783.039978027344
2531.66050669629	783.239990234375
2533.85385027222	783.400024414063
2536.04654560681	783.679992675781
2538.23859296605	783.640014648438
2540.42999261577	783.239990234375
2542.62074482166	783.640014648438
2544.81084984925	783.200012207031
2547.00030796395	783.359985351563
2549.18911943101	783.359985351563
2551.37728451555	783.880004882813
2553.56480348252	783.52001953125
2555.75167659675	783.320007324219
2557.93790412292	783.440002441406
2560.12348632556	783.400024414063
2562.30842346905	783.440002441406
2564.49271581764	783.200012207031
2566.67636363544	783.599975585938
2568.85936718639	783.47998046875
2571.04172673431	783.320007324219
2573.22344254288	783.52001953125
2575.40451487562	784
2577.58494399591	783.640014648438
2579.76473016699	783.080017089844
2581.94387365196	783.400024414063
2584.12237471377	783.280029296875
2586.30023361523	783.159973144531
2588.47745061901	783.359985351563
2590.65402598763	782.799987792969
2592.82995998348	783.280029296875
2595.0052528688	783.880004882813
2597.17990490568	783.080017089844
2599.35391635608	783.679992675781
2601.52728748181	783.640014648438
2603.70001854454	783.880004882813
2605.8721098058	783.719970703125
2608.04356152698	783.280029296875
2610.21437396931	783
2612.3845473939	783.400024414063
2614.55408206173	783.47998046875
2616.72297823359	783.440002441406
2618.89123617017	783.359985351563
2621.058856132	783.400024414063
2623.22583837949	783.359985351563
2625.39218317288	783.599975585938
2627.55789077229	783.679992675781
2629.72296143769	783.440002441406
2631.88739542891	784
2634.05119300563	783.599975585938
2636.21435442742	783.599975585938
2638.37687995367	783.719970703125
2640.53876984365	783.400024414063
2642.70002435649	783.119995117188
2644.86064375119	783.880004882813
2647.02062828658	784.039978027344
2649.17997822137	783.719970703125
2651.33869381413	784.280029296875
2653.49677532328	784.320007324219
2655.65422300711	783.599975585938
2657.81103712378	783.200012207031
2659.96721793127	783.599975585938
2662.12276568747	783.840026855469
2664.2776806501	783.719970703125
2666.43196307675	783.52001953125
2668.58561322486	783.799987792969
2670.73863135176	783.599975585938
2672.8910177146	783.760009765625
2675.04277257043	783.440002441406
2677.19389617612	783.799987792969
2679.34438878845	783.760009765625
2681.49425066402	783.200012207031
2683.64348205931	783.880004882813
2685.79208323065	784.640014648438
2687.94005443425	783.719970703125
2690.08739592617	783.599975585938
2692.23410796233	784.080017089844
2694.38019079852	783.559997558594
2696.52564469038	784.440002441406
2698.67046989342	784
2700.81466666302	784.320007324219
2702.9582352544	784.239990234375
2705.10117592265	784.239990234375
2707.24348892275	784.039978027344
2709.3851745095	783.640014648438
2711.5262329376	783.760009765625
2713.66666446158	784.559997558594
2715.80646933585	784.679992675781
2717.94564781468	784.440002441406
2720.08420015222	785.159973144531
2722.22212660245	784.359985351563
2724.35942741923	784.159973144531
2726.49610285628	784.400024414063
2728.63215316721	784.719970703125
2730.76757860544	784.719970703125
2732.9023794243	784.760009765625
2735.03655587697	784.599975585938
2737.17010821648	785.359985351563
2739.30303669573	785.080017089844
2741.4353415675	784.119995117188
2743.56702308442	785.280029296875
2745.69808149898	784.039978027344
2747.82851706355	784.880004882813
2749.95833003034	784.799987792969
2752.08752065145	784.679992675781
2754.21608917883	784.960021972656
2756.3440358643	784.159973144531
2758.47136095954	784.159973144531
2760.59806471609	784.760009765625
2762.72414738537	784.559997558594
2764.84960921865	784.840026855469
2766.97445046708	784.47998046875
2769.09867138166	784.880004882813
2771.22227221326	783.960021972656
2773.34525321263	784.320007324219
2775.46761463035	784.559997558594
2777.58935671691	784.559997558594
2779.71047972262	784.599975585938
2781.83098389771	784.159973144531
2783.95086949221	784.080017089844
2786.07013675607	784.719970703125
2788.18878593908	784.440002441406
2790.3068172909	784.159973144531
2792.42423106106	784.599975585938
2794.54102749895	784.719970703125
2796.65720685384	784.599975585938
2798.77276937486	784.599975585938
2800.88771531098	783.760009765625
2803.00204491107	784.919982910156
2805.11575842387	784.280029296875
2807.22885609796	784.599975585938
2809.34133818179	785
2811.4532049237	784.400024414063
2813.56445657189	784.440002441406
2815.6750933744	785.200012207031
2817.78511557916	785.159973144531
2819.89452343398	785.840026855469
2822.00331718652	784.960021972656
2824.11149708429	785.679992675781
2826.2190633747	786.359985351563
2828.32601630502	785.919982910156
2830.43235612237	786
2832.53808307375	786.200012207031
2834.64319740603	786.799987792969
2836.74769936595	788
2838.85158920011	787.919982910156
2840.95486715497	789.119995117188
2843.05753347689	788.919982910156
2845.15958841206	790.679992675781
2847.26103220657	792.719970703125
2849.36186510636	793.559997558594
2851.46208735724	793.679992675781
2853.56169920488	793.799987792969
2855.66070089485	792.52001953125
2857.75909267257	795.200012207031
2859.85687478332	795.960021972656
2861.95404747225	795.760009765625
2864.05061098439	796.159973144531
2866.14656556464	798.359985351563
2868.24191145777	800
2870.3366489084	799.400024414063
2872.43077816104	800.840026855469
2874.52429946006	802.559997558594
2876.61721304971	801
2878.70951917409	801.599975585938
2880.8012180772	803.359985351563
2882.89231000287	803.640014648438
2884.98279519483	802.760009765625
2887.07267389667	804
2889.16194635186	803.919982910156
2891.25061280373	805.799987792969
2893.33867349546	806.320007324219
2895.42612867015	804.799987792969
2897.51297857074	804.799987792969
2899.59922344003	805.559997558594
2901.68486352071	805.440002441406
2903.76989905533	806.159973144531
2905.85433028632	805.840026855469
2907.93815745598	808.119995117188
2910.02138080648	808.599975585938
2912.10400057985	810.359985351563
2914.186017018	811.200012207031
2916.26743036271	811.200012207031
2918.34824085563	813.039978027344
2920.4284487383	813.119995117188
2922.5080542521	813.119995117188
2924.58705763829	815.599975585938
2926.66545913802	815.320007324219
2928.74325899231	817.280029296875
2930.82045744202	816.47998046875
2932.89705472792	819.640014648438
2934.97305109062	820.719970703125
2937.04844677063	820.320007324219
2939.12324200832	819.880004882813
2941.19743704393	818.559997558594
2943.27103211757	815.840026855469
2945.34402746923	815.119995117188
2947.41642333876	814.599975585938
2949.48821996592	813
2951.55941759028	813.080017089844
2953.63001645135	812
2955.70001678845	810.239990234375
2957.76941884083	811
2959.83822284757	810.359985351563
2961.90642904764	809.119995117188
2963.97403767988	808.440002441406
2966.04104898302	808
2968.10746319565	806.960021972656
2970.17328055621	808.400024414063
2972.23850130305	808.919982910156
2974.30312567438	808.239990234375
2976.36715390829	805.599975585938
2978.43058624273	805.159973144531
2980.49342291553	804.840026855469
2982.55566416439	805.52001953125
2984.61731022691	804.47998046875
2986.67836134051	803.599975585938
2988.73881774255	803.640014648438
2990.79867967021	801.640014648438
2992.85794736058	801.760009765625
2994.9166210506	800.880004882813
2996.97470097711	800.52001953125
2999.03218737679	800.559997558594
3001.08908048622	798.320007324219
3003.14538054186	799.119995117188
3005.20108778002	798.200012207031
3007.25620243691	798.440002441406
3009.3107247486	799.440002441406
3011.36465495104	798.52001953125
3013.41799328004	797.159973144531
3015.47073997133	798.400024414063
3017.52289526045	796.679992675781
3019.57445938288	797.039978027344
3021.62543257393	797.359985351563
3023.6758150688	798.919982910156
3025.72560710258	797.799987792969
3027.77480891021	796.760009765625
3029.82342072652	797.159973144531
3031.87144278622	797.840026855469
3033.91887532389	797.080017089844
3035.96571857399	797.359985351563
3038.01197277084	797.840026855469
3040.05763814867	799.599975585938
3042.10271494154	799.760009765625
3044.14720338344	800
3046.19110370818	799.960021972656
3048.2344161495	799.760009765625
3050.27714094097	800.599975585938
3052.31927831608	800.919982910156
3054.36082850816	802.280029296875
3056.40179175044	802.359985351563
3058.44216827602	803.080017089844
3060.48195831786	802.440002441406
3062.52116210884	804.320007324219
3064.55977988167	804.919982910156
3066.59781186897	805.719970703125
3068.63525830322	804.919982910156
3070.67211941678	805
3072.7083954419	805.119995117188
3074.7440866107	804.320007324219
3076.77919315516	805.760009765625
3078.81371530716	806.039978027344
3080.84765329846	804.960021972656
3082.88100736068	804.47998046875
3084.91377772534	804.880004882813
3086.94596462381	805.440002441406
3088.97756828737	804.640014648438
3091.00858894714	807.320007324219
3093.03902683417	807.599975585938
3095.06888217933	809.200012207031
3097.09815521342	808.239990234375
3099.12684616709	810.359985351563
3101.15495527087	809.239990234375
3103.18248275518	809.840026855469
3105.20942885031	809.599975585938
3107.23579378642	810.119995117188
3109.26157779358	811.080017089844
3111.28678110171	811.679992675781
3113.31140394062	811.919982910156
3115.33544654	814.039978027344
3117.35890912942	813.280029296875
3119.38179193832	813.799987792969
3121.40409519602	815.880004882813
3123.42581913174	815.559997558594
3125.44696397457	815.159973144531
3127.46752995345	817.320007324219
3129.48751729725	820.880004882813
3131.50692623469	818.880004882813
3133.52575699436	819.359985351563
3135.54400980476	820.080017089844
3137.56168489425	820.559997558594
3139.57878249108	823.159973144531
3141.59530282337	822.640014648438
3143.61124611913	821.960021972656
3145.62661260624	822
3147.64140251247	822.559997558594
3149.65561606547	823.239990234375
3151.66925349277	826.840026855469
3153.68231502177	830.080017089844
3155.69480087977	826.960021972656
3157.70671129394	826.760009765625
3159.71804649132	826.400024414063
3161.72880669886	829.640014648438
3163.73899214336	829.880004882813
3165.74860305152	832.080017089844
3167.75763964991	833.119995117188
3169.766102165	832.280029296875
3171.77399082313	836.320007324219
3173.7813058505	835.840026855469
3175.78804747323	831.679992675781
3177.79421591731	831.440002441406
3179.79981140859	833.960021972656
3181.80483417282	832.559997558594
3183.80928443564	835.039978027344
3185.81316242255	836.119995117188
3187.81646835896	839.559997558594
3189.81920247013	838.200012207031
3191.82136498122	839.159973144531
3193.82295611727	839.119995117188
3195.82397610321	840.679992675781
3197.82442516385	841.679992675781
3199.82430352386	837.799987792969
3201.82361140782	838.919982910156
3203.82234904018	840.320007324219
3205.82051664529	841.47998046875
3207.81811444735	845.200012207031
3209.81514267047	845.559997558594
3211.81160153863	845.200012207031
3213.80749127571	843.039978027344
3215.80281210545	843.280029296875
3217.79756425148	843.400024414063
3219.79174793733	843.039978027344
3221.7853633864	842.280029296875
3223.77841082196	847.200012207031
3225.77089046719	844.200012207031
3227.76280254513	845.119995117188
3229.75414727873	849.359985351563
3231.74492489081	850.640014648438
3233.73513560406	850.200012207031
3235.72477964107	849.880004882813
3237.71385722431	849.47998046875
3239.70236857614	850.039978027344
3241.6903139188	846.080017089844
3243.6776934744	845.47998046875
3245.66450746496	848.080017089844
3247.65075611237	848.440002441406
3249.63643963841	847.760009765625
3251.62155826472	849.679992675781
3253.60611221287	847.47998046875
3255.59010170428	846.080017089844
3257.57352696026	851.119995117188
3259.55638820202	853.760009765625
3261.53868565064	851.919982910156
3263.52041952708	848.400024414063
3265.50159005221	846.840026855469
3267.48219744676	845.679992675781
3269.46224193136	850
3271.44172372651	852.52001953125
3273.42064305262	850.919982910156
3275.39900012996	851.640014648438
3277.3767951787	851.159973144531
3279.35402841889	851.840026855469
3281.33070007047	853.919982910156
3283.30681035326	852.840026855469
3285.28235948698	850.919982910156
3287.25734769121	848.919982910156
3289.23177518544	850.880004882813
3291.20564218903	849.239990234375
3293.17894892124	851.239990234375
3295.1516956012	850.119995117188
3297.12388244795	850.919982910156
3299.09550968039	852.320007324219
3301.06657751732	851.919982910156
3303.03708617743	850.280029296875
3305.00703587929	849.599975585938
3306.97642684135	851.47998046875
3308.94525928196	851.080017089844
3310.91353341935	848.840026855469
3312.88124947164	850.320007324219
3314.84840765683	852.359985351563
3316.81500819282	852.760009765625
3318.78105129738	851.52001953125
3320.74653718818	848.559997558594
3322.71146608278	847.47998046875
3324.67583819861	846.47998046875
3326.639653753	847.760009765625
3328.60291296317	851.080017089844
3330.56561604621	851.400024414063
3332.52776321913	849.679992675781
3334.4893546988	848.320007324219
3336.45039070198	848
3338.41087144533	844.640014648438
3340.37079714539	847.599975585938
3342.33016801859	849.919982910156
3344.28898428124	849.880004882813
3346.24724614955	849.119995117188
3348.20495383962	847.719970703125
3350.16210756742	849.599975585938
3352.11870754883	848.719970703125
3354.07475399961	848.719970703125
3356.03024713539	849.799987792969
3357.98518717173	851.239990234375
3359.93957432403	854.080017089844
3361.89340880761	852.840026855469
3363.84669083768	848.880004882813
3365.79942062933	845.960021972656
3367.75159839753	844.960021972656
3369.70322435715	844.280029296875
3371.65429872295	846.039978027344
3373.60482170957	849.880004882813
3375.55479353155	849.760009765625
3377.50421440332	850.52001953125
3379.45308453918	852.559997558594
3381.40140415335	853.280029296875
3383.34917345991	852.359985351563
3385.29639267284	852.679992675781
3387.24306200602	848.400024414063
3389.18918167321	844.719970703125
3391.13475188806	849.200012207031
3393.07977286411	854.719970703125
3395.02424481479	853.320007324219
3396.96816795342	848.119995117188
3398.91154249322	850.200012207031
3400.85436864728	849.359985351563
3402.79664662859	846.640014648438
3404.73837665004	847.719970703125
3406.67955892439	847.799987792969
3408.62019366432	849.880004882813
3410.56028108236	853.559997558594
3412.49982139096	849.440002441406
3414.43881480247	851.280029296875
3416.37726152909	853.239990234375
3418.31516178295	850.359985351563
3420.25251577605	849.440002441406
3422.18932372029	853.359985351563
3424.12558582746	851
3426.06130230922	849.880004882813
3427.99647337717	846.280029296875
3429.93109924274	848.080017089844
3431.8651801173	850.200012207031
3433.79871621209	847.760009765625
3435.73170773824	850.679992675781
3437.66415490678	849.159973144531
3439.59605792862	852.359985351563
3441.52741701458	850.919982910156
3443.45823237536	850.719970703125
3445.38850422154	847.640014648438
3447.31823276362	847.52001953125
3449.24741821196	848.599975585938
3451.17606077684	848.679992675781
3453.10416066842	849.599975585938
3455.03171809674	845.840026855469
3456.95873327175	842.47998046875
3458.88520640329	848.640014648438
3460.81113770109	850.400024414063
3462.73652737477	844.760009765625
3464.66137563383	842.640014648438
3466.58568268769	843
3468.50944874565	843.52001953125
3470.43267401689	842.159973144531
3472.3553587105	844.039978027344
3474.27750303545	842.640014648438
3476.19910720062	838.320007324219
3478.12017141476	840
3480.04069588654	844.359985351563
3481.9606808245	843.679992675781
3483.88012643707	845.880004882813
3485.79903293259	846.320007324219
3487.7174005193	843.200012207031
3489.63522940532	841.039978027344
3491.55251979864	836.359985351563
3493.46927190719	836.679992675781
3495.38548593877	834.679992675781
3497.30116210107	829.799987792969
3499.21630060167	833.119995117188
3501.13090164807	833.799987792969
3503.04496544763	833.799987792969
3504.95849220763	834.320007324219
3506.87148213523	829.760009765625
3508.78393543748	828.559997558594
3510.69585232134	828.960021972656
3512.60723299365	826.559997558594
3514.51807766116	824.159973144531
3516.42838653049	828.679992675781
3518.33815980819	827.559997558594
3520.24739770066	825.359985351563
3522.15610041423	827.200012207031
3524.06426815511	827.159973144531
3525.9719011294	825.840026855469
3527.87899954311	823.47998046875
3529.78556360213	823.47998046875
3531.69159351225	825.320007324219
3533.59708947916	824.320007324219
3535.50205170844	822.919982910156
3537.40648040556	821.200012207031
3539.3103757759	819.359985351563
3541.21373802472	819.559997558594
3543.11656735717	817.919982910156
3545.01886397833	818.880004882813
3546.92062809313	818.039978027344
3548.82185990643	816.840026855469
3550.72255962297	817.359985351563
3552.62272744738	819.080017089844
3554.5223635842	816.599975585938
3556.42146823786	817.359985351563
3558.32004161268	815.599975585938
3560.21808391289	813.400024414063
3562.11559534259	812.039978027344
3564.01257610581	811.960021972656
3565.90902640645	809.919982910156
3567.80494644831	811.280029296875
3569.7003364351	811.239990234375
3571.59519657042	813.280029296875
3573.48952705774	812.239990234375
3575.38332810048	810.440002441406
3577.27659990191	810.640014648438
3579.16934266521	810.200012207031
3581.06155659346	809.840026855469
3582.95324188965	809.919982910156
3584.84439875663	809.52001953125
3586.73502739718	808.679992675781
3588.62512801397	807.840026855469
3590.51470080955	806.080017089844
3592.40374598639	805.880004882813
3594.29226374685	805.960021972656
3596.18025429317	805.239990234375
3598.06771782751	804.239990234375
3599.95465455192	803.799987792969
3601.84106466834	803
3603.72694837861	803.919982910156
3605.61230588447	803.039978027344
3607.49713738756	804.880004882813
3609.38144308942	803.760009765625
3611.26522319148	803.159973144531
3613.14847789506	801.119995117188
3615.0312074014	801.440002441406
3616.91341191162	800.599975585938
3618.79509162674	800.47998046875
3620.67624674769	800.840026855469
3622.55687747528	800.719970703125
3624.43698401024	801.400024414063
3626.31656655317	800.47998046875
3628.1956253046	798.919982910156
3630.07416046492	798.679992675781
3631.95217223446	798.640014648438
3633.82966081342	797.679992675781
3635.70662640191	797.599975585938
3637.58306919993	797.679992675781
3639.45898940739	797.400024414063
3641.33438722409	795.52001953125
3643.20926284973	795.440002441406
3645.08361648392	795.679992675781
3646.95744832614	796
3648.8307585758	793.679992675781
3650.7035474322	794.400024414063
3652.57581509452	794.039978027344
3654.44756176188	793.280029296875
3656.31878763324	793.119995117188
3658.18949290753	793.280029296875
3660.05967778352	792.52001953125
3661.9293424599	791.559997558594
3663.79848713527	791.239990234375
3665.66711200812	790.47998046875
3667.53521727684	791
3669.40280313972	790.400024414063
3671.26986979494	789.400024414063
3673.13641744059	789.280029296875
3675.00244627468	788.840026855469
