-140.373595351881	778.933349609375
-137.335129063906	779
-134.297686810867	779.200012207031
-131.261268103955	778.799987792969
-128.225872454677	778.866638183594
-125.191499374839	779.066650390625
-122.158148376567	778.599975585938
-119.125818972292	778.599975585938
-116.094510674759	778.933349609375
-113.064222997021	778.400024414063
-110.034955452443	778.799987792969
-107.006707554687	779.133361816406
-103.979478817741	778.866638183594
-100.95326875589	778.666687011719
-97.928076883731	779.066650390625
-94.9039027161698	779
-91.8807457684175	778.466674804688
-88.8586055560018	778.666687011719
-85.8374815947384	778.733337402344
-82.8173734007715	778.866638183594
-79.7982804905411	779.466674804688
-76.7802023807988	778.599975585938
-73.7631385885914	779
-70.7470886312892	778.599975585938
-67.732052026553	779
-64.7180282923587	778.400024414063
-61.7050169469884	778.599975585938
-58.6930175090183	778.533325195313
-55.6820294973386	779.266662597656
-52.6720524311495	778.666687011719
-49.66308582994	778.866638183594
-46.6551292135171	778.666687011719
-43.6481821019882	779
-40.6422440157577	778.666687011719
-37.6373144755424	778.400024414063
-34.6333930023594	778.933349609375
-31.630479117526	778.799987792969
-28.6285723426709	778.799987792969
-25.6276721997107	778.866638183594
-22.6277782108771	779.266662597656
-19.628889898701	779.200012207031
-16.6310067860081	779.066650390625
-13.6341283959385	779.666687011719
-10.6382542519231	783.133361816406
-7.64338387769432	800.200012207031
-4.64951679729502	837.133361816406
-1.65665253506141	862.066650390625
1.33520938438089	842.133361816406
4.32606943608095	794.333312988281
7.315928094803	780.799987792969
10.3047858350146	779.066650390625
13.2926431308747	778.733337402344
16.2795004562541	779
19.2653582847118	779.200012207031
22.2502170895187	778.866638183594
25.2340773436344	778.799987792969
28.216939519735	779.066650390625
31.1988040901939	778.533325195313
34.1796715270814	778.466674804688
37.1595423021732	778.533325195313
40.1384168869468	778.200012207031
43.1162957525854	778.666687011719
46.0931793699786	778.933349609375
49.0690682097059	779.066650390625
52.0439627420619	779.066650390625
55.0178634370476	778.666687011719
57.9907707643592	778.466674804688
60.9626851933962	778.400024414063
63.9336071932735	778.733337402344
66.9035372328018	778.533325195313
69.8724757804959	778.533325195313
72.8404233045826	779.200012207031
75.8073802729932	778.266662597656
78.7733471533597	778.466674804688
81.738324413019	778.799987792969
84.702312519025	778.599975585938
87.665311938125	778.666687011719
90.6273231367761	778.466674804688
93.5883465811569	778.599975585938
96.5483827371242	778.599975585938
99.5074320702731	778.733337402344
102.465495045889	778.533325195313
105.422572128961	778.733337402344
108.378663784199	778.866638183594
111.333770476014	778.599975585938
114.287892668528	778.333312988281
117.24103082557	779.133361816406
120.193185410674	779.200012207031
123.144356887097	779.466674804688
126.094545717786	779.266662597656
129.043752365413	779.866638183594
131.991977292355	779.933349609375
134.939220960695	780.200012207031
137.885483832232	781
140.83076636847	781.400024414063
143.775069030632	781.599975585938
146.718392279644	782.133361816406
149.660736576149	782.200012207031
152.602102380488	783.066650390625
155.54249015274	783.599975585938
158.481900352672	783.799987792969
161.420333439765	785.333312988281
164.357789873227	785.733337402344
167.294270111968	785.133361816406
170.229774614617	786.533325195313
173.164303839496	787.133361816406
176.097858244675	788.733337402344
179.030438287908	788
181.962044426678	789.799987792969
184.89267711817	790.866638183594
187.822336819302	789.799987792969
190.751023986678	791.466674804688
193.678739076648	792.133361816406
196.605482545255	792.400024414063
199.531254848261	792.666687011719
202.456056441152	792.666687011719
205.379887779119	792.799987792969
208.30274931708	792.333312988281
211.224641509656	793.400024414063
214.145564811189	792.200012207031
217.06551967574	793.133361816406
219.984506557089	792.866638183594
222.902525908723	794.133361816406
225.819578183856	793.400024414063
228.735663835415	792.866638183594
231.650783316047	792.066650390625
234.564937078107	792.599975585938
237.478125573679	792.266662597656
240.390349254566	793.400024414063
243.301608572278	792.666687011719
246.211903978051	793.333312988281
249.121235922839	793.200012207031
252.029604857321	794.733337402344
254.93701123188	795
257.843455496632	795
260.748938101415	796.200012207031
263.653459495766	797.200012207031
266.557020128967	797.333312988281
269.459620450005	797.533325195313
272.361260907595	797.599975585938
275.261941950168	797.933349609375
278.161664025874	797.266662597656
281.060427582592	798.266662597656
283.958233067921	798.933349609375
286.855080929176	798.933349609375
289.750971613398	797.733337402344
292.645905567344	798.066650390625
295.539883237503	797.733337402344
298.432905070079	798.133361816406
301.324971511007	797.466674804688
304.216083005931	799.133361816406
307.10624000023	798.799987792969
309.995442939003	801.799987792969
312.883692267071	804.533325195313
315.770988428979	815.266662597656
318.657331869	824.799987792969
321.542723031127	831.266662597656
324.427162359076	828.400024414063
327.310650296293	819.733337402344
330.193187285945	808.266662597656
333.074773770929	803.333312988281
335.955410193855	801.133361816406
338.835096997075	798.400024414063
341.713834622655	798.200012207031
344.59162351239	798
347.468464107802	797.200012207031
350.344356850137	796.599975585938
353.219302180373	796.933349609375
356.093300539208	796.533325195313
358.966352367073	795.733337402344
361.838458104123	796
364.70961819024	794.333312988281
367.579833065031	795.933349609375
370.449103167837	796.466674804688
373.317428937727	796.266662597656
376.184810813496	794.466674804688
379.051249233659	796.733337402344
381.916744636474	796.133361816406
384.78129745992	795.799987792969
387.644908141706	795.599975585938
390.50757711927	794
393.36930482978	795.533325195313
396.23009171014	795.933349609375
399.089938196969	797
401.948844726631	796.533325195313
404.806811735214	795.533325195313
407.66383965853	795.866638183594
410.519928932138	795.400024414063
413.375079991314	795.866638183594
416.229293271071	795.400024414063
419.082569206155	795.066650390625
421.934908231031	795.066650390625
424.786310779917	795.066650390625
427.636777286748	796.400024414063
430.486308185189	795.200012207031
433.334903908649	796.266662597656
436.182564890262	795.599975585938
439.029291562898	795.599975585938
441.875084359157	795.799987792969
444.719943711374	796.333312988281
447.563870051618	795
450.406863811695	796.466674804688
453.248925423132	794.533325195313
456.090055317208	795.933349609375
458.93025392492	795.866638183594
461.76952167701	794.866638183594
464.60785900395	794.933349609375
467.44526633595	795.666687011719
470.281744102955	796.066650390625
473.117292734635	795.200012207031
475.951912660415	793.866638183594
478.785604309439	795.533325195313
481.618368110592	795.533325195313
484.450204492499	795.266662597656
487.281113883518	795.733337402344
490.111096711738	794.933349609375
492.940153404999	795.333312988281
495.768284390864	795.266662597656
498.595490096635	794.533325195313
501.421770949366	795.866638183594
504.247127375825	796.400024414063
507.071559802537	797.133361816406
509.89506865575	795.799987792969
512.717654361473	796.066650390625
515.539317345424	796.266662597656
518.360058033083	794.933349609375
521.179876849652	795.933349609375
523.998774220083	795.666687011719
526.816750569068	796.266662597656
529.633806321025	796
532.44994190013	795.266662597656
535.265157730284	795.866638183594
538.079454235133	794.933349609375
540.892831838066	795.400024414063
543.705290962208	795.666687011719
546.516832030424	795.599975585938
549.32745546533	795.599975585938
552.137161689268	796
554.945951124325	796
557.753824192341	795.066650390625
560.560781314883	795.733337402344
563.36682291327	796.533325195313
566.171949408555	795.333312988281
568.976161221537	795
571.779458772759	795.599975585938
574.5818424825	795.200012207031
577.383312770792	795
580.183870057402	795.200012207031
582.983514761843	794.266662597656
585.782247303363	795.666687011719
588.580068100976	795.066650390625
591.376977573414	795.066650390625
594.172976139164	794.066650390625
596.968064216463	796
599.762242223282	795.599975585938
602.555510577335	795.733337402344
605.347869696099	795
608.139319996771	794.400024414063
610.929861896313	794.933349609375
613.719495811421	794.933349609375
616.508222158541	794.599975585938
619.296041353863	795.266662597656
622.082953813324	794.666687011719
624.868959952607	793.866638183594
627.654060187137	794
630.438254932094	792.933349609375
633.221544602397	795.466674804688
636.003929612719	794.933349609375
638.785410377468	795.066650390625
641.565987310814	795
644.345660826665	795.599975585938
647.124431338674	796.066650390625
649.902299260252	795.400024414063
652.679265004552	795.466674804688
655.455328984475	794.666687011719
658.230491612671	793.933349609375
661.004753301541	795.533325195313
663.778114463229	795.666687011719
666.550575509631	794
669.322136852395	794.933349609375
672.092798902916	795.400024414063
674.862562072336	795.666687011719
677.631426771548	794.333312988281
680.399393411204	795.333312988281
683.166462401689	795
685.93263415315	794.466674804688
688.697909075486	795
691.462287578337	795.799987792969
694.225770071098	794.533325195313
696.988356962926	794.266662597656
699.750048662705	794.066650390625
702.5108455791	795.266662597656
705.270748120503	795.733337402344
708.029756695068	794.933349609375
710.787871710705	795.200012207031
713.545093575065	794.533325195313
716.301422695566	795.400024414063
719.056859479364	795.333312988281
721.811404333376	794.599975585938
724.56505766427	796.400024414063
727.317819878473	795.333312988281
730.069691382148	796.400024414063
732.820672581226	794.666687011719
735.570763881396	795.733337402344
738.319965688092	795.666687011719
741.068278406496	795.333312988281
743.815702441559	795.133361816406
746.562238197974	795.400024414063
749.307886080196	795.866638183594
752.052646492436	795.466674804688
754.796519838656	796.599975585938
757.539506522567	794.866638183594
760.28160694765	795.599975585938
763.022821517128	796.133361816406
765.76315063399	795.333312988281
768.502594700972	794.133361816406
771.241154120572	795.266662597656
773.978829295045	795.666687011719
776.715620626397	796.933349609375
779.451528516396	797.866638183594
782.186553366565	798.333312988281
784.920695578179	796.799987792969
787.653955552283	796.799987792969
790.386333689662	797.733337402344
793.117830390877	795.266662597656
795.848446056227	795.866638183594
798.578181085792	795.799987792969
801.307035879389	796.799987792969
804.035010836599	795.666687011719
806.762106356774	796.200012207031
809.488322839013	794.866638183594
812.213660682169	796.066650390625
814.938120284866	795.133361816406
817.661702045482	796.200012207031
820.384406362153	795.666687011719
823.10623363278	795.133361816406
825.827184255014	796.066650390625
828.547258626283	794.466674804688
831.266457143747	794.466674804688
833.984780204358	795.266662597656
836.702228204804	794.533325195313
839.418801541552	795
842.134500610814	795
844.849325808575	795.533325195313
847.563277530579	795.133361816406
850.276356172319	795.733337402344
852.988562129066	796.799987792969
855.69989579585	796.333312988281
858.410357567456	796.599975585938
861.119947838428	795.400024414063
863.828667003087	794.666687011719
866.536515455503	795.266662597656
869.243493589517	794.333312988281
871.949601798728	796.066650390625
874.654840476504	795.266662597656
877.359210015961	795.400024414063
880.062710810003	795.599975585938
882.765343251273	795.066650390625
885.467107732191	795.466674804688
888.168004644938	796.266662597656
890.868034381467	795.200012207031
893.567197333476	795.533325195313
896.265493892445	795.066650390625
898.962924449614	794.799987792969
901.659489395985	794.799987792969
904.355189122325	795.733337402344
907.050024019165	794.799987792969
909.743994476809	794.866638183594
912.437100885322	794.933349609375
915.129343634532	794.866638183594
917.820723114032	794.266662597656
920.511239713189	795.066650390625
923.200893821127	795
925.889685826744	795.133361816406
928.577616118699	795.733337402344
931.264685085419	794.466674804688
933.950893115098	796.400024414063
936.6362405957	796.400024414063
939.320727914956	795.400024414063
942.004355460359	794.866638183594
944.687123619173	794.599975585938
947.369032778431	794.799987792969
950.050083324934	795.799987792969
952.730275645247	795.066650390625
955.409610125711	796.599975585938
958.088087152423	794.599975585938
960.765707111263	796.266662597656
963.442470387871	796.200012207031
966.118377367657	794.933349609375
968.793428435798	794.333312988281
971.467623977254	794.599975585938
974.140964376739	796.200012207031
976.813450018737	794.333312988281
979.485081287511	792.866638183594
982.155858567087	795.400024414063
984.825782241271	795.133361816406
987.494852693624	795.799987792969
990.163070307487	795.266662597656
992.830435465978	795.066650390625
995.496948551973	796.133361816406
998.162609948122	794.133361816406
1000.82742003685	797.200012207031
1003.49137920036	797.200012207031
1006.15448782061	798.599975585938
1008.81674627934	795.799987792969
1011.47815495806	795.200012207031
1014.13871423805	793.933349609375
1016.79842450037	794
1019.45728612586	794.333312988281
1022.11529949509	793.933349609375
1024.77246498846	794.400024414063
1027.4287829861	794.266662597656
1030.08425386792	793.333312988281
1032.73887801363	794.533325195313
1035.3926558027	793.933349609375
1038.04558761435	794.866638183594
1040.69767382761	794.400024414063
1043.34891482125	794.533325195313
1045.99931097384	795.533325195313
1048.64886266371	793.866638183594
1051.29757026898	794
1053.94543416753	795
1056.59245473701	794.533325195313
1059.23863235486	793.066650390625
1061.8839673983	793.866638183594
1064.5284602443	794.533325195313
1067.17211126962	794.200012207031
1069.8149208508	794.599975585938
1072.45688936415	794.133361816406
1075.09801718577	794.933349609375
1077.7383046915	796.133361816406
1080.377752257	796
1083.01636025767	795.200012207031
1085.65412906872	795.400024414063
1088.2910590651	796.133361816406
1090.92715062157	795.466674804688
1093.56240411266	795.599975585938
1096.19681991265	796.666687011719
1098.83039839564	797.266662597656
1101.46313993547	795.799987792969
1104.09504490579	794.866638183594
1106.72611368	794.799987792969
1109.35634663129	795.133361816406
1111.98574413263	794.066650390625
1114.61430655677	793.400024414063
1117.24203427624	793.266662597656
1119.86892766333	792.666687011719
1122.49498709014	795.599975585938
1125.12021292851	793.866638183594
1127.74460555011	794.799987792969
1130.36816532634	793.733337402344
1132.99089262841	794.266662597656
1135.6127878273	793.599975585938
1138.23385129376	792.066650390625
1140.85408339834	792.866638183594
1143.47348451137	791.866638183594
1146.09205500294	792.266662597656
1148.70979524293	791.400024414063
1151.326705601	792.799987792969
1153.9427864466	793.200012207031
1156.55803814896	791.866638183594
1159.17246107707	792.599975585938
1161.78605559974	792.200012207031
1164.39882208551	791.799987792969
1167.01076090276	793.066650390625
1169.6218724196	792.599975585938
1172.23215700396	792.599975585938
1174.84161502352	793
1177.45024684578	793.400024414063
1180.05805283799	793.533325195313
1182.66503336719	793.200012207031
1185.27118880021	792.666687011719
1187.87651950367	793.466674804688
1190.48102584395	791.933349609375
1193.08470818723	792.666687011719
1195.68756689948	793.333312988281
1198.28960234643	793.666687011719
1200.89081489363	793.400024414063
1203.49120490636	793.333312988281
1206.09077274974	794.266662597656
1208.68951878864	793.666687011719
1211.28744338773	795.133361816406
1213.88454691145	794.533325195313
1216.48082972404	795.066650390625
1219.07629218953	794.200012207031
1221.6709346717	794
1224.26475753416	793.866638183594
1226.85776114028	794.799987792969
1229.44994585322	795.333312988281
1232.04131203592	796
1234.63186005112	796
1237.22159026133	796.866638183594
1239.81050302886	796.333312988281
1242.3985987158	797.666687011719
1244.98587768402	798.799987792969
1247.5723402952	797.799987792969
1250.15798691078	798.799987792969
1252.74281789199	798.599975585938
1255.32683359987	797.666687011719
1257.91003439523	797.200012207031
1260.49242063865	797.533325195313
1263.07399269055	796.666687011719
1265.65475091108	797
1268.23469566021	795.799987792969
1270.81382729769	796
1273.39214618306	796.666687011719
1275.96965267566	796.666687011719
1278.54634713458	796.933349609375
1281.12222991875	795
1283.69730138685	795.466674804688
1286.27156189737	796.466674804688
1288.84501180858	797.266662597656
1291.41765147853	796.666687011719
1293.98948126509	795.866638183594
1296.56050152589	797.266662597656
1299.13071261837	796
1301.70011489973	796.666687011719
1304.268708727	796.733337402344
1306.83649445698	796.666687011719
1309.40347244625	797.133361816406
1311.96964305119	798.599975585938
1314.53500662799	797
1317.0995635326	798.200012207031
1319.66331412077	796.200012207031
1322.22625874806	797.799987792969
1324.7883977698	797.066650390625
1327.34973154112	796.266662597656
1329.91026041694	796.266662597656
1332.46998475197	797.400024414063
1335.0289049007	796.599975585938
1337.58702121746	797.066650390625
1340.14433405631	797.866638183594
1342.70084377115	798.066650390625
1345.25655071563	797.200012207031
1347.81145524323	796.066650390625
1350.36555770721	796.133361816406
1352.91885846062	794.799987792969
1355.47135785631	794.200012207031
1358.02305624691	794.466674804688
1360.57395398486	796
1363.12405142237	793
1365.67334891148	793.799987792969
1368.22184680399	794.400024414063
1370.76954545151	794.799987792969
1373.31644520545	793.333312988281
1375.86254641699	793.866638183594
1378.40784943713	793.333312988281
1380.95235461666	793.733337402344
1383.49606230615	792.933349609375
1386.03897285598	792.066650390625
1388.58108661632	793.466674804688
1391.12240393713	793.466674804688
1393.66292516818	792.666687011719
1396.20265065903	792.599975585938
1398.74158075901	792.933349609375
1401.2797158173	793.266662597656
1403.81705618282	792.799987792969
1406.35360220431	792.466674804688
1408.88935423032	792.400024414063
1411.42431260919	792.733337402344
1413.95847768903	793.133361816406
1416.49184981777	793.066650390625
1419.02442934314	793.066650390625
1421.55621661266	792.799987792969
1424.08721197364	792.066650390625
1426.61741577321	793.066650390625
1429.14682835828	792.666687011719
1431.67545007555	793.400024414063
1434.20328127153	793.933349609375
1436.73032229253	793.866638183594
1439.25657348466	794.799987792969
1441.78203519381	794.733337402344
1444.3067077657	796.599975585938
1446.83059154581	797.400024414063
1449.35368687944	797.799987792969
1451.8759941117	797
1454.39751358748	798.799987792969
1456.91824565148	799.133361816406
1459.43819064818	797.133361816406
1461.95734892189	795.599975585938
1464.4757208167	795.266662597656
1466.99330667649	793.599975585938
1469.51010684497	793.799987792969
1472.02612166564	795
1474.54135148177	794
1477.05579663646	793.200012207031
1479.56945747262	793.400024414063
1482.08233433293	793.666687011719
1484.59442755989	792.533325195313
1487.10573749579	792.466674804688
1489.61626448275	790.933349609375
1492.12600886264	790.866638183594
1494.63497097718	791.533325195313
1497.14315116786	790.333312988281
1499.65054977599	789.799987792969
1502.15716714267	788.799987792969
1504.66300360881	789.066650390625
1507.16805951512	788.799987792969
1509.67233520211	789.266662597656
1512.1758310101	788.333312988281
1514.67854727919	788.133361816406
1517.18048434931	789.066650390625
1519.68164256018	789.400024414063
1522.18202225132	788.333312988281
1524.68162376207	789.799987792969
1527.18044743155	788.666687011719
1529.67849359869	789.400024414063
1532.17576260224	788.333312988281
1534.67225478072	789
1537.1679704725	789.599975585938
1539.66291001572	788.333312988281
1542.15707374832	790.133361816406
1544.65046200807	789.266662597656
1547.14307513254	788.799987792969
1549.63491345907	790.133361816406
1552.12597732485	789.466674804688
1554.61626706685	789.533325195313
1557.10578302185	788.799987792969
1559.59452552644	790.133361816406
1562.082494917	790.866638183594
1564.56969152973	790.533325195313
1567.05611570064	791.333312988281
1569.54176776552	790.866638183594
1572.02664806	791.666687011719
1574.51075691949	792.733337402344
1576.99409467921	793.400024414063
1579.4766616742	793.333312988281
1581.95845823929	791.200012207031
1584.43948470912	792.733337402344
1586.91974141815	791.799987792969
1589.39922870064	791.066650390625
1591.87794689064	792.066650390625
1594.35589632202	792.400024414063
1596.83307732848	791.799987792969
1599.30949024348	791.733337402344
1601.78513540033	791.933349609375
1604.26001313211	792.799987792969
1606.73412377175	792.466674804688
1609.20746765196	791.666687011719
1611.68004510526	792.733337402344
1614.15185646398	793.133361816406
1616.62290206026	794.266662597656
1619.09318222605	794.200012207031
1621.56269729311	791.666687011719
1624.031447593	792.799987792969
1626.4994334571	793.200012207031
1628.9666552166	794.866638183594
1631.43311320248	793.866638183594
1633.89880774554	793.466674804688
1636.3637391764	792.733337402344
1638.82790782548	793.266662597656
1641.29131402301	795.200012207031
1643.75395809903	795.333312988281
1646.21584038339	796.133361816406
1648.67696120575	796.799987792969
1651.13732089558	795.799987792969
1653.59691978216	795.466674804688
1656.05575819459	797.599975585938
1658.51383646175	798.533325195313
1660.97115491238	796.533325195313
1663.42771387498	795.666687011719
1665.8835136779	795.400024414063
1668.33855464928	795.799987792969
1670.79283711708	797
1673.24636140907	795.133361816406
1675.69912785282	795.799987792969
1678.15113677572	793.533325195313
1680.602388505	794.400024414063
1683.05288336764	794.133361816406
1685.50262169049	793.466674804688
1687.95160380019	792.266662597656
1690.39983002318	791.733337402344
1692.84730068573	791.666687011719
1695.29401611392	791.266662597656
1697.73997663364	789.466674804688
1700.18518257059	789.799987792969
1702.6296342503	789
1705.07333199807	788.866638183594
1707.51627613907	787.133361816406
1709.95846699824	787.200012207031
1712.39990490036	787.799987792969
1714.84059017001	787.266662597656
1717.28052313159	787.466674804688
1719.7197041093	786.533325195313
1722.15813342718	786
1724.59581140906	786.200012207031
1727.03273837859	787
1729.46891465926	786.799987792969
1731.90434057432	786.066650390625
1734.3390164469	787
1736.7729425999	785.533325195313
1739.20611935604	785.866638183594
1741.63854703787	785.933349609375
1744.07022596776	786.133361816406
1746.50115646787	784.866638183594
1748.93133886019	785.066650390625
1751.36077346652	785.866638183594
1753.7894606085	785.533325195313
1756.21740060755	785.466674804688
1758.64459378494	784.733337402344
1761.07104046172	785.799987792969
1763.49674095879	784.666687011719
1765.92169559684	785.266662597656
1768.3459046964	784.733337402344
1770.7693685778	785.200012207031
1773.1920875612	785
1775.61406196656	785.066650390625
1778.03529211367	784.599975585938
1780.45577832214	785.333312988281
1782.87552091138	784.866638183594
1785.29452020064	785.599975585938
1787.71277650897	785.066650390625
1790.13029015525	784.733337402344
1792.54706145817	784.599975585938
1794.96309073625	784.799987792969
1797.3783783078	784.333312988281
1799.79292449097	785.200012207031
1802.20672960375	785.333312988281
1804.61979396389	784.533325195313
1807.03211788902	785.599975585938
1809.44370169655	784.466674804688
1811.85454570373	784.333312988281
1814.2646502276	783.866638183594
1816.67401558506	784.400024414063
1819.0826420928	784.533325195313
1821.49053006734	784.799987792969
1823.89767982501	785.200012207031
1826.30409168198	784.466674804688
1828.70976595422	784.933349609375
1831.11470295753	785
1833.51890300752	783.933349609375
1835.92236641964	784.466674804688
1838.32509350914	783.666687011719
1840.72708459111	784.533325195313
1843.12833998044	784
1845.52885999184	784.200012207031
1847.92864493987	784.733337402344
1850.32769513889	784.666687011719
1852.72601090307	783.933349609375
1855.12359254642	783.933349609375
1857.52044038278	783.599975585938
1859.91655472578	784.133361816406
1862.31193588889	784.599975585938
1864.70658418542	784.066650390625
1867.10049992847	784.200012207031
1869.49368343096	783.333312988281
1871.88613500568	784.799987792969
1874.27785496518	784.066650390625
1876.66884362188	784.799987792969
1879.059101288	784.933349609375
1881.44862827559	784.200012207031
1883.8374248965	783.666687011719
1886.22549146246	784.200012207031
1888.61282828495	784.466674804688
1890.99943567534	783.599975585938
1893.38531394477	783.799987792969
1895.77046340424	784.066650390625
1898.15488436455	784.799987792969
1900.53857713634	784.733337402344
1902.92154203006	784.133361816406
1905.303779356	783.799987792969
1907.68528942426	783.933349609375
1910.06607254477	784.066650390625
1912.44612902729	783.333312988281
1914.82545918139	783.933349609375
1917.20406331648	784.333312988281
1919.58194174178	784.066650390625
1921.95909476634	784
1924.33552269905	783.933349609375
1926.71122584861	784.200012207031
1929.08620452353	784.333312988281
1931.46045903219	784.133361816406
1933.83398968275	784.200012207031
1936.20679678322	785.066650390625
1938.57888064142	784.533325195313
1940.95024156502	784.066650390625
1943.3208798615	783.666687011719
1945.69079583816	783.866638183594
1948.05998980213	784.333312988281
1950.42846206038	783.333312988281
1952.79621291969	784.400024414063
1955.16324268668	783.466674804688
1957.52955166778	783.866638183594
1959.89514016927	784.400024414063
1962.26000849723	783.733337402344
1964.62415695759	784.933349609375
1966.98758585609	784.799987792969
1969.3502954983	784.066650390625
1971.71228618964	784.266662597656
1974.07355823532	784.599975585938
1976.43411194042	784.200012207031
1978.79394760981	784.799987792969
1981.1530655482	784.866638183594
1983.51146606014	784.666687011719
1985.86914944999	784.133361816406
1988.22611602196	783.933349609375
1990.58236608007	783.799987792969
1992.93789992817	784.533325195313
1995.29271786995	784.933349609375
1997.64682020892	783.599975585938
2000.00020724843	784.733337402344
2002.35287929162	784
2004.70483664152	784.733337402344
2007.05607960095	784.466674804688
2009.40660847256	784.333312988281
2011.75642355884	785
2014.1055251621	784.733337402344
2016.4539135845	783.666687011719
2018.80158912802	785.066650390625
2021.14855209444	784.466674804688
2023.49480278542	785.133361816406
2025.84034150242	784.599975585938
2028.18516854673	784.066650390625
2030.52928421948	784.666687011719
2032.87268882163	785
2035.21538265398	784.400024414063
2037.55736601713	784.400024414063
2039.89863921153	785.333312988281
2042.23920253747	784.200012207031
2044.57905629506	784.400024414063
2046.91820078425	784.733337402344
2049.2566363048	784.466674804688
2051.59436315633	784.599975585938
2053.93138163827	783.733337402344
2056.2676920499	784.066650390625
2058.6032946903	784.466674804688
2060.93818985843	784.666687011719
2063.27237785303	785.799987792969
2065.60585897272	784.133361816406
2067.93863351592	784.200012207031
2070.27070178089	784.799987792969
2072.60206406574	784.533325195313
2074.93272066838	784.733337402344
2077.26267188658	784.799987792969
2079.59191801793	784.333312988281
2081.92045935985	784.466674804688
2084.24829620962	784.666687011719
2086.57542886431	783.933349609375
2088.90185762087	784.533325195313
2091.22758277604	783.799987792969
2093.55260462643	784.733337402344
2095.87692346845	784.533325195313
2098.20053959837	784.799987792969
2100.52345331229	784.599975585938
2102.84566490614	785.066650390625
2105.16717467567	784.466674804688
2107.48798291649	784.799987792969
2109.80808992403	784.799987792969
2112.12749599355	783.933349609375
2114.44620142016	784.666687011719
2116.7642064988	784.400024414063
2119.08151152423	785
2121.39811679106	784.599975585938
2123.71402259374	784.666687011719
2126.02922922653	784.266662597656
2128.34373698356	784.799987792969
2130.65754615876	784.666687011719
2132.97065704594	784.200012207031
2135.28306993869	784.933349609375
2137.59478513047	784.866638183594
2139.90580291459	784.933349609375
2142.21612358416	785.200012207031
2144.52574743214	783.866638183594
2146.83467475134	784.400024414063
2149.1429058344	784.733337402344
2151.45044097377	784.066650390625
2153.75728046178	783.533325195313
2156.06342459057	784.866638183594
2158.36887365212	784.533325195313
2160.67362793825	784.799987792969
2162.97768774061	784.533325195313
2165.28105335071	784.333312988281
2167.58372505987	785
2169.88570315926	784
2172.18698793988	784.666687011719
2174.48757969258	784.266662597656
2176.78747870805	784.599975585938
2179.08668527679	784.866638183594
2181.38519968917	784
2183.68302223538	783.533325195313
2185.98015320547	783.733337402344
2188.27659288929	784.466674804688
2190.57234157656	783.933349609375
2192.86739955682	783.666687011719
2195.16176711948	784.400024414063
2197.45544455375	784.933349609375
2199.74843214869	783.133361816406
2202.04073019322	783.466674804688
2204.33233897607	783.400024414063
2206.62325878583	784.533325195313
2208.91348991093	783.933349609375
2211.20303263961	784.533325195313
2213.49188726	784.266662597656
2215.78005406001	784.533325195313
2218.06753332744	783.799987792969
2220.35432534991	784.066650390625
2222.64043041487	784.466674804688
2224.92584880964	784.466674804688
2227.21058082134	784.333312988281
2229.49462673696	784.066650390625
2231.77798684332	783.733337402344
2234.06066142709	784
2236.34265077477	782.866638183594
2238.62395517269	783.400024414063
2240.90457490706	784.066650390625
2243.18451026388	784.133361816406
2245.46376152904	784.133361816406
2247.74232898823	784.400024414063
2250.02021292701	783.599975585938
2252.29741363077	783.466674804688
2254.57393138475	783.866638183594
2256.849766474	783.266662597656
2259.12491918346	782.733337402344
2261.39938979788	783.733337402344
2263.67317860185	783.599975585938
2265.94628587983	784.066650390625
2268.2187119161	783.533325195313
2270.49045699478	784
2272.76152139985	784.400024414063
2275.03190541511	783.933349609375
2277.30160932421	783.466674804688
2279.57063341067	783.466674804688
2281.83897795781	783.599975585938
2284.10664324882	783.466674804688
2286.37362956672	782.733337402344
2288.63993719439	783.466674804688
2290.90556641454	783.666687011719
2293.17051750973	782.533325195313
2295.43479076235	783.066650390625
2297.69838645465	783.266662597656
2299.96130486871	783.599975585938
2302.22354628647	783.133361816406
2304.48511098971	783.200012207031
2306.74599926003	783.266662597656
2309.00621137891	783.200012207031
2311.26574762765	784.133361816406
2313.52460828741	783.866638183594
2315.78279363917	783.066650390625
2318.04030396379	783.466674804688
2320.29713954195	783.466674804688
2322.55330065418	783.666687011719
2324.80878758085	783.066650390625
2327.06360060219	782.599975585938
2329.31773999826	784
2331.57120604897	783.533325195313
2333.82399903409	783.400024414063
2336.0761192332	783.533325195313
2338.32756692577	782.799987792969
2340.57834239108	783.533325195313
2342.82844590827	783.466674804688
2345.07787775633	782.933349609375
2347.32663821409	783.599975585938
2349.57472756023	783.733337402344
2351.82214607327	782.866638183594
2354.06889403158	782.400024414063
2356.31497171337	782.533325195313
2358.56037939672	783.066650390625
2360.80511735953	782.733337402344
2363.04918587955	783.200012207031
2365.29258523439	783.066650390625
2367.5353157015	782.533325195313
2369.77737755817	782.599975585938
2372.01877108156	783.066650390625
2374.25949654865	783.066650390625
2376.49955423629	783.400024414063
2378.73894442115	782.866638183594
2380.97766737977	783
2383.21572338855	783.066650390625
2385.45311272369	783.133361816406
2387.68983566129	782.933349609375
2389.92589247727	782.933349609375
2392.1612834474	782.666687011719
2394.39600884731	783.200012207031
2396.63006895246	782.866638183594
2398.86346403818	783.333312988281
2401.09619437962	782.266662597656
2403.32826025182	783
2405.55966192963	783.333312988281
2407.79039968777	783.133361816406
2410.0204738008	783.333312988281
2412.24988454313	782.333312988281
2414.47863218902	782.066650390625
2416.70671701258	782.866638183594
2418.93413928778	783.599975585938
2421.16089928842	782.933349609375
2423.38699728817	783.333312988281
2425.61243356052	782.533325195313
2427.83720837884	782.799987792969
2430.06132201633	782.799987792969
2432.28477474606	782.666687011719
2434.50756684093	783
2436.72969857371	782.333312988281
2438.95117021699	783
2441.17198204325	782.466674804688
2443.39213432478	782.666687011719
2445.61162733376	782.799987792969
2447.83046134218	782.400024414063
2450.04863662192	782.666687011719
2452.26615344468	782.733337402344
2454.48301208203	783.066650390625
2456.69921280539	782.933349609375
2458.91475588602	782.866638183594
2461.12964159504	782.466674804688
2463.34387020342	782.866638183594
2465.55744198198	782.333312988281
2467.77035720139	782.866638183594
2469.98261613217	782.666687011719
2472.1942190447	783
2474.40516620922	782.466674804688
2476.6154578958	783
2478.82509437436	783
2481.03407591471	783.666687011719
2483.24240278646	782.599975585938
2485.45007525911	782.933349609375
2487.65709360202	782.733337402344
2489.86345808435	782.400024414063
2492.06916897518	783.133361816406
2494.27422654339	783
2496.47863105774	783.266662597656
2498.68238278683	782.400024414063
2500.88548199912	783
2503.08792896294	782.866638183594
2505.28972394643	782.466674804688
2507.49086721763	782.400024414063
2509.6913590444	782.133361816406
2511.89119969447	782.666687011719
2514.09038943543	783.266662597656
2516.2889285347	783.400024414063
2518.48681725957	783.200012207031
2520.6840558772	782.333312988281
2522.88064465456	782.733337402344
2525.07658385852	783
2527.27187375578	782.733337402344
2529.4665146129	782.400024414063
2531.66050669629	782.733337402344
2533.85385027222	782.933349609375
2536.04654560681	782.599975585938
2538.23859296605	782.733337402344
2540.42999261577	782.466674804688
2542.62074482166	782.733337402344
2544.81084984925	781.933349609375
2547.00030796395	783
2549.18911943101	782.799987792969
2551.37728451555	783.200012207031
2553.56480348252	783.066650390625
2555.75167659675	782.266662597656
2557.93790412292	781.466674804688
2560.12348632556	782.599975585938
2562.30842346905	782.733337402344
2564.49271581764	782.799987792969
2566.67636363544	782.666687011719
2568.85936718639	783
2571.04172673431	783
2573.22344254288	782.200012207031
2575.40451487562	783.066650390625
2577.58494399591	783.133361816406
2579.76473016699	782.666687011719
2581.94387365196	783.266662597656
2584.12237471377	782.266662597656
2586.30023361523	782.799987792969
2588.47745061901	782.133361816406
2590.65402598763	781.933349609375
2592.82995998348	783.200012207031
2595.0052528688	782.599975585938
2597.17990490568	783.066650390625
2599.35391635608	782.133361816406
2601.52728748181	783.266662597656
2603.70001854454	782.666687011719
2605.8721098058	782.466674804688
2608.04356152698	782.599975585938
2610.21437396931	782.466674804688
2612.3845473939	782.733337402344
2614.55408206173	782.733337402344
2616.72297823359	782.466674804688
2618.89123617017	782.933349609375
2621.058856132	782.666687011719
2623.22583837949	783.333312988281
2625.39218317288	782.799987792969
2627.55789077229	782.733337402344
2629.72296143769	782.533325195313
2631.88739542891	783.666687011719
2634.05119300563	783.266662597656
2636.21435442742	782.733337402344
2638.37687995367	782.799987792969
2640.53876984365	782.799987792969
2642.70002435649	782.333312988281
2644.86064375119	782.933349609375
2647.02062828658	782.400024414063
2649.17997822137	782.666687011719
2651.33869381413	782.666687011719
2653.49677532328	781.933349609375
2655.65422300711	783.533325195313
2657.81103712378	782.866638183594
2659.96721793127	783
2662.12276568747	783.133361816406
2664.2776806501	782.733337402344
2666.43196307675	783.133361816406
2668.58561322486	783.400024414063
2670.73863135176	783.666687011719
2672.8910177146	782.866638183594
2675.04277257043	783.266662597656
2677.19389617612	783.466674804688
2679.34438878845	783.533325195313
2681.49425066402	783.466674804688
2683.64348205931	783.533325195313
2685.79208323065	783
2687.94005443425	782.866638183594
2690.08739592617	783.333312988281
2692.23410796233	783.466674804688
2694.38019079852	784.333312988281
2696.52564469038	782.866638183594
2698.67046989342	782.933349609375
2700.81466666302	783.333312988281
2702.9582352544	782.933349609375
2705.10117592265	782.866638183594
2707.24348892275	783.466674804688
2709.3851745095	783.333312988281
2711.5262329376	783.200012207031
2713.66666446158	782.666687011719
2715.80646933585	783.666687011719
2717.94564781468	783.866638183594
2720.08420015222	783.866638183594
2722.22212660245	783.533325195313
2724.35942741923	784.133361816406
2726.49610285628	784.066650390625
2728.63215316721	783.933349609375
2730.76757860544	783.599975585938
2732.9023794243	782.933349609375
2735.03655587697	783.200012207031
2737.17010821648	783.533325195313
2739.30303669573	783.799987792969
2741.4353415675	784.200012207031
2743.56702308442	783.866638183594
2745.69808149898	784.066650390625
2747.82851706355	783.733337402344
2749.95833003034	783.866638183594
2752.08752065145	784.599975585938
2754.21608917883	783.933349609375
2756.3440358643	783.599975585938
2758.47136095954	784.200012207031
2760.59806471609	783.933349609375
2762.72414738537	784.400024414063
2764.84960921865	783.533325195313
2766.97445046708	783.733337402344
2769.09867138166	784.933349609375
2771.22227221326	783.400024414063
2773.34525321263	784.200012207031
2775.46761463035	783.666687011719
2777.58935671691	783
2779.71047972262	783.533325195313
2781.83098389771	783.333312988281
2783.95086949221	783.200012207031
2786.07013675607	783.933349609375
2788.18878593908	784.200012207031
2790.3068172909	783.333312988281
2792.42423106106	783.733337402344
2794.54102749895	783.866638183594
2796.65720685384	783.266662597656
2798.77276937486	783.066650390625
2800.88771531098	783.400024414063
2803.00204491107	783.866638183594
2805.11575842387	784.066650390625
2807.22885609796	784.200012207031
2809.34133818179	784.200012207031
2811.4532049237	783.866638183594
2813.56445657189	784.200012207031
2815.6750933744	784
2817.78511557916	784.266662597656
2819.89452343398	784.466674804688
2822.00331718652	784.666687011719
2824.11149708429	784.466674804688
2826.2190633747	784.933349609375
2828.32601630502	785.333312988281
2830.43235612237	785.066650390625
2832.53808307375	786.733337402344
2834.64319740603	785.599975585938
2836.74769936595	785.733337402344
2838.85158920011	786.666687011719
2840.95486715497	787.466674804688
2843.05753347689	787.799987792969
2845.15958841206	790.733337402344
2847.26103220657	791.400024414063
2849.36186510636	791.733337402344
2851.46208735724	791.533325195313
2853.56169920488	791.799987792969
2855.66070089485	791.799987792969
2857.75909267257	792
2859.85687478332	793
2861.95404747225	792.599975585938
2864.05061098439	794.599975585938
2866.14656556464	795.266662597656
2868.24191145777	797.066650390625
2870.3366489084	798
2872.43077816104	798.466674804688
2874.52429946006	800.466674804688
2876.61721304971	799.733337402344
2878.70951917409	800.799987792969
2880.8012180772	800.200012207031
2882.89231000287	798.933349609375
2884.98279519483	801.266662597656
2887.07267389667	801.599975585938
2889.16194635186	803.133361816406
2891.25061280373	801.400024414063
2893.33867349546	802.066650390625
2895.42612867015	801.933349609375
2897.51297857074	802.400024414063
2899.59922344003	803.266662597656
2901.68486352071	802.933349609375
2903.76989905533	804
2905.85433028632	804.133361816406
2907.93815745598	804.533325195313
2910.02138080648	806.866638183594
2912.10400057985	805.599975585938
2914.186017018	807.333312988281
2916.26743036271	807.666687011719
2918.34824085563	811
2920.4284487383	809.266662597656
2922.5080542521	809.599975585938
2924.58705763829	814.133361816406
2926.66545913802	814.466674804688
2928.74325899231	814.733337402344
2930.82045744202	815.666687011719
2932.89705472792	815.133361816406
2934.97305109062	814.799987792969
2937.04844677063	817.066650390625
2939.12324200832	817
2941.19743704393	815.799987792969
2943.27103211757	814.466674804688
2945.34402746923	814.200012207031
2947.41642333876	813.733337402344
2949.48821996592	808.933349609375
2951.55941759028	810.133361816406
2953.63001645135	809.933349609375
2955.70001678845	807.066650390625
2957.76941884083	808.133361816406
2959.83822284757	807.333312988281
2961.90642904764	806.266662597656
2963.97403767988	804.799987792969
2966.04104898302	805
2968.10746319565	806.066650390625
2970.17328055621	804.666687011719
2972.23850130305	804.466674804688
2974.30312567438	804.666687011719
2976.36715390829	804.400024414063
2978.43058624273	802.133361816406
2980.49342291553	803.599975585938
2982.55566416439	802.533325195313
2984.61731022691	801.933349609375
2986.67836134051	800.733337402344
2988.73881774255	800.866638183594
2990.79867967021	801.200012207031
2992.85794736058	799.799987792969
2994.9166210506	799.799987792969
2996.97470097711	798.799987792969
2999.03218737679	800.200012207031
3001.08908048622	798.266662597656
3003.14538054186	797.400024414063
3005.20108778002	799.333312988281
3007.25620243691	796.066650390625
3009.3107247486	796.599975585938
3011.36465495104	797.133361816406
3013.41799328004	796.266662597656
3015.47073997133	797
3017.52289526045	795.666687011719
3019.57445938288	795.333312988281
3021.62543257393	796.933349609375
3023.6758150688	797.466674804688
3025.72560710258	798
3027.77480891021	795.666687011719
3029.82342072652	796.733337402344
3031.87144278622	795.533325195313
3033.91887532389	796.333312988281
3035.96571857399	797.533325195313
3038.01197277084	796.866638183594
3040.05763814867	799
3042.10271494154	799.533325195313
3044.14720338344	797.866638183594
3046.19110370818	799.333312988281
3048.2344161495	799.533325195313
3050.27714094097	799
3052.31927831608	799.733337402344
3054.36082850816	799.733337402344
3056.40179175044	801.333312988281
3058.44216827602	801.200012207031
3060.48195831786	803.133361816406
3062.52116210884	803.599975585938
3064.55977988167	802.666687011719
3066.59781186897	804.666687011719
3068.63525830322	803.466674804688
3070.67211941678	804.200012207031
3072.7083954419	803.266662597656
3074.7440866107	804
3076.77919315516	805
3078.81371530716	806.866638183594
3080.84765329846	804.799987792969
3082.88100736068	806.333312988281
3084.91377772534	805.333312988281
3086.94596462381	806.200012207031
3088.97756828737	804.333312988281
3091.00858894714	805.066650390625
3093.03902683417	806.533325195313
3095.06888217933	808.066650390625
3097.09815521342	809.599975585938
3099.12684616709	809.066650390625
3101.15495527087	810.333312988281
3103.18248275518	807.799987792969
3105.20942885031	810.799987792969
3107.23579378642	811.733337402344
3109.26157779358	809.466674804688
3111.28678110171	810.799987792969
3113.31140394062	811.466674804688
3115.33544654	810.933349609375
3117.35890912942	815.866638183594
3119.38179193832	814.400024414063
3121.40409519602	816.733337402344
3123.42581913174	814.799987792969
3125.44696397457	814.599975585938
3127.46752995345	817.133361816406
3129.48751729725	819.599975585938
3131.50692623469	817.933349609375
3133.52575699436	817.799987792969
3135.54400980476	819.200012207031
3137.56168489425	819.799987792969
3139.57878249108	821
3141.59530282337	820.133361816406
3143.61124611913	820.599975585938
3145.62661260624	819.533325195313
3147.64140251247	820.333312988281
3149.65561606547	823.733337402344
3151.66925349277	827.133361816406
3153.68231502177	826.733337402344
3155.69480087977	829.200012207031
3157.70671129394	828.066650390625
3159.71804649132	826.333312988281
3161.72880669886	827.599975585938
3163.73899214336	827.733337402344
3165.74860305152	828.333312988281
3167.75763964991	834.533325195313
3169.766102165	829.466674804688
3171.77399082313	830.666687011719
3173.7813058505	832.266662597656
3175.78804747323	830.666687011719
3177.79421591731	833.400024414063
3179.79981140859	831.466674804688
3181.80483417282	830.866638183594
3183.80928443564	833.733337402344
3185.81316242255	833.066650390625
3187.81646835896	834.533325195313
3189.81920247013	838.599975585938
3191.82136498122	837.066650390625
3193.82295611727	837.133361816406
3195.82397610321	842.533325195313
3197.82442516385	838.200012207031
3199.82430352386	837.266662597656
3201.82361140782	839.466674804688
3203.82234904018	839.666687011719
3205.82051664529	839.266662597656
3207.81811444735	841.599975585938
3209.81514267047	844.799987792969
3211.81160153863	844.866638183594
3213.80749127571	845.733337402344
3215.80281210545	846.066650390625
3217.79756425148	845.066650390625
3219.79174793733	842.666687011719
3221.7853633864	842
3223.77841082196	843.799987792969
3225.77089046719	845.466674804688
3227.76280254513	842.599975585938
3229.75414727873	847
3231.74492489081	845.933349609375
3233.73513560406	848.333312988281
3235.72477964107	849.666687011719
3237.71385722431	844.533325195313
3239.70236857614	849.599975585938
3241.6903139188	846.666687011719
3243.6776934744	840.799987792969
3245.66450746496	843.533325195313
3247.65075611237	848.266662597656
3249.63643963841	846.400024414063
3251.62155826472	848.200012207031
3253.60611221287	848
3255.59010170428	843.666687011719
3257.57352696026	846.133361816406
3259.55638820202	850.200012207031
3261.53868565064	850.400024414063
3263.52041952708	850.066650390625
3265.50159005221	847.066650390625
3267.48219744676	845.666687011719
3269.46224193136	847.733337402344
3271.44172372651	850.066650390625
3273.42064305262	853.599975585938
3275.39900012996	850.400024414063
3277.3767951787	848.133361816406
3279.35402841889	848.733337402344
3281.33070007047	851.466674804688
3283.30681035326	851.533325195313
3285.28235948698	848.400024414063
3287.25734769121	846.799987792969
3289.23177518544	849.533325195313
3291.20564218903	849.200012207031
3293.17894892124	847.266662597656
3295.1516956012	848.799987792969
3297.12388244795	848.466674804688
3299.09550968039	849.733337402344
3301.06657751732	850.333312988281
3303.03708617743	851.333312988281
3305.00703587929	849.799987792969
3306.97642684135	851.666687011719
3308.94525928196	851.133361816406
3310.91353341935	850.400024414063
3312.88124947164	847.333312988281
3314.84840765683	849.666687011719
3316.81500819282	850.466674804688
3318.78105129738	850.200012207031
3320.74653718818	846.466674804688
3322.71146608278	845.666687011719
3324.67583819861	845.799987792969
3326.639653753	846.666687011719
3328.60291296317	848.400024414063
3330.56561604621	850.333312988281
3332.52776321913	845.599975585938
3334.4893546988	848.799987792969
3336.45039070198	847.400024414063
3338.41087144533	845.599975585938
3340.37079714539	845.266662597656
3342.33016801859	844.533325195313
3344.28898428124	849.066650390625
3346.24724614955	848.266662597656
3348.20495383962	846.200012207031
3350.16210756742	845.333312988281
3352.11870754883	844.733337402344
3354.07475399961	847.400024414063
3356.03024713539	848.200012207031
3357.98518717173	851.066650390625
3359.93957432403	852.533325195313
3361.89340880761	848.333312988281
3363.84669083768	849.133361816406
3365.79942062933	844.599975585938
3367.75159839753	846.333312988281
3369.70322435715	844.599975585938
3371.65429872295	847.066650390625
3373.60482170957	848.266662597656
3375.55479353155	848.733337402344
3377.50421440332	847.866638183594
3379.45308453918	850.133361816406
3381.40140415335	852
3383.34917345991	848.866638183594
3385.29639267284	851.933349609375
3387.24306200602	848.466674804688
3389.18918167321	845.599975585938
3391.13475188806	848
3393.07977286411	850.200012207031
3395.02424481479	853.133361816406
3396.96816795342	849.733337402344
3398.91154249322	847.066650390625
3400.85436864728	846.733337402344
3402.79664662859	845.466674804688
3404.73837665004	848.200012207031
3406.67955892439	847.266662597656
3408.62019366432	849.400024414063
3410.56028108236	850
3412.49982139096	848
3414.43881480247	847.066650390625
3416.37726152909	849.333312988281
3418.31516178295	848.599975585938
3420.25251577605	847.799987792969
3422.18932372029	852.266662597656
3424.12558582746	850.799987792969
3426.06130230922	850.400024414063
3427.99647337717	847.466674804688
3429.93109924274	848.799987792969
3431.8651801173	850.133361816406
3433.79871621209	847.466674804688
3435.73170773824	847.266662597656
3437.66415490678	849.200012207031
3439.59605792862	848.066650390625
3441.52741701458	848.466674804688
3443.45823237536	847.400024414063
3445.38850422154	845.866638183594
3447.31823276362	845.400024414063
3449.24741821196	847.599975585938
3451.17606077684	846.733337402344
3453.10416066842	844.466674804688
3455.03171809674	841.133361816406
3456.95873327175	841.466674804688
3458.88520640329	845.599975585938
3460.81113770109	846.333312988281
3462.73652737477	843.666687011719
3464.66137563383	841.599975585938
3466.58568268769	841.466674804688
3468.50944874565	842.599975585938
3470.43267401689	842.599975585938
3472.3553587105	843.400024414063
3474.27750303545	839.066650390625
3476.19910720062	837
3478.12017141476	837.666687011719
3480.04069588654	839.799987792969
3481.9606808245	844.799987792969
3483.88012643707	843.799987792969
3485.79903293259	841.866638183594
3487.7174005193	841.266662597656
3489.63522940532	842.200012207031
3491.55251979864	835
3493.46927190719	835.200012207031
3495.38548593877	832.799987792969
3497.30116210107	829.533325195313
3499.21630060167	833.466674804688
3501.13090164807	834.266662597656
3503.04496544763	835
3504.95849220763	834.333312988281
3506.87148213523	829.266662597656
3508.78393543748	828.333312988281
3510.69585232134	830.133361816406
3512.60723299365	825.533325195313
3514.51807766116	824.666687011719
3516.42838653049	825.400024414063
3518.33815980819	825.599975585938
3520.24739770066	825.066650390625
3522.15610041423	825.799987792969
3524.06426815511	825.599975585938
3525.9719011294	825.333312988281
3527.87899954311	822.200012207031
3529.78556360213	820.133361816406
3531.69159351225	822.266662597656
3533.59708947916	822.933349609375
3535.50205170844	821.799987792969
3537.40648040556	819.333312988281
3539.3103757759	819.599975585938
3541.21373802472	820.599975585938
3543.11656735717	820.533325195313
3545.01886397833	817.666687011719
3546.92062809313	816.733337402344
3548.82185990643	816.333312988281
3550.72255962297	815.933349609375
3552.62272744738	816.533325195313
3554.5223635842	814.933349609375
3556.42146823786	815.866638183594
3558.32004161268	817.333312988281
3560.21808391289	812.133361816406
3562.11559534259	810.666687011719
3564.01257610581	809.666687011719
3565.90902640645	810.599975585938
3567.80494644831	810.666687011719
3569.7003364351	808.533325195313
3571.59519657042	809.666687011719
3573.48952705774	812.400024414063
3575.38332810048	812.200012207031
3577.27659990191	810.533325195313
3579.16934266521	809.799987792969
3581.06155659346	809.599975585938
3582.95324188965	810.733337402344
3584.84439875663	806.933349609375
3586.73502739718	806.133361816406
3588.62512801397	805.799987792969
3590.51470080955	806.933349609375
3592.40374598639	804.599975585938
3594.29226374685	804.466674804688
3596.18025429317	803.666687011719
3598.06771782751	804.133361816406
3599.95465455192	803.266662597656
3601.84106466834	802.133361816406
3603.72694837861	803.333312988281
3605.61230588447	802.733337402344
3607.49713738756	802.666687011719
3609.38144308942	802.666687011719
3611.26522319148	802.533325195313
3613.14847789506	802.066650390625
3615.0312074014	800.066650390625
3616.91341191162	801.200012207031
3618.79509162674	799.733337402344
3620.67624674769	798.466674804688
3622.55687747528	799.533325195313
3624.43698401024	800.266662597656
3626.31656655317	799.666687011719
3628.1956253046	798.266662597656
3630.07416046492	797.200012207031
3631.95217223446	797.799987792969
3633.82966081342	797.066650390625
3635.70662640191	796.599975585938
3637.58306919993	796.666687011719
3639.45898940739	795.133361816406
3641.33438722409	794.866638183594
3643.20926284973	795.333312988281
3645.08361648392	795.666687011719
3646.95744832614	793
3648.8307585758	794.466674804688
3650.7035474322	793.933349609375
3652.57581509452	792.466674804688
3654.44756176188	793.066650390625
3656.31878763324	791
3658.18949290753	791.533325195313
3660.05967778352	792.200012207031
3661.9293424599	790.666687011719
3663.79848713527	790.533325195313
3665.66711200812	790.933349609375
3667.53521727684	789.866638183594
3669.40280313972	789
3671.26986979494	788.400024414063
3673.13641744059	789.066650390625
3675.00244627468	788.400024414063
