-140.373595351881	778.840026855469
-137.335129063906	778.960021972656
-134.297686810867	778.719970703125
-131.261268103955	778.719970703125
-128.225872454677	778.47998046875
-125.191499374839	778.440002441406
-122.158148376567	779
-119.125818972292	778.960021972656
-116.094510674759	778.200012207031
-113.064222997021	778.719970703125
-110.034955452443	778.719970703125
-107.006707554687	778.280029296875
-103.979478817741	778.840026855469
-100.95326875589	778.679992675781
-97.928076883731	778.440002441406
-94.9039027161698	778.47998046875
-91.8807457684175	778.599975585938
-88.8586055560018	778.159973144531
-85.8374815947384	778.320007324219
-82.8173734007715	778.47998046875
-79.7982804905411	778.559997558594
-76.7802023807988	778.640014648438
-73.7631385885914	778.52001953125
-70.7470886312892	778.559997558594
-67.732052026553	779.039978027344
-64.7180282923587	778.47998046875
-61.7050169469884	778.840026855469
-58.6930175090183	778.760009765625
-55.6820294973386	778.47998046875
-52.6720524311495	778.760009765625
-49.66308582994	778.919982910156
-46.6551292135171	778.799987792969
-43.6481821019882	778.440002441406
-40.6422440157577	778.760009765625
-37.6373144755424	778.599975585938
-34.6333930023594	778.320007324219
-31.630479117526	778.559997558594
-28.6285723426709	779
-25.6276721997107	778.840026855469
-22.6277782108771	778.679992675781
-19.628889898701	778.760009765625
-16.6310067860081	778.919982910156
-13.6341283959385	779.559997558594
-10.6382542519231	783.760009765625
-7.64338387769432	804.400024414063
-4.64951679729502	850.840026855469
-1.65665253506141	876.359985351563
1.33520938438089	850.440002441406
4.32606943608095	798.400024414063
7.315928094803	780.760009765625
10.3047858350146	778.719970703125
13.2926431308747	778.799987792969
16.2795004562541	778.440002441406
19.2653582847118	778.719970703125
22.2502170895187	778.719970703125
25.2340773436344	778.47998046875
28.216939519735	778.400024414063
31.1988040901939	778.47998046875
34.1796715270814	778.799987792969
37.1595423021732	778.559997558594
40.1384168869468	778.359985351563
43.1162957525854	778.200012207031
46.0931793699786	779.039978027344
49.0690682097059	778.880004882813
52.0439627420619	778.52001953125
55.0178634370476	778.760009765625
57.9907707643592	778.359985351563
60.9626851933962	778.640014648438
63.9336071932735	779.039978027344
66.9035372328018	778.640014648438
69.8724757804959	778.559997558594
72.8404233045826	778.799987792969
75.8073802729932	778.640014648438
78.7733471533597	778.559997558594
81.738324413019	779.080017089844
84.702312519025	778.039978027344
87.665311938125	778.039978027344
90.6273231367761	778.559997558594
93.5883465811569	778.799987792969
96.5483827371242	778.840026855469
99.5074320702731	778.52001953125
102.465495045889	779.039978027344
105.422572128961	778.799987792969
108.378663784199	778.52001953125
111.333770476014	778.359985351563
114.287892668528	778.239990234375
117.24103082557	778.440002441406
120.193185410674	778.799987792969
123.144356887097	778.760009765625
126.094545717786	779.119995117188
129.043752365413	779.52001953125
131.991977292355	780.280029296875
134.939220960695	780.559997558594
137.885483832232	780.119995117188
140.83076636847	780.599975585938
143.775069030632	781.159973144531
146.718392279644	782
149.660736576149	781.840026855469
152.602102380488	782.359985351563
155.54249015274	782.52001953125
158.481900352672	783.679992675781
161.420333439765	784.640014648438
164.357789873227	784.599975585938
167.294270111968	784.52001953125
170.229774614617	786.039978027344
173.164303839496	786.960021972656
176.097858244675	787.559997558594
179.030438287908	788.080017089844
181.962044426678	789.559997558594
184.89267711817	789.47998046875
187.822336819302	789.880004882813
190.751023986678	790.400024414063
193.678739076648	791.359985351563
196.605482545255	792.080017089844
199.531254848261	792.679992675781
202.456056441152	792.400024414063
205.379887779119	792.119995117188
208.30274931708	792.47998046875
211.224641509656	791.679992675781
214.145564811189	792.960021972656
217.06551967574	793.200012207031
219.984506557089	792.960021972656
222.902525908723	793.679992675781
225.819578183856	792.320007324219
228.735663835415	791.679992675781
231.650783316047	792.559997558594
234.564937078107	792.080017089844
237.478125573679	792.359985351563
240.390349254566	791.719970703125
243.301608572278	792.960021972656
246.211903978051	792.599975585938
249.121235922839	793.599975585938
252.029604857321	793.840026855469
254.93701123188	794.359985351563
257.843455496632	796.320007324219
260.748938101415	795.359985351563
263.653459495766	795.359985351563
266.557020128967	795.880004882813
269.459620450005	797.919982910156
272.361260907595	797.52001953125
275.261941950168	797.440002441406
278.161664025874	799.159973144531
281.060427582592	798
283.958233067921	798.119995117188
286.855080929176	796.799987792969
289.750971613398	797.159973144531
292.645905567344	797.400024414063
295.539883237503	797.719970703125
298.432905070079	796.640014648438
301.324971511007	797.159973144531
304.216083005931	797.599975585938
307.10624000023	798.640014648438
309.995442939003	800.719970703125
312.883692267071	804.919982910156
315.770988428979	813.52001953125
318.657331869	826.320007324219
321.542723031127	831.719970703125
324.427162359076	828.440002441406
327.310650296293	818.200012207031
330.193187285945	809.599975585938
333.074773770929	804.400024414063
335.955410193855	801.359985351563
338.835096997075	799.799987792969
341.713834622655	797.919982910156
344.59162351239	797.280029296875
347.468464107802	796.719970703125
350.344356850137	796.359985351563
353.219302180373	795.52001953125
356.093300539208	795.52001953125
358.966352367073	795.200012207031
361.838458104123	794.640014648438
364.70961819024	794.840026855469
367.579833065031	794.52001953125
370.449103167837	794.919982910156
373.317428937727	795.159973144531
376.184810813496	795.039978027344
379.051249233659	794.599975585938
381.916744636474	794.960021972656
384.78129745992	794.719970703125
387.644908141706	794.440002441406
390.50757711927	793.599975585938
393.36930482978	794.599975585938
396.23009171014	795.599975585938
399.089938196969	794.760009765625
401.948844726631	795.359985351563
404.806811735214	795
407.66383965853	794.239990234375
410.519928932138	794.559997558594
413.375079991314	795.039978027344
416.229293271071	794.719970703125
419.082569206155	795.039978027344
421.934908231031	795.080017089844
424.786310779917	795.359985351563
427.636777286748	794.760009765625
430.486308185189	795.239990234375
433.334903908649	795.47998046875
436.182564890262	795.840026855469
439.029291562898	794.559997558594
441.875084359157	794.799987792969
444.719943711374	794.440002441406
447.563870051618	794.640014648438
450.406863811695	795.640014648438
453.248925423132	794.960021972656
456.090055317208	794.159973144531
458.93025392492	795.47998046875
461.76952167701	794.799987792969
464.60785900395	794.880004882813
467.44526633595	794.400024414063
470.281744102955	795.159973144531
473.117292734635	794.159973144531
475.951912660415	794.880004882813
478.785604309439	794.840026855469
481.618368110592	794.880004882813
484.450204492499	794.719970703125
487.281113883518	793.52001953125
490.111096711738	794.239990234375
492.940153404999	794.320007324219
495.768284390864	794.280029296875
498.595490096635	794.760009765625
501.421770949366	795.47998046875
504.247127375825	795.47998046875
507.071559802537	795
509.89506865575	795.119995117188
512.717654361473	794.840026855469
515.539317345424	795.679992675781
518.360058033083	795.119995117188
521.179876849652	795.719970703125
523.998774220083	795.599975585938
526.816750569068	795.039978027344
529.633806321025	795.119995117188
532.44994190013	795.440002441406
535.265157730284	794.440002441406
538.079454235133	795.280029296875
540.892831838066	795.119995117188
543.705290962208	796
546.516832030424	794.440002441406
549.32745546533	794.280029296875
552.137161689268	795.640014648438
554.945951124325	795.239990234375
557.753824192341	794.400024414063
560.560781314883	794.919982910156
563.36682291327	795.200012207031
566.171949408555	794.880004882813
568.976161221537	794.719970703125
571.779458772759	794.359985351563
574.5818424825	795.359985351563
577.383312770792	794.919982910156
580.183870057402	794.400024414063
582.983514761843	794.280029296875
585.782247303363	794.559997558594
588.580068100976	793.919982910156
591.376977573414	794.679992675781
594.172976139164	794.840026855469
596.968064216463	794.719970703125
599.762242223282	795.159973144531
602.555510577335	795.039978027344
605.347869696099	794.119995117188
608.139319996771	794.760009765625
610.929861896313	794.359985351563
613.719495811421	793.080017089844
616.508222158541	794.799987792969
619.296041353863	794.280029296875
622.082953813324	795
624.868959952607	793.640014648438
627.654060187137	793.679992675781
630.438254932094	792.239990234375
633.221544602397	794.080017089844
636.003929612719	793.880004882813
638.785410377468	794.080017089844
641.565987310814	795.280029296875
644.345660826665	794.880004882813
647.124431338674	794.599975585938
649.902299260252	793.880004882813
652.679265004552	793.440002441406
655.455328984475	794.039978027344
658.230491612671	794.719970703125
661.004753301541	794.440002441406
663.778114463229	793.840026855469
666.550575509631	794.599975585938
669.322136852395	794.919982910156
672.092798902916	793.960021972656
674.862562072336	794.159973144531
677.631426771548	794.320007324219
680.399393411204	794.719970703125
683.166462401689	794.359985351563
685.93263415315	794.039978027344
688.697909075486	794.080017089844
691.462287578337	794.280029296875
694.225770071098	793.119995117188
696.988356962926	793.200012207031
699.750048662705	793.239990234375
702.5108455791	794.159973144531
705.270748120503	794.599975585938
708.029756695068	793.679992675781
710.787871710705	794
713.545093575065	793.760009765625
716.301422695566	794.880004882813
719.056859479364	794.679992675781
721.811404333376	796.52001953125
724.56505766427	795.239990234375
727.317819878473	794.320007324219
730.069691382148	794.239990234375
732.820672581226	795.200012207031
735.570763881396	794.320007324219
738.319965688092	794.039978027344
741.068278406496	794.400024414063
743.815702441559	794.280029296875
746.562238197974	794.47998046875
749.307886080196	795.359985351563
752.052646492436	795.239990234375
754.796519838656	794.640014648438
757.539506522567	794.799987792969
760.28160694765	795.400024414063
763.022821517128	794.719970703125
765.76315063399	794.400024414063
768.502594700972	794.200012207031
771.241154120572	794.960021972656
773.978829295045	795.47998046875
776.715620626397	795.440002441406
779.451528516396	795.320007324219
782.186553366565	796
784.920695578179	796.440002441406
787.653955552283	796.400024414063
790.386333689662	795.400024414063
793.117830390877	795.719970703125
795.848446056227	796.039978027344
798.578181085792	794.599975585938
801.307035879389	795.52001953125
804.035010836599	794.640014648438
806.762106356774	795.080017089844
809.488322839013	794.159973144531
812.213660682169	794.359985351563
814.938120284866	794.640014648438
817.661702045482	794.359985351563
820.384406362153	794.880004882813
823.10623363278	794.359985351563
825.827184255014	794.239990234375
828.547258626283	794.559997558594
831.266457143747	794.840026855469
833.984780204358	794.47998046875
836.702228204804	794.359985351563
839.418801541552	794.440002441406
842.134500610814	793.919982910156
844.849325808575	793.799987792969
847.563277530579	794.719970703125
850.276356172319	794.559997558594
852.988562129066	795.200012207031
855.69989579585	795.799987792969
858.410357567456	794.919982910156
861.119947838428	794.719970703125
863.828667003087	794.080017089844
866.536515455503	794.080017089844
869.243493589517	793.400024414063
871.949601798728	793.840026855469
874.654840476504	795
877.359210015961	793.799987792969
880.062710810003	792.880004882813
882.765343251273	793.799987792969
885.467107732191	793.440002441406
888.168004644938	794.440002441406
890.868034381467	793.080017089844
893.567197333476	794.440002441406
896.265493892445	794.320007324219
898.962924449614	794.119995117188
901.659489395985	794.359985351563
904.355189122325	793.840026855469
907.050024019165	793.559997558594
909.743994476809	794.840026855469
912.437100885322	794.919982910156
915.129343634532	793.320007324219
917.820723114032	793.960021972656
920.511239713189	793.960021972656
923.200893821127	794.640014648438
925.889685826744	794.559997558594
928.577616118699	795
931.264685085419	793.400024414063
933.950893115098	794.880004882813
936.6362405957	795.080017089844
939.320727914956	795.359985351563
942.004355460359	795
944.687123619173	794.52001953125
947.369032778431	795.599975585938
950.050083324934	793.919982910156
952.730275645247	794.239990234375
955.409610125711	793.760009765625
958.088087152423	794.679992675781
960.765707111263	795.359985351563
963.442470387871	794.640014648438
966.118377367657	794.280029296875
968.793428435798	793.400024414063
971.467623977254	794.760009765625
974.140964376739	795
976.813450018737	794.679992675781
979.485081287511	794.200012207031
982.155858567087	794.320007324219
984.825782241271	795.039978027344
987.494852693624	793.400024414063
990.163070307487	794.840026855469
992.830435465978	794.760009765625
995.496948551973	794.320007324219
998.162609948122	794.119995117188
1000.82742003685	795.880004882813
1003.49137920036	798.080017089844
1006.15448782061	798.159973144531
1008.81674627934	796.239990234375
1011.47815495806	793.960021972656
1014.13871423805	793.400024414063
1016.79842450037	793.320007324219
1019.45728612586	793.679992675781
1022.11529949509	794.200012207031
1024.77246498846	792.159973144531
1027.4287829861	793.599975585938
1030.08425386792	794.159973144531
1032.73887801363	795.039978027344
1035.3926558027	794.080017089844
1038.04558761435	793.239990234375
1040.69767382761	793.559997558594
1043.34891482125	793.52001953125
1045.99931097384	793.599975585938
1048.64886266371	793.640014648438
1051.29757026898	793.400024414063
1053.94543416753	793.799987792969
1056.59245473701	794.960021972656
1059.23863235486	794.47998046875
1061.8839673983	793.320007324219
1064.5284602443	794.440002441406
1067.17211126962	793.239990234375
1069.8149208508	795.039978027344
1072.45688936415	794.320007324219
1075.09801718577	793.400024414063
1077.7383046915	793.840026855469
1080.377752257	794.400024414063
1083.01636025767	795.280029296875
1085.65412906872	794.440002441406
1088.2910590651	794.960021972656
1090.92715062157	794.440002441406
1093.56240411266	794.640014648438
1096.19681991265	795.880004882813
1098.83039839564	796.200012207031
1101.46313993547	794.47998046875
1104.09504490579	793.960021972656
1106.72611368	792.880004882813
1109.35634663129	793.159973144531
1111.98574413263	792.599975585938
1114.61430655677	792.359985351563
1117.24203427624	793.119995117188
1119.86892766333	794.359985351563
1122.49498709014	793.200012207031
1125.12021292851	792.880004882813
1127.74460555011	793.47998046875
1130.36816532634	793.47998046875
1132.99089262841	793.119995117188
1135.6127878273	792.280029296875
1138.23385129376	791.919982910156
1140.85408339834	791.799987792969
1143.47348451137	790.320007324219
1146.09205500294	791.039978027344
1148.70979524293	791
1151.326705601	791.640014648438
1153.9427864466	793.719970703125
1156.55803814896	792.440002441406
1159.17246107707	792.400024414063
1161.78605559974	791.440002441406
1164.39882208551	792.039978027344
1167.01076090276	792.559997558594
1169.6218724196	792.080017089844
1172.23215700396	792.039978027344
1174.84161502352	792.359985351563
1177.45024684578	791.880004882813
1180.05805283799	792.320007324219
1182.66503336719	792.200012207031
1185.27118880021	792.039978027344
1187.87651950367	792.52001953125
1190.48102584395	791.919982910156
1193.08470818723	792.200012207031
1195.68756689948	792.599975585938
1198.28960234643	793.159973144531
1200.89081489363	792.760009765625
1203.49120490636	792.679992675781
1206.09077274974	794.440002441406
1208.68951878864	793.280029296875
1211.28744338773	794.359985351563
1213.88454691145	793.200012207031
1216.48082972404	794.280029296875
1219.07629218953	794.039978027344
1221.6709346717	794.400024414063
1224.26475753416	793.679992675781
1226.85776114028	794.119995117188
1229.44994585322	795.159973144531
1232.04131203592	796.440002441406
1234.63186005112	797.280029296875
1237.22159026133	796.320007324219
1239.81050302886	796.080017089844
1242.3985987158	797.200012207031
1244.98587768402	796.960021972656
1247.5723402952	798
1250.15798691078	797.760009765625
1252.74281789199	796.919982910156
1255.32683359987	797.280029296875
1257.91003439523	796.359985351563
1260.49242063865	796.52001953125
1263.07399269055	796.760009765625
1265.65475091108	796.760009765625
1268.23469566021	795.359985351563
1270.81382729769	796
1273.39214618306	795.239990234375
1275.96965267566	795.119995117188
1278.54634713458	795.320007324219
1281.12222991875	794.880004882813
1283.69730138685	795.47998046875
1286.27156189737	795.359985351563
1288.84501180858	795.440002441406
1291.41765147853	795.880004882813
1293.98948126509	796.200012207031
1296.56050152589	795.440002441406
1299.13071261837	796.159973144531
1301.70011489973	795.960021972656
1304.268708727	796.280029296875
1306.83649445698	796
1309.40347244625	796.52001953125
1311.96964305119	796.159973144531
1314.53500662799	797.159973144531
1317.0995635326	797.400024414063
1319.66331412077	796.760009765625
1322.22625874806	797.599975585938
1324.7883977698	797.159973144531
1327.34973154112	796.119995117188
1329.91026041694	796.559997558594
1332.46998475197	796.320007324219
1335.0289049007	796.840026855469
1337.58702121746	796.359985351563
1340.14433405631	796.320007324219
1342.70084377115	795.559997558594
1345.25655071563	795.760009765625
1347.81145524323	795
1350.36555770721	794.919982910156
1352.91885846062	793.47998046875
1355.47135785631	794.280029296875
1358.02305624691	793.599975585938
1360.57395398486	793.52001953125
1363.12405142237	793.640014648438
1365.67334891148	792.799987792969
1368.22184680399	793.119995117188
1370.76954545151	791.760009765625
1373.31644520545	791.840026855469
1375.86254641699	792.919982910156
1378.40784943713	792.52001953125
1380.95235461666	791.919982910156
1383.49606230615	792.799987792969
1386.03897285598	792.640014648438
1388.58108661632	792.440002441406
1391.12240393713	792.119995117188
1393.66292516818	793
1396.20265065903	792.440002441406
1398.74158075901	792.880004882813
1401.2797158173	792.320007324219
1403.81705618282	792.359985351563
1406.35360220431	791.760009765625
1408.88935423032	791.719970703125
1411.42431260919	791.919982910156
1413.95847768903	791.760009765625
1416.49184981777	792.640014648438
1419.02442934314	792.039978027344
1421.55621661266	792.159973144531
1424.08721197364	791.640014648438
1426.61741577321	792.320007324219
1429.14682835828	792.47998046875
1431.67545007555	792.679992675781
1434.20328127153	793.400024414063
1436.73032229253	794.119995117188
1439.25657348466	794.799987792969
1441.78203519381	795.239990234375
1444.3067077657	795.599975585938
1446.83059154581	795.719970703125
1449.35368687944	796.679992675781
1451.8759941117	797.200012207031
1454.39751358748	796.47998046875
1456.91824565148	796.400024414063
1459.43819064818	796.440002441406
1461.95734892189	796.039978027344
1464.4757208167	794.320007324219
1466.99330667649	794.039978027344
1469.51010684497	794.159973144531
1472.02612166564	793.719970703125
1474.54135148177	793.200012207031
1477.05579663646	792.880004882813
1479.56945747262	793.280029296875
1482.08233433293	791.599975585938
1484.59442755989	792.320007324219
1487.10573749579	792
1489.61626448275	790.719970703125
1492.12600886264	791.640014648438
1494.63497097718	790.440002441406
1497.14315116786	789.679992675781
1499.65054977599	788.280029296875
1502.15716714267	788.679992675781
1504.66300360881	788.840026855469
1507.16805951512	788.52001953125
1509.67233520211	788.239990234375
1512.1758310101	789.039978027344
1514.67854727919	787.919982910156
1517.18048434931	788.359985351563
1519.68164256018	788.599975585938
1522.18202225132	788.799987792969
1524.68162376207	788.640014648438
1527.18044743155	788.52001953125
1529.67849359869	788.840026855469
1532.17576260224	787.880004882813
1534.67225478072	788.200012207031
1537.1679704725	788.880004882813
1539.66291001572	788.359985351563
1542.15707374832	787.799987792969
1544.65046200807	788.280029296875
1547.14307513254	788.039978027344
1549.63491345907	789.440002441406
1552.12597732485	788.880004882813
1554.61626706685	788.799987792969
1557.10578302185	790.119995117188
1559.59452552644	789.599975585938
1562.082494917	790.039978027344
1564.56969152973	790.280029296875
1567.05611570064	790.200012207031
1569.54176776552	790.239990234375
1572.02664806	791.440002441406
1574.51075691949	792
1576.99409467921	792.280029296875
1579.4766616742	792.119995117188
1581.95845823929	792.280029296875
1584.43948470912	792.280029296875
1586.91974141815	790.919982910156
1589.39922870064	791.119995117188
1591.87794689064	790.640014648438
1594.35589632202	790.039978027344
1596.83307732848	790.599975585938
1599.30949024348	791.679992675781
1601.78513540033	790.760009765625
1604.26001313211	792.080017089844
1606.73412377175	792.280029296875
1609.20746765196	791.919982910156
1611.68004510526	792.159973144531
1614.15185646398	792.679992675781
1616.62290206026	793.080017089844
1619.09318222605	793
1621.56269729311	791.599975585938
1624.031447593	793.039978027344
1626.4994334571	793.440002441406
1628.9666552166	793.039978027344
1631.43311320248	794.080017089844
1633.89880774554	793.599975585938
1636.3637391764	793.400024414063
1638.82790782548	793.280029296875
1641.29131402301	795
1643.75395809903	794.919982910156
1646.21584038339	795.159973144531
1648.67696120575	795.359985351563
1651.13732089558	795.960021972656
1653.59691978216	796.719970703125
1656.05575819459	796.640014648438
1658.51383646175	795.919982910156
1660.97115491238	796.359985351563
1663.42771387498	797.359985351563
1665.8835136779	795.919982910156
1668.33855464928	795.359985351563
1670.79283711708	796.239990234375
1673.24636140907	795.159973144531
1675.69912785282	794.47998046875
1678.15113677572	795.359985351563
1680.602388505	794.599975585938
1683.05288336764	792.840026855469
1685.50262169049	792.559997558594
1687.95160380019	791.599975585938
1690.39983002318	790.799987792969
1692.84730068573	790.679992675781
1695.29401611392	789.679992675781
1697.73997663364	790.200012207031
1700.18518257059	789.239990234375
1702.6296342503	788.039978027344
1705.07333199807	787.840026855469
1707.51627613907	787.760009765625
1709.95846699824	787.47998046875
1712.39990490036	787.200012207031
1714.84059017001	787.679992675781
1717.28052313159	787
1719.7197041093	786.400024414063
1722.15813342718	786.719970703125
1724.59581140906	785.760009765625
1727.03273837859	786.559997558594
1729.46891465926	786.440002441406
1731.90434057432	785.200012207031
1734.3390164469	785.52001953125
1736.7729425999	785.599975585938
1739.20611935604	785.719970703125
1741.63854703787	784.840026855469
1744.07022596776	785.239990234375
1746.50115646787	784.880004882813
1748.93133886019	784.960021972656
1751.36077346652	784.640014648438
1753.7894606085	785.359985351563
1756.21740060755	784.47998046875
1758.64459378494	785.359985351563
1761.07104046172	784.840026855469
1763.49674095879	785.640014648438
1765.92169559684	784.280029296875
1768.3459046964	784.679992675781
1770.7693685778	784.679992675781
1773.1920875612	784.679992675781
1775.61406196656	784.359985351563
1778.03529211367	784.799987792969
1780.45577832214	784.200012207031
1782.87552091138	784.359985351563
1785.29452020064	784.760009765625
1787.71277650897	785.119995117188
1790.13029015525	784.159973144531
1792.54706145817	784.200012207031
1794.96309073625	784.679992675781
1797.3783783078	784.359985351563
1799.79292449097	784.320007324219
1802.20672960375	784.359985351563
1804.61979396389	784.039978027344
1807.03211788902	783.919982910156
1809.44370169655	784.200012207031
1811.85454570373	783.919982910156
1814.2646502276	784.359985351563
1816.67401558506	783.640014648438
1819.0826420928	784.640014648438
1821.49053006734	784.239990234375
1823.89767982501	784.280029296875
1826.30409168198	784.039978027344
1828.70976595422	784.200012207031
1831.11470295753	783.960021972656
1833.51890300752	784.359985351563
1835.92236641964	784.119995117188
1838.32509350914	784.159973144531
1840.72708459111	784.200012207031
1843.12833998044	783.719970703125
1845.52885999184	783.760009765625
1847.92864493987	783.960021972656
1850.32769513889	784.599975585938
1852.72601090307	783.760009765625
1855.12359254642	784.039978027344
1857.52044038278	783.440002441406
1859.91655472578	784.239990234375
1862.31193588889	783.320007324219
1864.70658418542	784.080017089844
1867.10049992847	783.760009765625
1869.49368343096	783.52001953125
1871.88613500568	784.159973144531
1874.27785496518	783.960021972656
1876.66884362188	784.320007324219
1879.059101288	783.400024414063
1881.44862827559	783.280029296875
1883.8374248965	783.880004882813
1886.22549146246	783.119995117188
1888.61282828495	783.719970703125
1890.99943567534	783.840026855469
1893.38531394477	783.679992675781
1895.77046340424	783.359985351563
1898.15488436455	784.200012207031
1900.53857713634	784.440002441406
1902.92154203006	783.52001953125
1905.303779356	783.599975585938
1907.68528942426	784.080017089844
1910.06607254477	783.640014648438
1912.44612902729	783.599975585938
1914.82545918139	784.359985351563
1917.20406331648	783.760009765625
1919.58194174178	783.400024414063
1921.95909476634	783.919982910156
1924.33552269905	784.280029296875
1926.71122584861	783.719970703125
1929.08620452353	783.799987792969
1931.46045903219	784.080017089844
1933.83398968275	783.799987792969
1936.20679678322	783.799987792969
1938.57888064142	784.320007324219
1940.95024156502	783.559997558594
1943.3208798615	783.679992675781
1945.69079583816	783.880004882813
1948.05998980213	784.559997558594
1950.42846206038	783.719970703125
1952.79621291969	783.919982910156
1955.16324268668	784.320007324219
1957.52955166778	784.039978027344
1959.89514016927	783.919982910156
1962.26000849723	784.200012207031
1964.62415695759	783.559997558594
1966.98758585609	784.119995117188
1969.3502954983	784.080017089844
1971.71228618964	783.52001953125
1974.07355823532	783.960021972656
1976.43411194042	784.159973144531
1978.79394760981	783.719970703125
1981.1530655482	784.039978027344
1983.51146606014	783.799987792969
1985.86914944999	783.559997558594
1988.22611602196	784.039978027344
1990.58236608007	784.640014648438
1992.93789992817	783.919982910156
1995.29271786995	783.640014648438
1997.64682020892	783.760009765625
2000.00020724843	783.239990234375
2002.35287929162	783.440002441406
2004.70483664152	783.52001953125
2007.05607960095	783.880004882813
2009.40660847256	784.039978027344
2011.75642355884	784.200012207031
2014.1055251621	783.799987792969
2016.4539135845	784.039978027344
2018.80158912802	783.719970703125
2021.14855209444	783.840026855469
2023.49480278542	784.359985351563
2025.84034150242	783.880004882813
2028.18516854673	784.400024414063
2030.52928421948	784.119995117188
2032.87268882163	784.119995117188
2035.21538265398	783.640014648438
2037.55736601713	783.679992675781
2039.89863921153	783.47998046875
2042.23920253747	784.119995117188
2044.57905629506	784.039978027344
2046.91820078425	784
2049.2566363048	784.47998046875
2051.59436315633	784.080017089844
2053.93138163827	784.159973144531
2056.2676920499	783.880004882813
2058.6032946903	783.919982910156
2060.93818985843	784.159973144531
2063.27237785303	784.640014648438
2065.60585897272	783.320007324219
2067.93863351592	784.119995117188
2070.27070178089	784.039978027344
2072.60206406574	784.119995117188
2074.93272066838	784.280029296875
2077.26267188658	784.119995117188
2079.59191801793	783.799987792969
2081.92045935985	783.640014648438
2084.24829620962	784.799987792969
2086.57542886431	784.119995117188
2088.90185762087	783.840026855469
2091.22758277604	784.440002441406
2093.55260462643	784.47998046875
2095.87692346845	784.400024414063
2098.20053959837	784.760009765625
2100.52345331229	784.239990234375
2102.84566490614	784.320007324219
2105.16717467567	784.440002441406
2107.48798291649	784.039978027344
2109.80808992403	783.719970703125
2112.12749599355	783.760009765625
2114.44620142016	784.719970703125
2116.7642064988	783.359985351563
2119.08151152423	783.840026855469
2121.39811679106	783.880004882813
2123.71402259374	783.159973144531
2126.02922922653	783.880004882813
2128.34373698356	784.599975585938
2130.65754615876	783.640014648438
2132.97065704594	784
2135.28306993869	783.840026855469
2137.59478513047	783.960021972656
2139.90580291459	784.119995117188
2142.21612358416	784.159973144531
2144.52574743214	784
2146.83467475134	784.159973144531
2149.1429058344	783.799987792969
2151.45044097377	784
2153.75728046178	783.719970703125
2156.06342459057	783.840026855469
2158.36887365212	784.599975585938
2160.67362793825	784.280029296875
2162.97768774061	783.840026855469
2165.28105335071	784.47998046875
2167.58372505987	784.239990234375
2169.88570315926	783.640014648438
2172.18698793988	783.47998046875
2174.48757969258	783.799987792969
2176.78747870805	784.039978027344
2179.08668527679	783.880004882813
2181.38519968917	783.919982910156
2183.68302223538	784.52001953125
2185.98015320547	783.239990234375
2188.27659288929	784.119995117188
2190.57234157656	784.359985351563
2192.86739955682	783.760009765625
2195.16176711948	784.840026855469
2197.45544455375	784.159973144531
2199.74843214869	783.440002441406
2202.04073019322	783.359985351563
2204.33233897607	783.640014648438
2206.62325878583	783.640014648438
2208.91348991093	784.119995117188
2211.20303263961	783.880004882813
2213.49188726	783.960021972656
2215.78005406001	783.200012207031
2218.06753332744	784.119995117188
2220.35432534991	783.719970703125
2222.64043041487	783.47998046875
2224.92584880964	783.919982910156
2227.21058082134	782.760009765625
2229.49462673696	783.679992675781
2231.77798684332	783.200012207031
2234.06066142709	783.799987792969
2236.34265077477	783.799987792969
2238.62395517269	782.719970703125
2240.90457490706	783.400024414063
2243.18451026388	783.559997558594
2245.46376152904	783.280029296875
2247.74232898823	783.559997558594
2250.02021292701	783.52001953125
2252.29741363077	783.159973144531
2254.57393138475	783.640014648438
2256.849766474	783.080017089844
2259.12491918346	782.320007324219
2261.39938979788	783.440002441406
2263.67317860185	783.599975585938
2265.94628587983	783.200012207031
2268.2187119161	783.280029296875
2270.49045699478	782.880004882813
2272.76152139985	783.080017089844
2275.03190541511	783.359985351563
2277.30160932421	783.080017089844
2279.57063341067	783.760009765625
2281.83897795781	783.239990234375
2284.10664324882	783.760009765625
2286.37362956672	782.080017089844
2288.63993719439	783.159973144531
2290.90556641454	783.719970703125
2293.17051750973	783.200012207031
2295.43479076235	783.080017089844
2297.69838645465	783.239990234375
2299.96130486871	783.400024414063
2302.22354628647	782.960021972656
2304.48511098971	783.239990234375
2306.74599926003	783.359985351563
2309.00621137891	782.960021972656
2311.26574762765	783.559997558594
2313.52460828741	782.919982910156
2315.78279363917	782.760009765625
2318.04030396379	783.119995117188
2320.29713954195	783.440002441406
2322.55330065418	782.880004882813
2324.80878758085	783.200012207031
2327.06360060219	783.080017089844
2329.31773999826	783.359985351563
2331.57120604897	783.080017089844
2333.82399903409	783.359985351563
2336.0761192332	782.960021972656
2338.32756692577	783.200012207031
2340.57834239108	783.039978027344
2342.82844590827	783
2345.07787775633	782.280029296875
2347.32663821409	782.960021972656
2349.57472756023	782.760009765625
2351.82214607327	782.239990234375
2354.06889403158	782.320007324219
2356.31497171337	782.719970703125
2358.56037939672	782.840026855469
2360.80511735953	782.400024414063
2363.04918587955	782.799987792969
2365.29258523439	783.119995117188
2367.5353157015	782.679992675781
2369.77737755817	782.640014648438
2372.01877108156	782.840026855469
2374.25949654865	783.039978027344
2376.49955423629	782.280029296875
2378.73894442115	782.080017089844
2380.97766737977	782.400024414063
2383.21572338855	782.919982910156
2385.45311272369	782.840026855469
2387.68983566129	783
2389.92589247727	782.599975585938
2392.1612834474	782.320007324219
2394.39600884731	782.719970703125
2396.63006895246	782.47998046875
2398.86346403818	782.880004882813
2401.09619437962	782.760009765625
2403.32826025182	782.359985351563
2405.55966192963	782.559997558594
2407.79039968777	782.559997558594
2410.0204738008	782.039978027344
2412.24988454313	782.599975585938
2414.47863218902	782.320007324219
2416.70671701258	782.47998046875
2418.93413928778	782.280029296875
2421.16089928842	782.400024414063
2423.38699728817	782.440002441406
2425.61243356052	782.400024414063
2427.83720837884	782.840026855469
2430.06132201633	782.280029296875
2432.28477474606	782.320007324219
2434.50756684093	782.919982910156
2436.72969857371	782.359985351563
2438.95117021699	782.400024414063
2441.17198204325	782.559997558594
2443.39213432478	783.119995117188
2445.61162733376	782.52001953125
2447.83046134218	782.239990234375
2450.04863662192	782.200012207031
2452.26615344468	782.679992675781
2454.48301208203	782.320007324219
2456.69921280539	782.440002441406
2458.91475588602	782.440002441406
2461.12964159504	782.760009765625
2463.34387020342	782.760009765625
2465.55744198198	782.52001953125
2467.77035720139	782.880004882813
2469.98261613217	782
2472.1942190447	782.840026855469
2474.40516620922	781.799987792969
2476.6154578958	782.679992675781
2478.82509437436	782.359985351563
2481.03407591471	782.760009765625
2483.24240278646	782.880004882813
2485.45007525911	782.440002441406
2487.65709360202	782.880004882813
2489.86345808435	783
2492.06916897518	782.239990234375
2494.27422654339	782.559997558594
2496.47863105774	782.52001953125
2498.68238278683	782.280029296875
2500.88548199912	782.640014648438
2503.08792896294	782.400024414063
2505.28972394643	782.640014648438
2507.49086721763	782.599975585938
2509.6913590444	782.359985351563
2511.89119969447	782.080017089844
2514.09038943543	782.679992675781
2516.2889285347	781.960021972656
2518.48681725957	782.799987792969
2520.6840558772	782.280029296875
2522.88064465456	782.159973144531
2525.07658385852	783.080017089844
2527.27187375578	782.599975585938
2529.4665146129	782.679992675781
2531.66050669629	782.159973144531
2533.85385027222	782.52001953125
2536.04654560681	782.719970703125
2538.23859296605	782.559997558594
2540.42999261577	782.47998046875
2542.62074482166	782.960021972656
2544.81084984925	782.200012207031
2547.00030796395	782.760009765625
2549.18911943101	782
2551.37728451555	782.119995117188
2553.56480348252	782.559997558594
2555.75167659675	782.559997558594
2557.93790412292	782.840026855469
2560.12348632556	782.840026855469
2562.30842346905	782.919982910156
2564.49271581764	782.239990234375
2566.67636363544	782.280029296875
2568.85936718639	782.320007324219
2571.04172673431	782.760009765625
2573.22344254288	782.760009765625
2575.40451487562	782.359985351563
2577.58494399591	782.440002441406
2579.76473016699	782.52001953125
2581.94387365196	782.359985351563
2584.12237471377	782.200012207031
2586.30023361523	782.080017089844
2588.47745061901	782
2590.65402598763	783.359985351563
2592.82995998348	782.239990234375
2595.0052528688	782.320007324219
2597.17990490568	782.159973144531
2599.35391635608	782.599975585938
2601.52728748181	782.400024414063
2603.70001854454	782.599975585938
2605.8721098058	782.799987792969
2608.04356152698	782.919982910156
2610.21437396931	782
2612.3845473939	782.719970703125
2614.55408206173	782.599975585938
2616.72297823359	782
2618.89123617017	782.400024414063
2621.058856132	782.919982910156
2623.22583837949	782.200012207031
2625.39218317288	782.640014648438
2627.55789077229	782.840026855469
2629.72296143769	782.200012207031
2631.88739542891	781.840026855469
2634.05119300563	783
2636.21435442742	782.239990234375
2638.37687995367	782.840026855469
2640.53876984365	782.559997558594
2642.70002435649	781.840026855469
2644.86064375119	782.039978027344
2647.02062828658	782.760009765625
2649.17997822137	783.159973144531
2651.33869381413	782.159973144531
2653.49677532328	782.239990234375
2655.65422300711	782.599975585938
2657.81103712378	782.52001953125
2659.96721793127	782.599975585938
2662.12276568747	782.799987792969
2664.2776806501	782.440002441406
2666.43196307675	782.119995117188
2668.58561322486	782.679992675781
2670.73863135176	783.440002441406
2672.8910177146	783.440002441406
2675.04277257043	782.840026855469
2677.19389617612	783.239990234375
2679.34438878845	782.559997558594
2681.49425066402	782.840026855469
2683.64348205931	783.239990234375
2685.79208323065	782.080017089844
2687.94005443425	783.559997558594
2690.08739592617	782.559997558594
2692.23410796233	782.159973144531
2694.38019079852	782.960021972656
2696.52564469038	782.719970703125
2698.67046989342	782.960021972656
2700.81466666302	783.400024414063
2702.9582352544	783.280029296875
2705.10117592265	783.039978027344
2707.24348892275	783.280029296875
2709.3851745095	783.080017089844
2711.5262329376	783.200012207031
2713.66666446158	783
2715.80646933585	783.440002441406
2717.94564781468	783.200012207031
2720.08420015222	783.640014648438
2722.22212660245	783.799987792969
2724.35942741923	783.960021972656
2726.49610285628	783.880004882813
2728.63215316721	783.080017089844
2730.76757860544	783.760009765625
2732.9023794243	783.320007324219
2735.03655587697	783.47998046875
2737.17010821648	783.52001953125
2739.30303669573	783.119995117188
2741.4353415675	783.440002441406
2743.56702308442	783.52001953125
2745.69808149898	784.280029296875
2747.82851706355	784.119995117188
2749.95833003034	783.919982910156
2752.08752065145	783.960021972656
2754.21608917883	783.280029296875
2756.3440358643	782.880004882813
2758.47136095954	783.919982910156
2760.59806471609	783.640014648438
2762.72414738537	783.640014648438
2764.84960921865	783.440002441406
2766.97445046708	783.960021972656
2769.09867138166	784
2771.22227221326	783.080017089844
2773.34525321263	783.400024414063
2775.46761463035	783.719970703125
2777.58935671691	784.119995117188
2779.71047972262	784
2781.83098389771	783.200012207031
2783.95086949221	783.760009765625
2786.07013675607	783.119995117188
2788.18878593908	783.239990234375
2790.3068172909	783.080017089844
2792.42423106106	783.559997558594
2794.54102749895	783.440002441406
2796.65720685384	783.039978027344
2798.77276937486	784.039978027344
2800.88771531098	783.47998046875
2803.00204491107	783.679992675781
2805.11575842387	783.039978027344
2807.22885609796	783.919982910156
2809.34133818179	784.119995117188
2811.4532049237	783.359985351563
2813.56445657189	783.960021972656
2815.6750933744	784.159973144531
2817.78511557916	784.320007324219
2819.89452343398	784.239990234375
2822.00331718652	784.679992675781
2824.11149708429	784.599975585938
2826.2190633747	784.679992675781
2828.32601630502	785.359985351563
2830.43235612237	784.799987792969
2832.53808307375	784.919982910156
2834.64319740603	785.679992675781
2836.74769936595	785.799987792969
2838.85158920011	786.840026855469
2840.95486715497	786.640014648438
2843.05753347689	788
2845.15958841206	789.320007324219
2847.26103220657	789.880004882813
2849.36186510636	791.440002441406
2851.46208735724	791.400024414063
2853.56169920488	791.280029296875
2855.66070089485	791.799987792969
2857.75909267257	792.599975585938
2859.85687478332	792.679992675781
2861.95404747225	793.400024414063
2864.05061098439	794.440002441406
2866.14656556464	795.960021972656
2868.24191145777	797.400024414063
2870.3366489084	798.760009765625
2872.43077816104	799.239990234375
2874.52429946006	799.440002441406
2876.61721304971	799
2878.70951917409	801.200012207031
2880.8012180772	800.239990234375
2882.89231000287	800.280029296875
2884.98279519483	801.200012207031
2887.07267389667	802.239990234375
2889.16194635186	802.559997558594
2891.25061280373	802.039978027344
2893.33867349546	801.559997558594
2895.42612867015	802.47998046875
2897.51297857074	802.640014648438
2899.59922344003	804.080017089844
2901.68486352071	803.320007324219
2903.76989905533	803.919982910156
2905.85433028632	803.960021972656
2907.93815745598	804.799987792969
2910.02138080648	806.559997558594
2912.10400057985	807.320007324219
2914.186017018	808.080017089844
2916.26743036271	807.799987792969
2918.34824085563	810.119995117188
2920.4284487383	811.47998046875
2922.5080542521	812.080017089844
2924.58705763829	811.359985351563
2926.66545913802	812.599975585938
2928.74325899231	813.880004882813
2930.82045744202	814.679992675781
2932.89705472792	815.880004882813
2934.97305109062	817.119995117188
2937.04844677063	818
2939.12324200832	817.440002441406
2941.19743704393	817.52001953125
2943.27103211757	814.880004882813
2945.34402746923	812.599975585938
2947.41642333876	811.760009765625
2949.48821996592	810.47998046875
2951.55941759028	808.559997558594
2953.63001645135	810.440002441406
2955.70001678845	807.679992675781
2957.76941884083	807.47998046875
2959.83822284757	807.880004882813
2961.90642904764	806.919982910156
2963.97403767988	804.640014648438
2966.04104898302	805.52001953125
2968.10746319565	804.119995117188
2970.17328055621	804.760009765625
2972.23850130305	806.359985351563
2974.30312567438	805.440002441406
2976.36715390829	803.47998046875
2978.43058624273	803.919982910156
2980.49342291553	803.039978027344
2982.55566416439	803.440002441406
2984.61731022691	802.640014648438
2986.67836134051	801.52001953125
2988.73881774255	800.840026855469
2990.79867967021	799.919982910156
2992.85794736058	799.719970703125
2994.9166210506	799.559997558594
2996.97470097711	798
2999.03218737679	799.760009765625
3001.08908048622	797.880004882813
3003.14538054186	798.239990234375
3005.20108778002	798.200012207031
3007.25620243691	796.080017089844
3009.3107247486	797.719970703125
3011.36465495104	796.559997558594
3013.41799328004	795.52001953125
3015.47073997133	796.880004882813
3017.52289526045	795.559997558594
3019.57445938288	795.599975585938
3021.62543257393	797.039978027344
3023.6758150688	797.159973144531
3025.72560710258	796.640014648438
3027.77480891021	796.119995117188
3029.82342072652	795.280029296875
3031.87144278622	795.559997558594
3033.91887532389	796.039978027344
3035.96571857399	796.280029296875
3038.01197277084	796.039978027344
3040.05763814867	796.799987792969
3042.10271494154	797.440002441406
3044.14720338344	797.919982910156
3046.19110370818	799.039978027344
3048.2344161495	798.799987792969
3050.27714094097	798.400024414063
3052.31927831608	799.880004882813
3054.36082850816	799.599975585938
3056.40179175044	800.320007324219
3058.44216827602	799.320007324219
3060.48195831786	801.320007324219
3062.52116210884	803.280029296875
3064.55977988167	802.799987792969
3066.59781186897	803.799987792969
3068.63525830322	802.760009765625
3070.67211941678	803.719970703125
3072.7083954419	802.799987792969
3074.7440866107	802.599975585938
3076.77919315516	803.200012207031
3078.81371530716	803.320007324219
3080.84765329846	803.640014648438
3082.88100736068	803.719970703125
3084.91377772534	804.679992675781
3086.94596462381	803.440002441406
3088.97756828737	804.280029296875
3091.00858894714	804.559997558594
3093.03902683417	806.440002441406
3095.06888217933	807.359985351563
3097.09815521342	807.559997558594
3099.12684616709	809.280029296875
3101.15495527087	809.559997558594
3103.18248275518	808.239990234375
3105.20942885031	809.200012207031
3107.23579378642	809.679992675781
3109.26157779358	809.039978027344
3111.28678110171	808.960021972656
3113.31140394062	809.47998046875
3115.33544654	811.52001953125
3117.35890912942	813.799987792969
3119.38179193832	813.400024414063
3121.40409519602	814.919982910156
3123.42581913174	815.039978027344
3125.44696397457	814.320007324219
3127.46752995345	815.440002441406
3129.48751729725	816.840026855469
3131.50692623469	817.47998046875
3133.52575699436	818
3135.54400980476	816.960021972656
3137.56168489425	818.840026855469
3139.57878249108	819.559997558594
3141.59530282337	819.440002441406
3143.61124611913	819.52001953125
3145.62661260624	819.400024414063
3147.64140251247	818.239990234375
3149.65561606547	821.440002441406
3151.66925349277	824.440002441406
3153.68231502177	825.47998046875
3155.69480087977	825.599975585938
3157.70671129394	825.119995117188
3159.71804649132	824.679992675781
3161.72880669886	823.719970703125
3163.73899214336	824.52001953125
3165.74860305152	827.400024414063
3167.75763964991	831.52001953125
3169.766102165	827.559997558594
3171.77399082313	829.840026855469
3173.7813058505	831.599975585938
3175.78804747323	827.719970703125
3177.79421591731	831.440002441406
3179.79981140859	830.640014648438
3181.80483417282	829.239990234375
3183.80928443564	832.159973144531
3185.81316242255	832.679992675781
3187.81646835896	835.559997558594
3189.81920247013	838.159973144531
3191.82136498122	834.799987792969
3193.82295611727	837.799987792969
3195.82397610321	838.919982910156
3197.82442516385	839.239990234375
3199.82430352386	834.52001953125
3201.82361140782	837
3203.82234904018	837.799987792969
3205.82051664529	837.799987792969
3207.81811444735	837.960021972656
3209.81514267047	839.760009765625
3211.81160153863	842.440002441406
3213.80749127571	841.280029296875
3215.80281210545	840.880004882813
3217.79756425148	843.159973144531
3219.79174793733	840.599975585938
3221.7853633864	841.119995117188
3223.77841082196	841.960021972656
3225.77089046719	839.200012207031
3227.76280254513	842.559997558594
3229.75414727873	845.280029296875
3231.74492489081	844.239990234375
3233.73513560406	846.400024414063
3235.72477964107	846.960021972656
3237.71385722431	845.200012207031
3239.70236857614	844.559997558594
3241.6903139188	842.760009765625
3243.6776934744	840.320007324219
3245.66450746496	842.719970703125
3247.65075611237	844.159973144531
3249.63643963841	844.960021972656
3251.62155826472	846.200012207031
3253.60611221287	843.359985351563
3255.59010170428	841.640014648438
3257.57352696026	845.320007324219
3259.55638820202	846.799987792969
3261.53868565064	849.640014648438
3263.52041952708	846.47998046875
3265.50159005221	842.960021972656
3267.48219744676	844.719970703125
3269.46224193136	843.719970703125
3271.44172372651	847.320007324219
3273.42064305262	850
3275.39900012996	849.080017089844
3277.3767951787	848.440002441406
3279.35402841889	848.52001953125
3281.33070007047	848.159973144531
3283.30681035326	848.119995117188
3285.28235948698	846.320007324219
3287.25734769121	845.52001953125
3289.23177518544	846.599975585938
3291.20564218903	844
3293.17894892124	845.799987792969
3295.1516956012	846.280029296875
3297.12388244795	849.119995117188
3299.09550968039	849.039978027344
3301.06657751732	848.559997558594
3303.03708617743	847.960021972656
3305.00703587929	847.400024414063
3306.97642684135	848.599975585938
3308.94525928196	848.320007324219
3310.91353341935	845.719970703125
3312.88124947164	842.599975585938
3314.84840765683	846.760009765625
3316.81500819282	849.159973144531
3318.78105129738	850.159973144531
3320.74653718818	843.039978027344
3322.71146608278	844.52001953125
3324.67583819861	846.080017089844
3326.639653753	843.47998046875
3328.60291296317	847.359985351563
3330.56561604621	847.719970703125
3332.52776321913	845.52001953125
3334.4893546988	845.919982910156
3336.45039070198	844.919982910156
3338.41087144533	843.239990234375
3340.37079714539	842.919982910156
3342.33016801859	842.799987792969
3344.28898428124	844.880004882813
3346.24724614955	845.679992675781
3348.20495383962	844.440002441406
3350.16210756742	843.359985351563
3352.11870754883	843.559997558594
3354.07475399961	845.119995117188
3356.03024713539	847.159973144531
3357.98518717173	848.640014648438
3359.93957432403	848.320007324219
3361.89340880761	847.799987792969
3363.84669083768	845.119995117188
3365.79942062933	842.919982910156
3367.75159839753	841.119995117188
3369.70322435715	843.239990234375
3371.65429872295	843.440002441406
3373.60482170957	846.400024414063
3375.55479353155	845.400024414063
3377.50421440332	845.52001953125
3379.45308453918	846.200012207031
3381.40140415335	847.039978027344
3383.34917345991	846.559997558594
3385.29639267284	848.080017089844
3387.24306200602	843.200012207031
3389.18918167321	844
3391.13475188806	847.47998046875
3393.07977286411	848.679992675781
3395.02424481479	850.320007324219
3396.96816795342	845.239990234375
3398.91154249322	843.599975585938
3400.85436864728	842.320007324219
3402.79664662859	845.359985351563
3404.73837665004	847.280029296875
3406.67955892439	845.159973144531
3408.62019366432	845.039978027344
3410.56028108236	847.599975585938
3412.49982139096	846.200012207031
3414.43881480247	845.960021972656
3416.37726152909	848.039978027344
3418.31516178295	844.880004882813
3420.25251577605	846.52001953125
3422.18932372029	850.239990234375
3424.12558582746	849.080017089844
3426.06130230922	847.359985351563
3427.99647337717	843.559997558594
3429.93109924274	844.919982910156
3431.8651801173	845.320007324219
3433.79871621209	844.320007324219
3435.73170773824	844.080017089844
3437.66415490678	847.640014648438
3439.59605792862	847.200012207031
3441.52741701458	848.640014648438
3443.45823237536	845.919982910156
3445.38850422154	844.47998046875
3447.31823276362	845.239990234375
3449.24741821196	845.799987792969
3451.17606077684	846
3453.10416066842	842.280029296875
3455.03171809674	840.080017089844
3456.95873327175	839.47998046875
3458.88520640329	844.440002441406
3460.81113770109	845
3462.73652737477	843.640014648438
3464.66137563383	841.200012207031
3466.58568268769	841.960021972656
3468.50944874565	840.919982910156
3470.43267401689	837.880004882813
3472.3553587105	839.760009765625
3474.27750303545	837.640014648438
3476.19910720062	834.799987792969
3478.12017141476	836.559997558594
3480.04069588654	839.679992675781
3481.9606808245	839.640014648438
3483.88012643707	842.239990234375
3485.79903293259	840.799987792969
3487.7174005193	839.359985351563
3489.63522940532	836.280029296875
3491.55251979864	833.799987792969
3493.46927190719	832.719970703125
3495.38548593877	833.400024414063
3497.30116210107	828.280029296875
3499.21630060167	831.159973144531
3501.13090164807	833.119995117188
3503.04496544763	832.840026855469
3504.95849220763	831.880004882813
3506.87148213523	828.200012207031
3508.78393543748	828.200012207031
3510.69585232134	827.440002441406
3512.60723299365	823.200012207031
3514.51807766116	822.52001953125
3516.42838653049	823.359985351563
3518.33815980819	823.47998046875
3520.24739770066	822.559997558594
3522.15610041423	824.559997558594
3524.06426815511	824.359985351563
3525.9719011294	823.679992675781
3527.87899954311	820.840026855469
3529.78556360213	818.52001953125
3531.69159351225	821.080017089844
3533.59708947916	820.960021972656
3535.50205170844	819.919982910156
3537.40648040556	816.239990234375
3539.3103757759	818.119995117188
3541.21373802472	817.640014648438
3543.11656735717	817.799987792969
3545.01886397833	817.320007324219
3546.92062809313	815.919982910156
3548.82185990643	815.400024414063
3550.72255962297	814.280029296875
3552.62272744738	814.119995117188
3554.5223635842	813.880004882813
3556.42146823786	815.159973144531
3558.32004161268	814.919982910156
3560.21808391289	811.239990234375
3562.11559534259	808.159973144531
3564.01257610581	808.47998046875
3565.90902640645	809.320007324219
3567.80494644831	808.719970703125
3569.7003364351	808.400024414063
3571.59519657042	808.799987792969
3573.48952705774	809.359985351563
3575.38332810048	808.280029296875
3577.27659990191	807.400024414063
3579.16934266521	808
3581.06155659346	806.679992675781
3582.95324188965	807.559997558594
3584.84439875663	808.440002441406
3586.73502739718	806.320007324219
3588.62512801397	805.799987792969
3590.51470080955	804.320007324219
3592.40374598639	804.359985351563
3594.29226374685	803.47998046875
3596.18025429317	802.760009765625
3598.06771782751	802.760009765625
3599.95465455192	803.119995117188
3601.84106466834	801.960021972656
3603.72694837861	801.960021972656
3605.61230588447	802.799987792969
3607.49713738756	800.919982910156
3609.38144308942	800.760009765625
3611.26522319148	801.200012207031
3613.14847789506	800.47998046875
3615.0312074014	800.080017089844
3616.91341191162	799.52001953125
3618.79509162674	798.599975585938
3620.67624674769	798.440002441406
3622.55687747528	798.640014648438
3624.43698401024	799.760009765625
3626.31656655317	799.599975585938
3628.1956253046	796.080017089844
3630.07416046492	795.840026855469
3631.95217223446	795.840026855469
3633.82966081342	796.039978027344
3635.70662640191	796.280029296875
3637.58306919993	796.640014648438
3639.45898940739	796.119995117188
3641.33438722409	794.359985351563
3643.20926284973	793.760009765625
3645.08361648392	794.400024414063
3646.95744832614	793.679992675781
3648.8307585758	793.440002441406
3650.7035474322	792.52001953125
3652.57581509452	791.919982910156
3654.44756176188	791.599975585938
3656.31878763324	791.760009765625
3658.18949290753	790.840026855469
3660.05967778352	791.119995117188
3661.9293424599	791.280029296875
3663.79848713527	790.159973144531
3665.66711200812	789.52001953125
3667.53521727684	789.039978027344
3669.40280313972	789.239990234375
3671.26986979494	788.880004882813
3673.13641744059	788.039978027344
3675.00244627468	787.760009765625
