-140.373595351881	778.960021972656
-137.335129063906	778.960021972656
-134.297686810867	779.039978027344
-131.261268103955	778.760009765625
-128.225872454677	779.359985351563
-125.191499374839	779.080017089844
-122.158148376567	779.080017089844
-119.125818972292	779.200012207031
-116.094510674759	779.400024414063
-113.064222997021	778.960021972656
-110.034955452443	778.919982910156
-107.006707554687	778.840026855469
-103.979478817741	779.080017089844
-100.95326875589	779.159973144531
-97.928076883731	779.119995117188
-94.9039027161698	779.47998046875
-91.8807457684175	779.119995117188
-88.8586055560018	779.200012207031
-85.8374815947384	779.080017089844
-82.8173734007715	779.280029296875
-79.7982804905411	779.359985351563
-76.7802023807988	778.719970703125
-73.7631385885914	778.599975585938
-70.7470886312892	778.760009765625
-67.732052026553	779.320007324219
-64.7180282923587	778.840026855469
-61.7050169469884	778.760009765625
-58.6930175090183	779.320007324219
-55.6820294973386	778.880004882813
-52.6720524311495	779.119995117188
-49.66308582994	778.719970703125
-46.6551292135171	778.880004882813
-43.6481821019882	779.119995117188
-40.6422440157577	778.919982910156
-37.6373144755424	779.280029296875
-34.6333930023594	779.200012207031
-31.630479117526	779.280029296875
-28.6285723426709	778.840026855469
-25.6276721997107	778.760009765625
-22.6277782108771	779.159973144531
-19.628889898701	779.159973144531
-16.6310067860081	779.320007324219
-13.6341283959385	780.359985351563
-10.6382542519231	783.200012207031
-7.64338387769432	801.359985351563
-4.64951679729502	838.039978027344
-1.65665253506141	859.679992675781
1.33520938438089	839.52001953125
4.32606943608095	793.960021972656
7.315928094803	780.440002441406
10.3047858350146	779.119995117188
13.2926431308747	779.080017089844
16.2795004562541	779.280029296875
19.2653582847118	778.960021972656
22.2502170895187	779.080017089844
25.2340773436344	779.47998046875
28.216939519735	779
31.1988040901939	778.840026855469
34.1796715270814	778.679992675781
37.1595423021732	778.719970703125
40.1384168869468	779.200012207031
43.1162957525854	779.080017089844
46.0931793699786	779
49.0690682097059	779
52.0439627420619	778.52001953125
55.0178634370476	778.840026855469
57.9907707643592	778.760009765625
60.9626851933962	778.599975585938
63.9336071932735	779.159973144531
66.9035372328018	779.760009765625
69.8724757804959	778.960021972656
72.8404233045826	779.119995117188
75.8073802729932	778.799987792969
78.7733471533597	779
81.738324413019	778.880004882813
84.702312519025	779.400024414063
87.665311938125	778.960021972656
90.6273231367761	779.400024414063
93.5883465811569	779.159973144531
96.5483827371242	778.799987792969
99.5074320702731	778.880004882813
102.465495045889	779.239990234375
105.422572128961	778.760009765625
108.378663784199	778.799987792969
111.333770476014	779.080017089844
114.287892668528	779.400024414063
117.24103082557	779.599975585938
120.193185410674	778.679992675781
123.144356887097	779.719970703125
126.094545717786	779.599975585938
129.043752365413	780.159973144531
131.991977292355	779.640014648438
134.939220960695	780.440002441406
137.885483832232	780.719970703125
140.83076636847	781.239990234375
143.775069030632	781.880004882813
146.718392279644	781.679992675781
149.660736576149	782.320007324219
152.602102380488	782.960021972656
155.54249015274	782.679992675781
158.481900352672	783.799987792969
161.420333439765	784.280029296875
164.357789873227	785.599975585938
167.294270111968	785.52001953125
170.229774614617	785.52001953125
173.164303839496	787.159973144531
176.097858244675	788.400024414063
179.030438287908	789.359985351563
181.962044426678	789.679992675781
184.89267711817	790.47998046875
187.822336819302	790.52001953125
190.751023986678	790.400024414063
193.678739076648	791.359985351563
196.605482545255	792.039978027344
199.531254848261	792.119995117188
202.456056441152	792.400024414063
205.379887779119	793.039978027344
208.30274931708	792.039978027344
211.224641509656	792.880004882813
214.145564811189	792.679992675781
217.06551967574	793.640014648438
219.984506557089	794.320007324219
222.902525908723	793.280029296875
225.819578183856	792.440002441406
228.735663835415	792.840026855469
231.650783316047	792.119995117188
234.564937078107	792.559997558594
237.478125573679	792.119995117188
240.390349254566	792.559997558594
243.301608572278	792.840026855469
246.211903978051	793.119995117188
249.121235922839	793.440002441406
252.029604857321	793.47998046875
254.93701123188	794.880004882813
257.843455496632	795.280029296875
260.748938101415	796.039978027344
263.653459495766	796.159973144531
266.557020128967	797.840026855469
269.459620450005	797.400024414063
272.361260907595	797.47998046875
275.261941950168	796.840026855469
278.161664025874	798.599975585938
281.060427582592	798.119995117188
283.958233067921	797.359985351563
286.855080929176	796.960021972656
289.750971613398	797.799987792969
292.645905567344	797.719970703125
295.539883237503	798.52001953125
298.432905070079	797.280029296875
301.324971511007	796.719970703125
304.216083005931	798
307.10624000023	799.280029296875
309.995442939003	800.640014648438
312.883692267071	804.760009765625
315.770988428979	813.52001953125
318.657331869	825.320007324219
321.542723031127	830.679992675781
324.427162359076	829
327.310650296293	819.280029296875
330.193187285945	810.52001953125
333.074773770929	804
335.955410193855	801.559997558594
338.835096997075	798.359985351563
341.713834622655	798.47998046875
344.59162351239	798.400024414063
347.468464107802	796.760009765625
350.344356850137	796.200012207031
353.219302180373	795.960021972656
356.093300539208	795.960021972656
358.966352367073	796.200012207031
361.838458104123	795.039978027344
364.70961819024	794.960021972656
367.579833065031	794.599975585938
370.449103167837	794.919982910156
373.317428937727	795.640014648438
376.184810813496	794.599975585938
379.051249233659	794.919982910156
381.916744636474	796.119995117188
384.78129745992	795.080017089844
387.644908141706	794.440002441406
390.50757711927	795
393.36930482978	794.919982910156
396.23009171014	795.640014648438
399.089938196969	794.599975585938
401.948844726631	794.239990234375
404.806811735214	795.52001953125
407.66383965853	794.440002441406
410.519928932138	794.840026855469
413.375079991314	795.200012207031
416.229293271071	794.640014648438
419.082569206155	795.400024414063
421.934908231031	794.760009765625
424.786310779917	794.840026855469
427.636777286748	795
430.486308185189	794.640014648438
433.334903908649	795.679992675781
436.182564890262	795.320007324219
439.029291562898	795.880004882813
441.875084359157	795.559997558594
444.719943711374	795.52001953125
447.563870051618	795.52001953125
450.406863811695	794.840026855469
453.248925423132	793.960021972656
456.090055317208	794.320007324219
458.93025392492	794.760009765625
461.76952167701	795.320007324219
464.60785900395	795.080017089844
467.44526633595	795.52001953125
470.281744102955	794.880004882813
473.117292734635	794.47998046875
475.951912660415	795
478.785604309439	794.880004882813
481.618368110592	795.559997558594
484.450204492499	795.599975585938
487.281113883518	794.799987792969
490.111096711738	794.52001953125
492.940153404999	794.760009765625
495.768284390864	795.239990234375
498.595490096635	794.640014648438
501.421770949366	794.640014648438
504.247127375825	795.320007324219
507.071559802537	796.159973144531
509.89506865575	795.320007324219
512.717654361473	795.719970703125
515.539317345424	795.559997558594
518.360058033083	796.47998046875
521.179876849652	795.880004882813
523.998774220083	795.760009765625
526.816750569068	795.719970703125
529.633806321025	795.359985351563
532.44994190013	795.52001953125
535.265157730284	794.880004882813
538.079454235133	794.119995117188
540.892831838066	794.47998046875
543.705290962208	795
546.516832030424	795.880004882813
549.32745546533	794.640014648438
552.137161689268	795.039978027344
554.945951124325	795.280029296875
557.753824192341	795.320007324219
560.560781314883	795
563.36682291327	794.559997558594
566.171949408555	795.119995117188
568.976161221537	794.960021972656
571.779458772759	795.599975585938
574.5818424825	795.320007324219
577.383312770792	793.840026855469
580.183870057402	793.640014648438
582.983514761843	794.799987792969
585.782247303363	794.679992675781
588.580068100976	794.719970703125
591.376977573414	794.960021972656
594.172976139164	794.320007324219
596.968064216463	794.200012207031
599.762242223282	794.840026855469
602.555510577335	794.47998046875
605.347869696099	795.159973144531
608.139319996771	794.52001953125
610.929861896313	794.359985351563
613.719495811421	793.840026855469
616.508222158541	794.440002441406
619.296041353863	794.840026855469
622.082953813324	795
624.868959952607	795.359985351563
627.654060187137	794.400024414063
630.438254932094	794.559997558594
633.221544602397	793.400024414063
636.003929612719	794.239990234375
638.785410377468	793.679992675781
641.565987310814	794.280029296875
644.345660826665	794.599975585938
647.124431338674	794.640014648438
649.902299260252	793.919982910156
652.679265004552	793.359985351563
655.455328984475	794.52001953125
658.230491612671	794.440002441406
661.004753301541	793.840026855469
663.778114463229	794.440002441406
666.550575509631	794.400024414063
669.322136852395	795.239990234375
672.092798902916	794.400024414063
674.862562072336	794.719970703125
677.631426771548	794.880004882813
680.399393411204	794
683.166462401689	794.280029296875
685.93263415315	795.039978027344
688.697909075486	794.159973144531
691.462287578337	794.840026855469
694.225770071098	793.159973144531
696.988356962926	793.919982910156
699.750048662705	794.119995117188
702.5108455791	795.640014648438
705.270748120503	795.039978027344
708.029756695068	794.119995117188
710.787871710705	793.599975585938
713.545093575065	793.960021972656
716.301422695566	794.239990234375
719.056859479364	795.52001953125
721.811404333376	794.719970703125
724.56505766427	795.200012207031
727.317819878473	794.599975585938
730.069691382148	794.760009765625
732.820672581226	795.239990234375
735.570763881396	795.039978027344
738.319965688092	794.239990234375
741.068278406496	795.400024414063
743.815702441559	794.799987792969
746.562238197974	794.599975585938
749.307886080196	793.960021972656
752.052646492436	794.919982910156
754.796519838656	794.880004882813
757.539506522567	794.080017089844
760.28160694765	795.200012207031
763.022821517128	795.200012207031
765.76315063399	794.760009765625
768.502594700972	794.880004882813
771.241154120572	794.919982910156
773.978829295045	796
776.715620626397	795.799987792969
779.451528516396	796.640014648438
782.186553366565	796.280029296875
784.920695578179	796.52001953125
787.653955552283	796.52001953125
790.386333689662	795.359985351563
793.117830390877	794.679992675781
795.848446056227	795
798.578181085792	794.919982910156
801.307035879389	794.039978027344
804.035010836599	795
806.762106356774	795.440002441406
809.488322839013	794.880004882813
812.213660682169	794.400024414063
814.938120284866	796
817.661702045482	795.440002441406
820.384406362153	794.47998046875
823.10623363278	794.559997558594
825.827184255014	794.119995117188
828.547258626283	795.039978027344
831.266457143747	794.640014648438
833.984780204358	795.47998046875
836.702228204804	794.080017089844
839.418801541552	793.640014648438
842.134500610814	794.280029296875
844.849325808575	794.47998046875
847.563277530579	795.119995117188
850.276356172319	794.880004882813
852.988562129066	795.599975585938
855.69989579585	795.47998046875
858.410357567456	795.200012207031
861.119947838428	795.52001953125
863.828667003087	794.359985351563
866.536515455503	794.640014648438
869.243493589517	794.080017089844
871.949601798728	794.080017089844
874.654840476504	794.280029296875
877.359210015961	793.280029296875
880.062710810003	793.47998046875
882.765343251273	793.799987792969
885.467107732191	794.880004882813
888.168004644938	795.200012207031
890.868034381467	794.559997558594
893.567197333476	795.119995117188
896.265493892445	794.280029296875
898.962924449614	794.119995117188
901.659489395985	794.440002441406
904.355189122325	794.200012207031
907.050024019165	794.640014648438
909.743994476809	794.719970703125
912.437100885322	794.760009765625
915.129343634532	794.359985351563
917.820723114032	794.440002441406
920.511239713189	793.919982910156
923.200893821127	794.52001953125
925.889685826744	794.320007324219
928.577616118699	795
931.264685085419	794.52001953125
933.950893115098	794.640014648438
936.6362405957	795.119995117188
939.320727914956	795.919982910156
942.004355460359	795.52001953125
944.687123619173	794.599975585938
947.369032778431	794.159973144531
950.050083324934	794.880004882813
952.730275645247	794.280029296875
955.409610125711	794.719970703125
958.088087152423	794.239990234375
960.765707111263	793.679992675781
963.442470387871	794.719970703125
966.118377367657	794.200012207031
968.793428435798	794.359985351563
971.467623977254	795.159973144531
974.140964376739	794.119995117188
976.813450018737	794.799987792969
979.485081287511	793.799987792969
982.155858567087	794.679992675781
984.825782241271	794.119995117188
987.494852693624	793.840026855469
990.163070307487	794.719970703125
992.830435465978	795.359985351563
995.496948551973	794
998.162609948122	794.919982910156
1000.82742003685	797.440002441406
1003.49137920036	798
1006.15448782061	798.200012207031
1008.81674627934	797.239990234375
1011.47815495806	795.039978027344
1014.13871423805	793.200012207031
1016.79842450037	793.400024414063
1019.45728612586	794.400024414063
1022.11529949509	794.559997558594
1024.77246498846	793.280029296875
1027.4287829861	794.159973144531
1030.08425386792	793.47998046875
1032.73887801363	794.719970703125
1035.3926558027	793.840026855469
1038.04558761435	794.760009765625
1040.69767382761	794.359985351563
1043.34891482125	794.47998046875
1045.99931097384	794.039978027344
1048.64886266371	793.320007324219
1051.29757026898	794.080017089844
1053.94543416753	794.52001953125
1056.59245473701	793.640014648438
1059.23863235486	793.840026855469
1061.8839673983	793.679992675781
1064.5284602443	794
1067.17211126962	794.320007324219
1069.8149208508	793.840026855469
1072.45688936415	794.119995117188
1075.09801718577	794.679992675781
1077.7383046915	794.039978027344
1080.377752257	795.880004882813
1083.01636025767	794.280029296875
1085.65412906872	795.320007324219
1088.2910590651	794.400024414063
1090.92715062157	794.559997558594
1093.56240411266	795.039978027344
1096.19681991265	795.400024414063
1098.83039839564	795.080017089844
1101.46313993547	795.52001953125
1104.09504490579	794.679992675781
1106.72611368	793.640014648438
1109.35634663129	793.400024414063
1111.98574413263	792.960021972656
1114.61430655677	792.400024414063
1117.24203427624	793.080017089844
1119.86892766333	793.200012207031
1122.49498709014	793.960021972656
1125.12021292851	793.919982910156
1127.74460555011	794.440002441406
1130.36816532634	793.960021972656
1132.99089262841	792.960021972656
1135.6127878273	792.919982910156
1138.23385129376	792.599975585938
1140.85408339834	792.080017089844
1143.47348451137	791
1146.09205500294	791.200012207031
1148.70979524293	791.679992675781
1151.326705601	792.159973144531
1153.9427864466	792.239990234375
1156.55803814896	792.559997558594
1159.17246107707	792.239990234375
1161.78605559974	793.159973144531
1164.39882208551	792.159973144531
1167.01076090276	792.039978027344
1169.6218724196	792.559997558594
1172.23215700396	792.880004882813
1174.84161502352	792.52001953125
1177.45024684578	792.760009765625
1180.05805283799	792.799987792969
1182.66503336719	792.039978027344
1185.27118880021	792.559997558594
1187.87651950367	792.239990234375
1190.48102584395	791.760009765625
1193.08470818723	791.47998046875
1195.68756689948	792.080017089844
1198.28960234643	792.440002441406
1200.89081489363	793.47998046875
1203.49120490636	793.080017089844
1206.09077274974	793.080017089844
1208.68951878864	793.52001953125
1211.28744338773	793.280029296875
1213.88454691145	792.679992675781
1216.48082972404	794.359985351563
1219.07629218953	793.200012207031
1221.6709346717	793.799987792969
1224.26475753416	794.880004882813
1226.85776114028	795.52001953125
1229.44994585322	795.719970703125
1232.04131203592	795.640014648438
1234.63186005112	796.640014648438
1237.22159026133	794.52001953125
1239.81050302886	795.640014648438
1242.3985987158	796.440002441406
1244.98587768402	797.119995117188
1247.5723402952	796.640014648438
1250.15798691078	797.280029296875
1252.74281789199	796.47998046875
1255.32683359987	796.719970703125
1257.91003439523	796.440002441406
1260.49242063865	796.52001953125
1263.07399269055	796.760009765625
1265.65475091108	796.52001953125
1268.23469566021	795.080017089844
1270.81382729769	796.760009765625
1273.39214618306	795.280029296875
1275.96965267566	795.080017089844
1278.54634713458	794.640014648438
1281.12222991875	794.280029296875
1283.69730138685	794.52001953125
1286.27156189737	795
1288.84501180858	794.919982910156
1291.41765147853	795.760009765625
1293.98948126509	795.880004882813
1296.56050152589	795.47998046875
1299.13071261837	796.400024414063
1301.70011489973	796.239990234375
1304.268708727	795.280029296875
1306.83649445698	795.960021972656
1309.40347244625	796.239990234375
1311.96964305119	795.719970703125
1314.53500662799	795.760009765625
1317.0995635326	797.280029296875
1319.66331412077	796.799987792969
1322.22625874806	796.880004882813
1324.7883977698	797.440002441406
1327.34973154112	795.880004882813
1329.91026041694	796.52001953125
1332.46998475197	797.159973144531
1335.0289049007	796.239990234375
1337.58702121746	797.080017089844
1340.14433405631	796.840026855469
1342.70084377115	795.960021972656
1345.25655071563	795.840026855469
1347.81145524323	795.320007324219
1350.36555770721	793.840026855469
1352.91885846062	793.080017089844
1355.47135785631	793.280029296875
1358.02305624691	793.559997558594
1360.57395398486	792.239990234375
1363.12405142237	793.919982910156
1365.67334891148	792.799987792969
1368.22184680399	793.239990234375
1370.76954545151	793
1373.31644520545	792.47998046875
1375.86254641699	792.119995117188
1378.40784943713	792.599975585938
1380.95235461666	792.840026855469
1383.49606230615	792.239990234375
1386.03897285598	792.320007324219
1388.58108661632	792.47998046875
1391.12240393713	792.080017089844
1393.66292516818	792.320007324219
1396.20265065903	792
1398.74158075901	792.880004882813
1401.2797158173	792.359985351563
1403.81705618282	792.719970703125
1406.35360220431	792
1408.88935423032	791.400024414063
1411.42431260919	792.239990234375
1413.95847768903	792.52001953125
1416.49184981777	791.960021972656
1419.02442934314	791.719970703125
1421.55621661266	792.080017089844
1424.08721197364	792.47998046875
1426.61741577321	792.960021972656
1429.14682835828	792.919982910156
1431.67545007555	792
1434.20328127153	793.359985351563
1436.73032229253	794.359985351563
1439.25657348466	794.919982910156
1441.78203519381	795.200012207031
1444.3067077657	796.359985351563
1446.83059154581	796.559997558594
1449.35368687944	797
1451.8759941117	796.599975585938
1454.39751358748	796.359985351563
1456.91824565148	796.239990234375
1459.43819064818	795.760009765625
1461.95734892189	794.799987792969
1464.4757208167	795.320007324219
1466.99330667649	794.760009765625
1469.51010684497	794.080017089844
1472.02612166564	794.559997558594
1474.54135148177	793.799987792969
1477.05579663646	793.080017089844
1479.56945747262	792.200012207031
1482.08233433293	792.599975585938
1484.59442755989	792.039978027344
1487.10573749579	793
1489.61626448275	792.200012207031
1492.12600886264	790.640014648438
1494.63497097718	790.840026855469
1497.14315116786	789.559997558594
1499.65054977599	789.679992675781
1502.15716714267	789.039978027344
1504.66300360881	788.719970703125
1507.16805951512	788.880004882813
1509.67233520211	789.880004882813
1512.1758310101	788.400024414063
1514.67854727919	788.200012207031
1517.18048434931	788.840026855469
1519.68164256018	788.320007324219
1522.18202225132	788.599975585938
1524.68162376207	788.559997558594
1527.18044743155	788.280029296875
1529.67849359869	788.52001953125
1532.17576260224	789.280029296875
1534.67225478072	788.440002441406
1537.1679704725	788.47998046875
1539.66291001572	788.799987792969
1542.15707374832	788.159973144531
1544.65046200807	788.52001953125
1547.14307513254	788.640014648438
1549.63491345907	789.640014648438
1552.12597732485	788.719970703125
1554.61626706685	789.200012207031
1557.10578302185	790
1559.59452552644	789.880004882813
1562.082494917	790.52001953125
1564.56969152973	790.159973144531
1567.05611570064	790.47998046875
1569.54176776552	790.840026855469
1572.02664806	791.320007324219
1574.51075691949	791.280029296875
1576.99409467921	791.080017089844
1579.4766616742	791.640014648438
1581.95845823929	792.47998046875
1584.43948470912	792.039978027344
1586.91974141815	791.400024414063
1589.39922870064	790.919982910156
1591.87794689064	791.440002441406
1594.35589632202	791.200012207031
1596.83307732848	790.960021972656
1599.30949024348	791
1601.78513540033	791.960021972656
1604.26001313211	792.400024414063
1606.73412377175	792.559997558594
1609.20746765196	791.760009765625
1611.68004510526	792.280029296875
1614.15185646398	792.960021972656
1616.62290206026	792.159973144531
1619.09318222605	792.919982910156
1621.56269729311	792.679992675781
1624.031447593	791.760009765625
1626.4994334571	792.679992675781
1628.9666552166	793.200012207031
1631.43311320248	794.080017089844
1633.89880774554	793.080017089844
1636.3637391764	793.52001953125
1638.82790782548	793.719970703125
1641.29131402301	794.840026855469
1643.75395809903	794.599975585938
1646.21584038339	794.320007324219
1648.67696120575	796.080017089844
1651.13732089558	796.840026855469
1653.59691978216	795.919982910156
1656.05575819459	796.640014648438
1658.51383646175	796
1660.97115491238	796.47998046875
1663.42771387498	795.840026855469
1665.8835136779	795.880004882813
1668.33855464928	795.280029296875
1670.79283711708	796.200012207031
1673.24636140907	795.119995117188
1675.69912785282	795.200012207031
1678.15113677572	795.039978027344
1680.602388505	794.359985351563
1683.05288336764	793.719970703125
1685.50262169049	792.599975585938
1687.95160380019	792.919982910156
1690.39983002318	790.239990234375
1692.84730068573	790.039978027344
1695.29401611392	789.880004882813
1697.73997663364	789.960021972656
1700.18518257059	788.760009765625
1702.6296342503	788.760009765625
1705.07333199807	788.559997558594
1707.51627613907	787.559997558594
1709.95846699824	787.239990234375
1712.39990490036	787.320007324219
1714.84059017001	786.960021972656
1717.28052313159	787.200012207031
1719.7197041093	786.960021972656
1722.15813342718	786.280029296875
1724.59581140906	786.320007324219
1727.03273837859	786.640014648438
1729.46891465926	785.47998046875
1731.90434057432	786.320007324219
1734.3390164469	786.359985351563
1736.7729425999	785.880004882813
1739.20611935604	786.280029296875
1741.63854703787	785.239990234375
1744.07022596776	785.880004882813
1746.50115646787	785.599975585938
1748.93133886019	785.679992675781
1751.36077346652	785.359985351563
1753.7894606085	785.320007324219
1756.21740060755	785.47998046875
1758.64459378494	784.960021972656
1761.07104046172	784.919982910156
1763.49674095879	785.200012207031
1765.92169559684	784.960021972656
1768.3459046964	784.960021972656
1770.7693685778	784.880004882813
1773.1920875612	784.960021972656
1775.61406196656	784.599975585938
1778.03529211367	784.799987792969
1780.45577832214	784.840026855469
1782.87552091138	785.159973144531
1785.29452020064	784.559997558594
1787.71277650897	784.799987792969
1790.13029015525	785
1792.54706145817	784.640014648438
1794.96309073625	784.440002441406
1797.3783783078	785.039978027344
1799.79292449097	784.640014648438
1802.20672960375	784.960021972656
1804.61979396389	783.719970703125
1807.03211788902	784.52001953125
1809.44370169655	784.919982910156
1811.85454570373	784.599975585938
1814.2646502276	784.52001953125
1816.67401558506	783.679992675781
1819.0826420928	784.159973144531
1821.49053006734	783.799987792969
1823.89767982501	783.919982910156
1826.30409168198	784.760009765625
1828.70976595422	783.919982910156
1831.11470295753	783.919982910156
1833.51890300752	784.080017089844
1835.92236641964	783.919982910156
1838.32509350914	783.960021972656
1840.72708459111	784.200012207031
1843.12833998044	784.599975585938
1845.52885999184	784.440002441406
1847.92864493987	784.119995117188
1850.32769513889	783.960021972656
1852.72601090307	783.919982910156
1855.12359254642	783.440002441406
1857.52044038278	783.559997558594
1859.91655472578	784.359985351563
1862.31193588889	783.799987792969
1864.70658418542	784.080017089844
1867.10049992847	784
1869.49368343096	784.559997558594
1871.88613500568	784.320007324219
1874.27785496518	784.359985351563
1876.66884362188	784.320007324219
1879.059101288	783.960021972656
1881.44862827559	783.960021972656
1883.8374248965	783.640014648438
1886.22549146246	784.119995117188
1888.61282828495	783.679992675781
1890.99943567534	783.640014648438
1893.38531394477	783.799987792969
1895.77046340424	784.280029296875
1898.15488436455	783.880004882813
1900.53857713634	784.239990234375
1902.92154203006	784.280029296875
1905.303779356	784.320007324219
1907.68528942426	784.359985351563
1910.06607254477	783.799987792969
1912.44612902729	784.159973144531
1914.82545918139	783.919982910156
1917.20406331648	783.840026855469
1919.58194174178	784.320007324219
1921.95909476634	783.840026855469
1924.33552269905	784.52001953125
1926.71122584861	784.239990234375
1929.08620452353	784.400024414063
1931.46045903219	784.159973144531
1933.83398968275	783.919982910156
1936.20679678322	784.239990234375
1938.57888064142	784
1940.95024156502	784.119995117188
1943.3208798615	784.119995117188
1945.69079583816	784.320007324219
1948.05998980213	784.679992675781
1950.42846206038	783.919982910156
1952.79621291969	783.719970703125
1955.16324268668	784.280029296875
1957.52955166778	784.599975585938
1959.89514016927	783.960021972656
1962.26000849723	784.640014648438
1964.62415695759	784.200012207031
1966.98758585609	783.919982910156
1969.3502954983	783.679992675781
1971.71228618964	784.200012207031
1974.07355823532	784.080017089844
1976.43411194042	783.559997558594
1978.79394760981	784.359985351563
1981.1530655482	784.52001953125
1983.51146606014	784.280029296875
1985.86914944999	784.640014648438
1988.22611602196	784.280029296875
1990.58236608007	784.760009765625
1992.93789992817	784.039978027344
1995.29271786995	783.640014648438
1997.64682020892	784.760009765625
2000.00020724843	784.159973144531
2002.35287929162	784.039978027344
2004.70483664152	784.400024414063
2007.05607960095	784.280029296875
2009.40660847256	784.080017089844
2011.75642355884	784.559997558594
2014.1055251621	784
2016.4539135845	783.960021972656
2018.80158912802	784.159973144531
2021.14855209444	784.239990234375
2023.49480278542	783.840026855469
2025.84034150242	784.119995117188
2028.18516854673	784.400024414063
2030.52928421948	784.679992675781
2032.87268882163	784.799987792969
2035.21538265398	783.559997558594
2037.55736601713	784.039978027344
2039.89863921153	784.359985351563
2042.23920253747	784.200012207031
2044.57905629506	784.359985351563
2046.91820078425	784.400024414063
2049.2566363048	784.799987792969
2051.59436315633	784.52001953125
2053.93138163827	784.159973144531
2056.2676920499	784.200012207031
2058.6032946903	784.640014648438
2060.93818985843	783.719970703125
2063.27237785303	784.359985351563
2065.60585897272	784.159973144531
2067.93863351592	784.039978027344
2070.27070178089	784.679992675781
2072.60206406574	784.280029296875
2074.93272066838	785.239990234375
2077.26267188658	784.679992675781
2079.59191801793	784.640014648438
2081.92045935985	784.679992675781
2084.24829620962	784.47998046875
2086.57542886431	784.599975585938
2088.90185762087	784.919982910156
2091.22758277604	784.400024414063
2093.55260462643	784.239990234375
2095.87692346845	784
2098.20053959837	784.320007324219
2100.52345331229	784.640014648438
2102.84566490614	784.080017089844
2105.16717467567	784.559997558594
2107.48798291649	783.880004882813
2109.80808992403	784.119995117188
2112.12749599355	784.119995117188
2114.44620142016	784.200012207031
2116.7642064988	785.200012207031
2119.08151152423	784.840026855469
2121.39811679106	784.47998046875
2123.71402259374	784.559997558594
2126.02922922653	784.440002441406
2128.34373698356	784.880004882813
2130.65754615876	784.200012207031
2132.97065704594	783.719970703125
2135.28306993869	784.039978027344
2137.59478513047	784.320007324219
2139.90580291459	784.359985351563
2142.21612358416	783.799987792969
2144.52574743214	784.799987792969
2146.83467475134	784.52001953125
2149.1429058344	784.679992675781
2151.45044097377	784.239990234375
2153.75728046178	783.840026855469
2156.06342459057	784.640014648438
2158.36887365212	784.200012207031
2160.67362793825	784.119995117188
2162.97768774061	784.159973144531
2165.28105335071	784.440002441406
2167.58372505987	784.440002441406
2169.88570315926	784.159973144531
2172.18698793988	784.359985351563
2174.48757969258	783.919982910156
2176.78747870805	784.52001953125
2179.08668527679	784.239990234375
2181.38519968917	784.52001953125
2183.68302223538	784.359985351563
2185.98015320547	784.47998046875
2188.27659288929	784.080017089844
2190.57234157656	784.080017089844
2192.86739955682	784.039978027344
2195.16176711948	784.679992675781
2197.45544455375	783.47998046875
2199.74843214869	783.52001953125
2202.04073019322	784.159973144531
2204.33233897607	784.119995117188
2206.62325878583	784
2208.91348991093	784.080017089844
2211.20303263961	784.280029296875
2213.49188726	783.919982910156
2215.78005406001	784.440002441406
2218.06753332744	784.159973144531
2220.35432534991	783.840026855469
2222.64043041487	783.840026855469
2224.92584880964	784.47998046875
2227.21058082134	783.440002441406
2229.49462673696	783.320007324219
2231.77798684332	783.559997558594
2234.06066142709	784
2236.34265077477	784.159973144531
2238.62395517269	783.400024414063
2240.90457490706	783.919982910156
2243.18451026388	783.47998046875
2245.46376152904	783.640014648438
2247.74232898823	783.960021972656
2250.02021292701	783.719970703125
2252.29741363077	783.719970703125
2254.57393138475	783.799987792969
2256.849766474	783.039978027344
2259.12491918346	783.280029296875
2261.39938979788	783.359985351563
2263.67317860185	783.919982910156
2265.94628587983	783.359985351563
2268.2187119161	783.359985351563
2270.49045699478	783.840026855469
2272.76152139985	783.080017089844
2275.03190541511	783.679992675781
2277.30160932421	783.719970703125
2279.57063341067	784
2281.83897795781	783.440002441406
2284.10664324882	783.599975585938
2286.37362956672	783.080017089844
2288.63993719439	783.919982910156
2290.90556641454	783.080017089844
2293.17051750973	783.280029296875
2295.43479076235	783.320007324219
2297.69838645465	783.400024414063
2299.96130486871	783.159973144531
2302.22354628647	783.47998046875
2304.48511098971	783.159973144531
2306.74599926003	782.799987792969
2309.00621137891	783.080017089844
2311.26574762765	783.599975585938
2313.52460828741	782.880004882813
2315.78279363917	783.400024414063
2318.04030396379	783.159973144531
2320.29713954195	783.280029296875
2322.55330065418	783.159973144531
2324.80878758085	782.919982910156
2327.06360060219	783.039978027344
2329.31773999826	783.159973144531
2331.57120604897	783.159973144531
2333.82399903409	783.400024414063
2336.0761192332	783.599975585938
2338.32756692577	783.119995117188
2340.57834239108	783.080017089844
2342.82844590827	782.880004882813
2345.07787775633	783.400024414063
2347.32663821409	783.400024414063
2349.57472756023	782.880004882813
2351.82214607327	783.440002441406
2354.06889403158	782.919982910156
2356.31497171337	782.440002441406
2358.56037939672	783.400024414063
2360.80511735953	782.719970703125
2363.04918587955	783
2365.29258523439	783.400024414063
2367.5353157015	783.320007324219
2369.77737755817	782.960021972656
2372.01877108156	783.400024414063
2374.25949654865	783
2376.49955423629	782.640014648438
2378.73894442115	782.640014648438
2380.97766737977	783.200012207031
2383.21572338855	782.679992675781
2385.45311272369	782.440002441406
2387.68983566129	783.799987792969
2389.92589247727	783
2392.1612834474	782.52001953125
2394.39600884731	782.280029296875
2396.63006895246	782.679992675781
2398.86346403818	782.960021972656
2401.09619437962	783.159973144531
2403.32826025182	783.400024414063
2405.55966192963	782.919982910156
2407.79039968777	782.679992675781
2410.0204738008	782.640014648438
2412.24988454313	782.760009765625
2414.47863218902	783.599975585938
2416.70671701258	782.799987792969
2418.93413928778	782.640014648438
2421.16089928842	782.840026855469
2423.38699728817	782.880004882813
2425.61243356052	782.760009765625
2427.83720837884	782.799987792969
2430.06132201633	783.039978027344
2432.28477474606	782.640014648438
2434.50756684093	783
2436.72969857371	783.159973144531
2438.95117021699	782.280029296875
2441.17198204325	782.760009765625
2443.39213432478	782.599975585938
2445.61162733376	782.559997558594
2447.83046134218	782.880004882813
2450.04863662192	782.679992675781
2452.26615344468	782.799987792969
2454.48301208203	782.679992675781
2456.69921280539	782.919982910156
2458.91475588602	782.919982910156
2461.12964159504	782.760009765625
2463.34387020342	782.52001953125
2465.55744198198	782.280029296875
2467.77035720139	782.52001953125
2469.98261613217	783
2472.1942190447	782.200012207031
2474.40516620922	782.679992675781
2476.6154578958	783
2478.82509437436	782.47998046875
2481.03407591471	782.559997558594
2483.24240278646	782.599975585938
2485.45007525911	782.640014648438
2487.65709360202	782.719970703125
2489.86345808435	782.52001953125
2492.06916897518	782.640014648438
2494.27422654339	782.559997558594
2496.47863105774	783
2498.68238278683	782.159973144531
2500.88548199912	782.52001953125
2503.08792896294	782.719970703125
2505.28972394643	782.679992675781
2507.49086721763	783.119995117188
2509.6913590444	783
2511.89119969447	782.440002441406
2514.09038943543	782.559997558594
2516.2889285347	782.200012207031
2518.48681725957	782.359985351563
2520.6840558772	782.840026855469
2522.88064465456	782.039978027344
2525.07658385852	782.599975585938
2527.27187375578	782.799987792969
2529.4665146129	782.320007324219
2531.66050669629	782.599975585938
2533.85385027222	783.119995117188
2536.04654560681	781.719970703125
2538.23859296605	782.960021972656
2540.42999261577	782.679992675781
2542.62074482166	782.400024414063
2544.81084984925	782.52001953125
2547.00030796395	782.880004882813
2549.18911943101	782.760009765625
2551.37728451555	782.960021972656
2553.56480348252	782.239990234375
2555.75167659675	782
2557.93790412292	783.039978027344
2560.12348632556	782.719970703125
2562.30842346905	782.679992675781
2564.49271581764	782.599975585938
2566.67636363544	782.159973144531
2568.85936718639	782.640014648438
2571.04172673431	782.640014648438
2573.22344254288	783.320007324219
2575.40451487562	782.799987792969
2577.58494399591	782.559997558594
2579.76473016699	783.320007324219
2581.94387365196	782.840026855469
2584.12237471377	782.400024414063
2586.30023361523	782.47998046875
2588.47745061901	782.760009765625
2590.65402598763	782.239990234375
2592.82995998348	782.47998046875
2595.0052528688	782.679992675781
2597.17990490568	782.559997558594
2599.35391635608	782.840026855469
2601.52728748181	782.679992675781
2603.70001854454	782.880004882813
2605.8721098058	782.440002441406
2608.04356152698	782.359985351563
2610.21437396931	781.880004882813
2612.3845473939	782.080017089844
2614.55408206173	782.599975585938
2616.72297823359	782.559997558594
2618.89123617017	782.719970703125
2621.058856132	782.719970703125
2623.22583837949	782.880004882813
2625.39218317288	783.239990234375
2627.55789077229	782.840026855469
2629.72296143769	782.840026855469
2631.88739542891	782.679992675781
2634.05119300563	783
2636.21435442742	782.799987792969
2638.37687995367	782.760009765625
2640.53876984365	782.559997558594
2642.70002435649	782.599975585938
2644.86064375119	782.599975585938
2647.02062828658	782.559997558594
2649.17997822137	783.280029296875
2651.33869381413	782.799987792969
2653.49677532328	783.159973144531
2655.65422300711	782.960021972656
2657.81103712378	783
2659.96721793127	783.200012207031
2662.12276568747	782.799987792969
2664.2776806501	783
2666.43196307675	782.840026855469
2668.58561322486	783.039978027344
2670.73863135176	783.599975585938
2672.8910177146	783.280029296875
2675.04277257043	783.280029296875
2677.19389617612	783.599975585938
2679.34438878845	782.599975585938
2681.49425066402	782.280029296875
2683.64348205931	782.359985351563
2685.79208323065	782.640014648438
2687.94005443425	783.239990234375
2690.08739592617	783.159973144531
2692.23410796233	782.640014648438
2694.38019079852	783.080017089844
2696.52564469038	782.880004882813
2698.67046989342	783.159973144531
2700.81466666302	783.320007324219
2702.9582352544	783.239990234375
2705.10117592265	783.359985351563
2707.24348892275	783.47998046875
2709.3851745095	783.599975585938
2711.5262329376	783.679992675781
2713.66666446158	783.359985351563
2715.80646933585	783.679992675781
2717.94564781468	783.679992675781
2720.08420015222	783.799987792969
2722.22212660245	783.119995117188
2724.35942741923	783.559997558594
2726.49610285628	783.840026855469
2728.63215316721	784.320007324219
2730.76757860544	783.159973144531
2732.9023794243	783.599975585938
2735.03655587697	783.880004882813
2737.17010821648	783.760009765625
2739.30303669573	783.760009765625
2741.4353415675	784.080017089844
2743.56702308442	783.47998046875
2745.69808149898	783.640014648438
2747.82851706355	784.200012207031
2749.95833003034	783.760009765625
2752.08752065145	783.799987792969
2754.21608917883	783.200012207031
2756.3440358643	783.840026855469
2758.47136095954	783.52001953125
2760.59806471609	783.280029296875
2762.72414738537	783.52001953125
2764.84960921865	783.039978027344
2766.97445046708	784.080017089844
2769.09867138166	783.159973144531
2771.22227221326	783.159973144531
2773.34525321263	783.960021972656
2775.46761463035	783.440002441406
2777.58935671691	783.760009765625
2779.71047972262	783.320007324219
2781.83098389771	783.200012207031
2783.95086949221	783.200012207031
2786.07013675607	784.200012207031
2788.18878593908	783.760009765625
2790.3068172909	783.559997558594
2792.42423106106	783.440002441406
2794.54102749895	783.799987792969
2796.65720685384	783.440002441406
2798.77276937486	783.440002441406
2800.88771531098	783.760009765625
2803.00204491107	783.880004882813
2805.11575842387	783.400024414063
2807.22885609796	783.679992675781
2809.34133818179	784.359985351563
2811.4532049237	783.640014648438
2813.56445657189	784.159973144531
2815.6750933744	783.919982910156
2817.78511557916	784.039978027344
2819.89452343398	785.039978027344
2822.00331718652	784.47998046875
2824.11149708429	784.440002441406
2826.2190633747	784.760009765625
2828.32601630502	785.359985351563
2830.43235612237	785.320007324219
2832.53808307375	785.239990234375
2834.64319740603	785.960021972656
2836.74769936595	786.159973144531
2838.85158920011	786.840026855469
2840.95486715497	787.760009765625
2843.05753347689	789.039978027344
2845.15958841206	789.599975585938
2847.26103220657	791.239990234375
2849.36186510636	792.960021972656
2851.46208735724	791.960021972656
2853.56169920488	792.440002441406
2855.66070089485	791.840026855469
2857.75909267257	792.719970703125
2859.85687478332	792.52001953125
2861.95404747225	793.960021972656
2864.05061098439	795.080017089844
2866.14656556464	797.200012207031
2868.24191145777	797.47998046875
2870.3366489084	797.400024414063
2872.43077816104	798.840026855469
2874.52429946006	799.599975585938
2876.61721304971	799.52001953125
2878.70951917409	800.679992675781
2880.8012180772	800.559997558594
2882.89231000287	800.919982910156
2884.98279519483	800.119995117188
2887.07267389667	801.280029296875
2889.16194635186	800.799987792969
2891.25061280373	801.760009765625
2893.33867349546	802.239990234375
2895.42612867015	802.159973144531
2897.51297857074	801.760009765625
2899.59922344003	803.280029296875
2901.68486352071	804.039978027344
2903.76989905533	803.239990234375
2905.85433028632	803.359985351563
2907.93815745598	804.280029296875
2910.02138080648	806.320007324219
2912.10400057985	806.960021972656
2914.186017018	807.840026855469
2916.26743036271	807.080017089844
2918.34824085563	808.47998046875
2920.4284487383	809.440002441406
2922.5080542521	810.719970703125
2924.58705763829	812.960021972656
2926.66545913802	812.239990234375
2928.74325899231	812.400024414063
2930.82045744202	813.400024414063
2932.89705472792	816.719970703125
2934.97305109062	814.440002441406
2937.04844677063	816.640014648438
2939.12324200832	816.320007324219
2941.19743704393	815.320007324219
2943.27103211757	812.280029296875
2945.34402746923	810.760009765625
2947.41642333876	811.679992675781
2949.48821996592	809.320007324219
2951.55941759028	808.52001953125
2953.63001645135	808.960021972656
2955.70001678845	805.760009765625
2957.76941884083	808.080017089844
2959.83822284757	806.799987792969
2961.90642904764	806.280029296875
2963.97403767988	804.799987792969
2966.04104898302	803.359985351563
2968.10746319565	802.840026855469
2970.17328055621	804.159973144531
2972.23850130305	804.400024414063
2974.30312567438	803.760009765625
2976.36715390829	803.039978027344
2978.43058624273	802.640014648438
2980.49342291553	802.359985351563
2982.55566416439	802.320007324219
2984.61731022691	802.840026855469
2986.67836134051	800.679992675781
2988.73881774255	800.320007324219
2990.79867967021	800.239990234375
2992.85794736058	799.719970703125
2994.9166210506	798.719970703125
2996.97470097711	798.320007324219
2999.03218737679	797.679992675781
3001.08908048622	796.679992675781
3003.14538054186	796.960021972656
3005.20108778002	797.880004882813
3007.25620243691	796.719970703125
3009.3107247486	796.159973144531
3011.36465495104	797.119995117188
3013.41799328004	797
3015.47073997133	796.119995117188
3017.52289526045	796.320007324219
3019.57445938288	795.960021972656
3021.62543257393	796.47998046875
3023.6758150688	798.359985351563
3025.72560710258	797.440002441406
3027.77480891021	796.719970703125
3029.82342072652	795.359985351563
3031.87144278622	795.679992675781
3033.91887532389	796.400024414063
3035.96571857399	795.840026855469
3038.01197277084	796.52001953125
3040.05763814867	798.200012207031
3042.10271494154	798.719970703125
3044.14720338344	798.280029296875
3046.19110370818	798.760009765625
3048.2344161495	799.400024414063
3050.27714094097	799.359985351563
3052.31927831608	800.320007324219
3054.36082850816	800.320007324219
3056.40179175044	801.200012207031
3058.44216827602	801.880004882813
3060.48195831786	801.359985351563
3062.52116210884	802.47998046875
3064.55977988167	802.760009765625
3066.59781186897	803
3068.63525830322	803.440002441406
3070.67211941678	803.52001953125
3072.7083954419	804.47998046875
3074.7440866107	803.799987792969
3076.77919315516	802.960021972656
3078.81371530716	802.799987792969
3080.84765329846	803.679992675781
3082.88100736068	804.320007324219
3084.91377772534	804.239990234375
3086.94596462381	803.880004882813
3088.97756828737	804.239990234375
3091.00858894714	803.799987792969
3093.03902683417	806.280029296875
3095.06888217933	807.280029296875
3097.09815521342	806.320007324219
3099.12684616709	809.280029296875
3101.15495527087	809.840026855469
3103.18248275518	809.119995117188
3105.20942885031	810.47998046875
3107.23579378642	810.039978027344
3109.26157779358	808.400024414063
3111.28678110171	810.400024414063
3113.31140394062	811.239990234375
3115.33544654	811.719970703125
3117.35890912942	813
3119.38179193832	813.840026855469
3121.40409519602	815.440002441406
3123.42581913174	813.960021972656
3125.44696397457	814.159973144531
3127.46752995345	815.280029296875
3129.48751729725	816.919982910156
3131.50692623469	817.400024414063
3133.52575699436	817.880004882813
3135.54400980476	818.47998046875
3137.56168489425	818.919982910156
3139.57878249108	820.159973144531
3141.59530282337	820.400024414063
3143.61124611913	820.159973144531
3145.62661260624	819.640014648438
3147.64140251247	820.679992675781
3149.65561606547	822.320007324219
3151.66925349277	824.200012207031
3153.68231502177	826.640014648438
3155.69480087977	825.119995117188
3157.70671129394	826.159973144531
3159.71804649132	825.159973144531
3161.72880669886	826.52001953125
3163.73899214336	826.200012207031
3165.74860305152	828.52001953125
3167.75763964991	831.719970703125
3169.766102165	828.559997558594
3171.77399082313	830.679992675781
3173.7813058505	832
3175.78804747323	830.840026855469
3177.79421591731	830.159973144531
3179.79981140859	832.080017089844
3181.80483417282	831.119995117188
3183.80928443564	833.080017089844
3185.81316242255	832.640014648438
3187.81646835896	836.359985351563
3189.81920247013	837.400024414063
3191.82136498122	836.039978027344
3193.82295611727	837.640014648438
3195.82397610321	838.960021972656
3197.82442516385	839
3199.82430352386	835.440002441406
3201.82361140782	836.400024414063
3203.82234904018	839.400024414063
3205.82051664529	838.960021972656
3207.81811444735	840.47998046875
3209.81514267047	842.840026855469
3211.81160153863	843.52001953125
3213.80749127571	843.440002441406
3215.80281210545	841.640014648438
3217.79756425148	844.119995117188
3219.79174793733	840.52001953125
3221.7853633864	840.280029296875
3223.77841082196	844.280029296875
3225.77089046719	842.239990234375
3227.76280254513	844.679992675781
3229.75414727873	845.359985351563
3231.74492489081	846.880004882813
3233.73513560406	848.159973144531
3235.72477964107	849.679992675781
3237.71385722431	846.960021972656
3239.70236857614	845.080017089844
3241.6903139188	843.359985351563
3243.6776934744	842.159973144531
3245.66450746496	845.159973144531
3247.65075611237	845.719970703125
3249.63643963841	845.359985351563
3251.62155826472	846.760009765625
3253.60611221287	845
3255.59010170428	841.919982910156
3257.57352696026	844.599975585938
3259.55638820202	847.239990234375
3261.53868565064	850
3263.52041952708	847.679992675781
3265.50159005221	845.119995117188
3267.48219744676	844.559997558594
3269.46224193136	846.320007324219
3271.44172372651	850.719970703125
3273.42064305262	850
3275.39900012996	847.640014648438
3277.3767951787	847.159973144531
3279.35402841889	850.280029296875
3281.33070007047	847.719970703125
3283.30681035326	850.799987792969
3285.28235948698	847.760009765625
3287.25734769121	848.359985351563
3289.23177518544	847.320007324219
3291.20564218903	847.47998046875
3293.17894892124	847.320007324219
3295.1516956012	848.239990234375
3297.12388244795	848.719970703125
3299.09550968039	849.039978027344
3301.06657751732	848.559997558594
3303.03708617743	850.880004882813
3305.00703587929	847.960021972656
3306.97642684135	849
3308.94525928196	848.799987792969
3310.91353341935	844.679992675781
3312.88124947164	844.719970703125
3314.84840765683	849.919982910156
3316.81500819282	851
3318.78105129738	848.47998046875
3320.74653718818	844.960021972656
3322.71146608278	847.159973144531
3324.67583819861	847.47998046875
3326.639653753	846.960021972656
3328.60291296317	847.440002441406
3330.56561604621	849.159973144531
3332.52776321913	847.52001953125
3334.4893546988	845.599975585938
3336.45039070198	845.159973144531
3338.41087144533	843.159973144531
3340.37079714539	845.679992675781
3342.33016801859	844.799987792969
3344.28898428124	845.559997558594
3346.24724614955	847.880004882813
3348.20495383962	844.359985351563
3350.16210756742	844.200012207031
3352.11870754883	845.320007324219
3354.07475399961	847.960021972656
3356.03024713539	848.200012207031
3357.98518717173	848.640014648438
3359.93957432403	849.880004882813
3361.89340880761	850.559997558594
3363.84669083768	846.760009765625
3365.79942062933	844.960021972656
3367.75159839753	842.119995117188
3369.70322435715	843.280029296875
3371.65429872295	843.640014648438
3373.60482170957	846.400024414063
3375.55479353155	845.599975585938
3377.50421440332	847.280029296875
3379.45308453918	846.679992675781
3381.40140415335	849.640014648438
3383.34917345991	848.039978027344
3385.29639267284	850
3387.24306200602	845.400024414063
3389.18918167321	844.119995117188
3391.13475188806	847.719970703125
3393.07977286411	848.440002441406
3395.02424481479	851.640014648438
3396.96816795342	847.919982910156
3398.91154249322	845.559997558594
3400.85436864728	843.919982910156
3402.79664662859	845.320007324219
3404.73837665004	846.919982910156
3406.67955892439	847.359985351563
3408.62019366432	845.880004882813
3410.56028108236	850.359985351563
3412.49982139096	847.960021972656
3414.43881480247	848.039978027344
3416.37726152909	847.760009765625
3418.31516178295	847.559997558594
3420.25251577605	848.400024414063
3422.18932372029	848.760009765625
3424.12558582746	850.760009765625
3426.06130230922	847.840026855469
3427.99647337717	846.239990234375
3429.93109924274	845.280029296875
3431.8651801173	849.719970703125
3433.79871621209	845.039978027344
3435.73170773824	844.159973144531
3437.66415490678	847.47998046875
3439.59605792862	848.080017089844
3441.52741701458	848.840026855469
3443.45823237536	847.280029296875
3445.38850422154	846.840026855469
3447.31823276362	846.159973144531
3449.24741821196	847.799987792969
3451.17606077684	847.320007324219
3453.10416066842	844.599975585938
3455.03171809674	840.640014648438
3456.95873327175	841.320007324219
3458.88520640329	845.080017089844
3460.81113770109	847.080017089844
3462.73652737477	843.200012207031
3464.66137563383	840.640014648438
3466.58568268769	839.47998046875
3468.50944874565	842.280029296875
3470.43267401689	839.919982910156
3472.3553587105	841.960021972656
3474.27750303545	838.919982910156
3476.19910720062	836.200012207031
3478.12017141476	837.799987792969
3480.04069588654	841.119995117188
3481.9606808245	842.559997558594
3483.88012643707	841.880004882813
3485.79903293259	840.47998046875
3487.7174005193	841.47998046875
3489.63522940532	839.679992675781
3491.55251979864	835.840026855469
3493.46927190719	835.679992675781
3495.38548593877	833.200012207031
3497.30116210107	832.159973144531
3499.21630060167	832.239990234375
3501.13090164807	831.559997558594
3503.04496544763	833.039978027344
3504.95849220763	831.840026855469
3506.87148213523	828.960021972656
3508.78393543748	828.200012207031
3510.69585232134	826.119995117188
3512.60723299365	824.47998046875
3514.51807766116	820.799987792969
3516.42838653049	824.640014648438
3518.33815980819	825.359985351563
3520.24739770066	823.280029296875
3522.15610041423	826.200012207031
3524.06426815511	825.080017089844
3525.9719011294	825.119995117188
3527.87899954311	821.200012207031
3529.78556360213	818.919982910156
3531.69159351225	821.239990234375
3533.59708947916	822.880004882813
3535.50205170844	821.679992675781
3537.40648040556	818.960021972656
3539.3103757759	817.359985351563
3541.21373802472	817.640014648438
3543.11656735717	817.799987792969
3545.01886397833	817.119995117188
3546.92062809313	816.640014648438
3548.82185990643	816.200012207031
3550.72255962297	815.960021972656
3552.62272744738	815.239990234375
3554.5223635842	813.919982910156
3556.42146823786	815.799987792969
3558.32004161268	814.640014648438
3560.21808391289	811.440002441406
3562.11559534259	809.640014648438
3564.01257610581	809.359985351563
3565.90902640645	808.640014648438
3567.80494644831	809.320007324219
3569.7003364351	809.799987792969
3571.59519657042	810.239990234375
3573.48952705774	809.760009765625
3575.38332810048	809.840026855469
3577.27659990191	810.280029296875
3579.16934266521	808.840026855469
3581.06155659346	810.119995117188
3582.95324188965	807.599975585938
3584.84439875663	807.880004882813
3586.73502739718	807.559997558594
3588.62512801397	805.119995117188
3590.51470080955	805.599975585938
3592.40374598639	804.640014648438
3594.29226374685	804.47998046875
3596.18025429317	803.119995117188
3598.06771782751	803.679992675781
3599.95465455192	803.47998046875
3601.84106466834	802.359985351563
3603.72694837861	802.280029296875
3605.61230588447	801.559997558594
3607.49713738756	802.599975585938
3609.38144308942	803.039978027344
3611.26522319148	802.039978027344
3613.14847789506	800.719970703125
3615.0312074014	800.47998046875
3616.91341191162	800.119995117188
3618.79509162674	799.359985351563
3620.67624674769	799.159973144531
3622.55687747528	800.239990234375
3624.43698401024	801.440002441406
3626.31656655317	799.719970703125
3628.1956253046	798.47998046875
3630.07416046492	797.119995117188
3631.95217223446	796.640014648438
3633.82966081342	797.960021972656
3635.70662640191	796.080017089844
3637.58306919993	796.919982910156
3639.45898940739	796.559997558594
3641.33438722409	793.960021972656
3643.20926284973	794.919982910156
3645.08361648392	795.239990234375
3646.95744832614	793.559997558594
3648.8307585758	793.280029296875
3650.7035474322	794.039978027344
3652.57581509452	793.080017089844
3654.44756176188	793.320007324219
3656.31878763324	792.799987792969
3658.18949290753	792.119995117188
3660.05967778352	791.440002441406
3661.9293424599	790.880004882813
3663.79848713527	790.919982910156
3665.66711200812	790.400024414063
3667.53521727684	790.320007324219
3669.40280313972	789.440002441406
3671.26986979494	788.320007324219
3673.13641744059	788.960021972656
3675.00244627468	787.799987792969
