-140.373595351881	770.239990234375
-137.335129063906	769.799987792969
-134.297686810867	769.960021972656
-131.261268103955	769.760009765625
-128.225872454677	769.760009765625
-125.191499374839	769.960021972656
-122.158148376567	769.760009765625
-119.125818972292	769.880004882813
-116.094510674759	769.840026855469
-113.064222997021	770
-110.034955452443	769.960021972656
-107.006707554687	770
-103.979478817741	769.919982910156
-100.95326875589	770.080017089844
-97.928076883731	769.960021972656
-94.9039027161698	770.239990234375
-91.8807457684175	770.320007324219
-88.8586055560018	769.679992675781
-85.8374815947384	770.039978027344
-82.8173734007715	769.760009765625
-79.7982804905411	769.880004882813
-76.7802023807988	769.960021972656
-73.7631385885914	769.719970703125
-70.7470886312892	770.239990234375
-67.732052026553	769.880004882813
-64.7180282923587	770.239990234375
-61.7050169469884	770.159973144531
-58.6930175090183	770.080017089844
-55.6820294973386	770.280029296875
-52.6720524311495	770.119995117188
-49.66308582994	770.200012207031
-46.6551292135171	770
-43.6481821019882	770.080017089844
-40.6422440157577	770.080017089844
-37.6373144755424	770.280029296875
-34.6333930023594	769.919982910156
-31.630479117526	770
-28.6285723426709	769.840026855469
-25.6276721997107	770.52001953125
-22.6277782108771	770.200012207031
-19.628889898701	770.679992675781
-16.6310067860081	770.760009765625
-13.6341283959385	771.919982910156
-10.6382542519231	780.200012207031
-7.64338387769432	806.119995117188
-4.64951679729502	838.719970703125
-1.65665253506141	849.239990234375
1.33520938438089	815.440002441406
4.32606943608095	781.400024414063
7.315928094803	771.599975585938
10.3047858350146	770.359985351563
13.2926431308747	769.840026855469
16.2795004562541	770.039978027344
19.2653582847118	770.400024414063
22.2502170895187	769.559997558594
25.2340773436344	769.840026855469
28.216939519735	769.919982910156
31.1988040901939	770.280029296875
34.1796715270814	770.159973144531
37.1595423021732	770.400024414063
40.1384168869468	769.880004882813
43.1162957525854	770
46.0931793699786	770.119995117188
49.0690682097059	770
52.0439627420619	769.719970703125
55.0178634370476	770.039978027344
57.9907707643592	770
60.9626851933962	770.400024414063
63.9336071932735	769.799987792969
66.9035372328018	770.200012207031
69.8724757804959	769.559997558594
72.8404233045826	769.640014648438
75.8073802729932	769.880004882813
78.7733471533597	770.039978027344
81.738324413019	770.080017089844
84.702312519025	770.039978027344
87.665311938125	769.840026855469
90.6273231367761	769.880004882813
93.5883465811569	769.47998046875
96.5483827371242	769.559997558594
99.5074320702731	769.599975585938
102.465495045889	769.960021972656
105.422572128961	770.039978027344
108.378663784199	770
111.333770476014	769.599975585938
114.287892668528	770.080017089844
117.24103082557	770.280029296875
120.193185410674	770.400024414063
123.144356887097	770.159973144531
126.094545717786	770.599975585938
129.043752365413	771.200012207031
131.991977292355	770.719970703125
134.939220960695	771.840026855469
137.885483832232	771.719970703125
140.83076636847	772.359985351563
143.775069030632	772.840026855469
146.718392279644	772.599975585938
149.660736576149	772.880004882813
152.602102380488	774.200012207031
155.54249015274	774.080017089844
158.481900352672	775.200012207031
161.420333439765	775.719970703125
164.357789873227	776.799987792969
167.294270111968	776.679992675781
170.229774614617	777.960021972656
173.164303839496	778.719970703125
176.097858244675	779.52001953125
179.030438287908	779.880004882813
181.962044426678	781.359985351563
184.89267711817	780.880004882813
187.822336819302	782.200012207031
190.751023986678	782.359985351563
193.678739076648	782.640014648438
196.605482545255	784.200012207031
199.531254848261	784.400024414063
202.456056441152	783.719970703125
205.379887779119	783
208.30274931708	783.559997558594
211.224641509656	783.119995117188
214.145564811189	781.919982910156
217.06551967574	784.039978027344
219.984506557089	783.719970703125
222.902525908723	784.159973144531
225.819578183856	784.52001953125
228.735663835415	784
231.650783316047	783.719970703125
234.564937078107	784.200012207031
237.478125573679	782.840026855469
240.390349254566	783.239990234375
243.301608572278	784.440002441406
246.211903978051	785.039978027344
249.121235922839	784.400024414063
252.029604857321	785.679992675781
254.93701123188	785.559997558594
257.843455496632	786.119995117188
260.748938101415	787.400024414063
263.653459495766	787.159973144531
266.557020128967	787.640014648438
269.459620450005	788.400024414063
272.361260907595	788.280029296875
275.261941950168	788.960021972656
278.161664025874	789.719970703125
281.060427582592	787.559997558594
283.958233067921	788.840026855469
286.855080929176	788.52001953125
289.750971613398	788.080017089844
292.645905567344	787.960021972656
295.539883237503	787.440002441406
298.432905070079	787.239990234375
301.324971511007	787.47998046875
304.216083005931	787.239990234375
307.10624000023	787.640014648438
309.995442939003	790.840026855469
312.883692267071	795.119995117188
315.770988428979	799.47998046875
318.657331869	805.159973144531
321.542723031127	808.200012207031
324.427162359076	805.320007324219
327.310650296293	799.080017089844
330.193187285945	794.359985351563
333.074773770929	791.359985351563
335.955410193855	788.760009765625
338.835096997075	787.400024414063
341.713834622655	786.080017089844
344.59162351239	785.239990234375
347.468464107802	785.640014648438
350.344356850137	785
353.219302180373	785.719970703125
356.093300539208	785
358.966352367073	784.840026855469
361.838458104123	785.880004882813
364.70961819024	784.799987792969
367.579833065031	785.320007324219
370.449103167837	784.440002441406
373.317428937727	783.640014648438
376.184810813496	784.200012207031
379.051249233659	784.880004882813
381.916744636474	784.47998046875
384.78129745992	784.919982910156
387.644908141706	785
390.50757711927	783.919982910156
393.36930482978	783.719970703125
396.23009171014	785.039978027344
399.089938196969	784.359985351563
401.948844726631	784.47998046875
404.806811735214	784.679992675781
407.66383965853	784.599975585938
410.519928932138	784.760009765625
413.375079991314	784.280029296875
416.229293271071	784.119995117188
419.082569206155	784.239990234375
421.934908231031	785.039978027344
424.786310779917	785.039978027344
427.636777286748	784.52001953125
430.486308185189	784.840026855469
433.334903908649	785
436.182564890262	785.719970703125
439.029291562898	785.280029296875
441.875084359157	784.440002441406
444.719943711374	784.960021972656
447.563870051618	785.640014648438
450.406863811695	784.880004882813
453.248925423132	784.679992675781
456.090055317208	784.719970703125
458.93025392492	784.640014648438
461.76952167701	784.599975585938
464.60785900395	784.52001953125
467.44526633595	785.719970703125
470.281744102955	784.799987792969
473.117292734635	783.599975585938
475.951912660415	784.880004882813
478.785604309439	785
481.618368110592	785.159973144531
484.450204492499	784.719970703125
487.281113883518	784.960021972656
490.111096711738	783.679992675781
492.940153404999	785.159973144531
495.768284390864	784.280029296875
498.595490096635	783.719970703125
501.421770949366	784.840026855469
504.247127375825	784.599975585938
507.071559802537	784.880004882813
509.89506865575	785.159973144531
512.717654361473	784.559997558594
515.539317345424	784.400024414063
518.360058033083	785.159973144531
521.179876849652	784.559997558594
523.998774220083	785.080017089844
526.816750569068	784.880004882813
529.633806321025	784.679992675781
532.44994190013	785.159973144531
535.265157730284	784.840026855469
538.079454235133	784.559997558594
540.892831838066	784
543.705290962208	784.159973144531
546.516832030424	783.719970703125
549.32745546533	783.559997558594
552.137161689268	784.400024414063
554.945951124325	784
557.753824192341	783.840026855469
560.560781314883	783.919982910156
563.36682291327	783.599975585938
566.171949408555	783.880004882813
568.976161221537	783.880004882813
571.779458772759	783.52001953125
574.5818424825	783.880004882813
577.383312770792	784
580.183870057402	784.679992675781
582.983514761843	784.159973144531
585.782247303363	784.760009765625
588.580068100976	784.559997558594
591.376977573414	784.52001953125
594.172976139164	785.080017089844
596.968064216463	783.840026855469
599.762242223282	783.840026855469
602.555510577335	783.960021972656
605.347869696099	783
608.139319996771	784.280029296875
610.929861896313	783.799987792969
613.719495811421	783
616.508222158541	783.679992675781
619.296041353863	784
622.082953813324	783.960021972656
624.868959952607	784
627.654060187137	782.919982910156
630.438254932094	783.280029296875
633.221544602397	783.919982910156
636.003929612719	783.119995117188
638.785410377468	784.320007324219
641.565987310814	783.599975585938
644.345660826665	783.47998046875
647.124431338674	783.440002441406
649.902299260252	784.47998046875
652.679265004552	783.280029296875
655.455328984475	784
658.230491612671	784.239990234375
661.004753301541	784.359985351563
663.778114463229	783.799987792969
666.550575509631	784.559997558594
669.322136852395	784.320007324219
672.092798902916	784.599975585938
674.862562072336	784.239990234375
677.631426771548	784.640014648438
680.399393411204	784.359985351563
683.166462401689	784
685.93263415315	784.599975585938
688.697909075486	784.47998046875
691.462287578337	783.52001953125
694.225770071098	783.719970703125
696.988356962926	784
699.750048662705	783.119995117188
702.5108455791	783.359985351563
705.270748120503	783.599975585938
708.029756695068	784.200012207031
710.787871710705	783.919982910156
713.545093575065	783.760009765625
716.301422695566	784.719970703125
719.056859479364	784.799987792969
721.811404333376	784.119995117188
724.56505766427	784.080017089844
727.317819878473	784.52001953125
730.069691382148	784.799987792969
732.820672581226	784.440002441406
735.570763881396	783.47998046875
738.319965688092	783.320007324219
741.068278406496	785
743.815702441559	785.039978027344
746.562238197974	784.280029296875
749.307886080196	784.840026855469
752.052646492436	784.840026855469
754.796519838656	784.760009765625
757.539506522567	786.200012207031
760.28160694765	786.359985351563
763.022821517128	785.400024414063
765.76315063399	785.359985351563
768.502594700972	784.239990234375
771.241154120572	783.840026855469
773.978829295045	785.52001953125
776.715620626397	785.559997558594
779.451528516396	785.320007324219
782.186553366565	786.320007324219
784.920695578179	786.47998046875
787.653955552283	786.52001953125
790.386333689662	786.679992675781
793.117830390877	786.840026855469
795.848446056227	786
798.578181085792	784.119995117188
801.307035879389	784.239990234375
804.035010836599	783.960021972656
806.762106356774	784.119995117188
809.488322839013	784.039978027344
812.213660682169	784.239990234375
814.938120284866	783.960021972656
817.661702045482	784.640014648438
820.384406362153	785.359985351563
823.10623363278	785.320007324219
825.827184255014	785
828.547258626283	784.47998046875
831.266457143747	784.080017089844
833.984780204358	784.559997558594
836.702228204804	784.760009765625
839.418801541552	784.799987792969
842.134500610814	784.640014648438
844.849325808575	782.919982910156
847.563277530579	784.719970703125
850.276356172319	784.719970703125
852.988562129066	784.559997558594
855.69989579585	784.799987792969
858.410357567456	784.799987792969
861.119947838428	785.080017089844
863.828667003087	783.919982910156
866.536515455503	783.880004882813
869.243493589517	784.400024414063
871.949601798728	783.52001953125
874.654840476504	783.760009765625
877.359210015961	783.919982910156
880.062710810003	783.119995117188
882.765343251273	784.239990234375
885.467107732191	784.200012207031
888.168004644938	784.52001953125
890.868034381467	784.159973144531
893.567197333476	783.440002441406
896.265493892445	784.960021972656
898.962924449614	784.719970703125
901.659489395985	784.400024414063
904.355189122325	783.599975585938
907.050024019165	784.960021972656
909.743994476809	784.280029296875
912.437100885322	784.760009765625
915.129343634532	784.159973144531
917.820723114032	783.960021972656
920.511239713189	784.080017089844
923.200893821127	784.559997558594
925.889685826744	784.799987792969
928.577616118699	784.559997558594
931.264685085419	785.239990234375
933.950893115098	784.799987792969
936.6362405957	785.880004882813
939.320727914956	785.159973144531
942.004355460359	785.119995117188
944.687123619173	784.799987792969
947.369032778431	784.919982910156
950.050083324934	784.359985351563
952.730275645247	784.47998046875
955.409610125711	784.799987792969
958.088087152423	784.400024414063
960.765707111263	784.679992675781
963.442470387871	784.47998046875
966.118377367657	783.880004882813
968.793428435798	784.799987792969
971.467623977254	784.359985351563
974.140964376739	784.640014648438
976.813450018737	785.679992675781
979.485081287511	784.919982910156
982.155858567087	784.719970703125
984.825782241271	784.719970703125
987.494852693624	784.799987792969
990.163070307487	784.080017089844
992.830435465978	784.559997558594
995.496948551973	784.400024414063
998.162609948122	785.440002441406
1000.82742003685	787.400024414063
1003.49137920036	788.159973144531
1006.15448782061	788.799987792969
1008.81674627934	786.840026855469
1011.47815495806	784.640014648438
1014.13871423805	784.280029296875
1016.79842450037	783.47998046875
1019.45728612586	783.239990234375
1022.11529949509	783.280029296875
1024.77246498846	783.679992675781
1027.4287829861	784.960021972656
1030.08425386792	784.599975585938
1032.73887801363	784.239990234375
1035.3926558027	783.840026855469
1038.04558761435	783.239990234375
1040.69767382761	783.880004882813
1043.34891482125	784.320007324219
1045.99931097384	783.599975585938
1048.64886266371	783.960021972656
1051.29757026898	784
1053.94543416753	782.599975585938
1056.59245473701	783.719970703125
1059.23863235486	784.119995117188
1061.8839673983	784.880004882813
1064.5284602443	783.119995117188
1067.17211126962	783.039978027344
1069.8149208508	784.640014648438
1072.45688936415	784.320007324219
1075.09801718577	784.400024414063
1077.7383046915	784.760009765625
1080.377752257	784.400024414063
1083.01636025767	784.640014648438
1085.65412906872	785.119995117188
1088.2910590651	785.159973144531
1090.92715062157	784.960021972656
1093.56240411266	785.760009765625
1096.19681991265	785.440002441406
1098.83039839564	784.840026855469
1101.46313993547	785.039978027344
1104.09504490579	785.159973144531
1106.72611368	784.440002441406
1109.35634663129	784
1111.98574413263	784.320007324219
1114.61430655677	782.880004882813
1117.24203427624	781.880004882813
1119.86892766333	783.640014648438
1122.49498709014	782.679992675781
1125.12021292851	783.679992675781
1127.74460555011	784.119995117188
1130.36816532634	783.119995117188
1132.99089262841	782.840026855469
1135.6127878273	782
1138.23385129376	781.679992675781
1140.85408339834	781.599975585938
1143.47348451137	782.599975585938
1146.09205500294	782.039978027344
1148.70979524293	781.799987792969
1151.326705601	782.359985351563
1153.9427864466	782.52001953125
1156.55803814896	781.760009765625
1159.17246107707	782.440002441406
1161.78605559974	783.159973144531
1164.39882208551	782.400024414063
1167.01076090276	782.52001953125
1169.6218724196	782
1172.23215700396	782.919982910156
1174.84161502352	783.200012207031
1177.45024684578	782.880004882813
1180.05805283799	782.080017089844
1182.66503336719	782.840026855469
1185.27118880021	781.760009765625
1187.87651950367	781.919982910156
1190.48102584395	781.919982910156
1193.08470818723	782
1195.68756689948	783.840026855469
1198.28960234643	782.679992675781
1200.89081489363	783.799987792969
1203.49120490636	784.320007324219
1206.09077274974	783.880004882813
1208.68951878864	784.960021972656
1211.28744338773	784.080017089844
1213.88454691145	783.960021972656
1216.48082972404	784.559997558594
1219.07629218953	784
1221.6709346717	785.200012207031
1224.26475753416	784.799987792969
1226.85776114028	785.679992675781
1229.44994585322	785.840026855469
1232.04131203592	786
1234.63186005112	786.280029296875
1237.22159026133	788.359985351563
1239.81050302886	787.200012207031
1242.3985987158	788.440002441406
1244.98587768402	788.440002441406
1247.5723402952	787.679992675781
1250.15798691078	788.200012207031
1252.74281789199	787.599975585938
1255.32683359987	787.799987792969
1257.91003439523	788
1260.49242063865	788.159973144531
1263.07399269055	787.039978027344
1265.65475091108	787.880004882813
1268.23469566021	787.960021972656
1270.81382729769	787.280029296875
1273.39214618306	786.119995117188
1275.96965267566	787.640014648438
1278.54634713458	786.440002441406
1281.12222991875	785.719970703125
1283.69730138685	786.200012207031
1286.27156189737	786.640014648438
1288.84501180858	785.719970703125
1291.41765147853	787.599975585938
1293.98948126509	787.280029296875
1296.56050152589	786.440002441406
1299.13071261837	786.840026855469
1301.70011489973	786.640014648438
1304.268708727	787.440002441406
1306.83649445698	788.119995117188
1309.40347244625	788.640014648438
1311.96964305119	788.52001953125
1314.53500662799	787.559997558594
1317.0995635326	789.039978027344
1319.66331412077	788.159973144531
1322.22625874806	788.960021972656
1324.7883977698	788.840026855469
1327.34973154112	787.599975585938
1329.91026041694	787.400024414063
1332.46998475197	787.039978027344
1335.0289049007	788.080017089844
1337.58702121746	788.719970703125
1340.14433405631	788.799987792969
1342.70084377115	788.799987792969
1345.25655071563	787.840026855469
1347.81145524323	787.760009765625
1350.36555770721	786.440002441406
1352.91885846062	785.719970703125
1355.47135785631	785.280029296875
1358.02305624691	785.239990234375
1360.57395398486	784.47998046875
1363.12405142237	783.919982910156
1365.67334891148	783.719970703125
1368.22184680399	784
1370.76954545151	783.400024414063
1373.31644520545	785.280029296875
1375.86254641699	784.840026855469
1378.40784943713	784.159973144531
1380.95235461666	783.880004882813
1383.49606230615	783.840026855469
1386.03897285598	783.960021972656
1388.58108661632	784.400024414063
1391.12240393713	783
1393.66292516818	782.840026855469
1396.20265065903	782.919982910156
1398.74158075901	782.960021972656
1401.2797158173	782.880004882813
1403.81705618282	782.880004882813
1406.35360220431	783
1408.88935423032	783.159973144531
1411.42431260919	784.320007324219
1413.95847768903	782.760009765625
1416.49184981777	782.719970703125
1419.02442934314	783.640014648438
1421.55621661266	783.760009765625
1424.08721197364	784.159973144531
1426.61741577321	783.640014648438
1429.14682835828	783.799987792969
1431.67545007555	783.760009765625
1434.20328127153	783.760009765625
1436.73032229253	783.320007324219
1439.25657348466	785.52001953125
1441.78203519381	787.080017089844
1444.3067077657	786.719970703125
1446.83059154581	788.080017089844
1449.35368687944	788.880004882813
1451.8759941117	789
1454.39751358748	788.760009765625
1456.91824565148	787.039978027344
1459.43819064818	787.880004882813
1461.95734892189	787.280029296875
1464.4757208167	787
1466.99330667649	786.440002441406
1469.51010684497	784.919982910156
1472.02612166564	784.119995117188
1474.54135148177	784.719970703125
1477.05579663646	784.880004882813
1479.56945747262	783.919982910156
1482.08233433293	783.080017089844
1484.59442755989	782.960021972656
1487.10573749579	782.640014648438
1489.61626448275	782.799987792969
1492.12600886264	782.159973144531
1494.63497097718	781.599975585938
1497.14315116786	780.239990234375
1499.65054977599	780.640014648438
1502.15716714267	780.159973144531
1504.66300360881	778.880004882813
1507.16805951512	779.799987792969
1509.67233520211	779.799987792969
1512.1758310101	780
1514.67854727919	779.799987792969
1517.18048434931	779.559997558594
1519.68164256018	779.320007324219
1522.18202225132	779.599975585938
1524.68162376207	779.119995117188
1527.18044743155	779.239990234375
1529.67849359869	778.640014648438
1532.17576260224	779.640014648438
1534.67225478072	779.400024414063
1537.1679704725	780
1539.66291001572	779.359985351563
1542.15707374832	779.359985351563
1544.65046200807	779.760009765625
1547.14307513254	780.280029296875
1549.63491345907	780.320007324219
1552.12597732485	781.080017089844
1554.61626706685	781.200012207031
1557.10578302185	780.599975585938
1559.59452552644	781.159973144531
1562.082494917	780.840026855469
1564.56969152973	780.719970703125
1567.05611570064	781.52001953125
1569.54176776552	782.47998046875
1572.02664806	782.320007324219
1574.51075691949	783.960021972656
1576.99409467921	783.039978027344
1579.4766616742	782.960021972656
1581.95845823929	783.640014648438
1584.43948470912	783.880004882813
1586.91974141815	783.960021972656
1589.39922870064	782.880004882813
1591.87794689064	782.919982910156
1594.35589632202	782.159973144531
1596.83307732848	781.559997558594
1599.30949024348	782.599975585938
1601.78513540033	782.559997558594
1604.26001313211	783.280029296875
1606.73412377175	784.320007324219
1609.20746765196	784.039978027344
1611.68004510526	784.599975585938
1614.15185646398	783.840026855469
1616.62290206026	784.280029296875
1619.09318222605	785.52001953125
1621.56269729311	785.200012207031
1624.031447593	784.719970703125
1626.4994334571	784.919982910156
1628.9666552166	784.840026855469
1631.43311320248	785.359985351563
1633.89880774554	786.799987792969
1636.3637391764	785.719970703125
1638.82790782548	785.719970703125
1641.29131402301	786.599975585938
1643.75395809903	785.679992675781
1646.21584038339	787.679992675781
1648.67696120575	788.200012207031
1651.13732089558	787.880004882813
1653.59691978216	789.719970703125
1656.05575819459	789.880004882813
1658.51383646175	788.679992675781
1660.97115491238	788.840026855469
1663.42771387498	789.200012207031
1665.8835136779	788.679992675781
1668.33855464928	788
1670.79283711708	788
1673.24636140907	787.280029296875
1675.69912785282	787.599975585938
1678.15113677572	786.359985351563
1680.602388505	785.640014648438
1683.05288336764	785.200012207031
1685.50262169049	784.080017089844
1687.95160380019	783.679992675781
1690.39983002318	783.200012207031
1692.84730068573	782.679992675781
1695.29401611392	781.159973144531
1697.73997663364	780.359985351563
1700.18518257059	780.359985351563
1702.6296342503	779.239990234375
1705.07333199807	778.640014648438
1707.51627613907	778.159973144531
1709.95846699824	778.640014648438
1712.39990490036	777.640014648438
1714.84059017001	778.52001953125
1717.28052313159	777.52001953125
1719.7197041093	777.840026855469
1722.15813342718	777.919982910156
1724.59581140906	777.239990234375
1727.03273837859	777.960021972656
1729.46891465926	776.880004882813
1731.90434057432	777
1734.3390164469	776.760009765625
1736.7729425999	776
1739.20611935604	776.359985351563
1741.63854703787	776.080017089844
1744.07022596776	776.440002441406
1746.50115646787	776.239990234375
1748.93133886019	776.559997558594
1751.36077346652	776.320007324219
1753.7894606085	775.440002441406
1756.21740060755	776.239990234375
1758.64459378494	775.799987792969
1761.07104046172	775.719970703125
1763.49674095879	775.599975585938
1765.92169559684	775.760009765625
1768.3459046964	775.599975585938
1770.7693685778	775.760009765625
1773.1920875612	775.280029296875
1775.61406196656	776.359985351563
1778.03529211367	775.640014648438
1780.45577832214	774.960021972656
1782.87552091138	775.47998046875
1785.29452020064	775.280029296875
1787.71277650897	775.799987792969
1790.13029015525	775.760009765625
1792.54706145817	775.440002441406
1794.96309073625	775.440002441406
1797.3783783078	774.47998046875
1799.79292449097	775.039978027344
1802.20672960375	774.919982910156
1804.61979396389	774.880004882813
1807.03211788902	775.200012207031
1809.44370169655	775.440002441406
1811.85454570373	775.960021972656
1814.2646502276	775.080017089844
1816.67401558506	774.760009765625
1819.0826420928	775.440002441406
1821.49053006734	775.47998046875
1823.89767982501	775.359985351563
1826.30409168198	775.239990234375
1828.70976595422	775.440002441406
1831.11470295753	775.359985351563
1833.51890300752	775.159973144531
1835.92236641964	774.159973144531
1838.32509350914	775
1840.72708459111	775.080017089844
1843.12833998044	774.960021972656
1845.52885999184	774.760009765625
1847.92864493987	774.960021972656
1850.32769513889	775.679992675781
1852.72601090307	775.719970703125
1855.12359254642	774.799987792969
1857.52044038278	775.080017089844
1859.91655472578	775.080017089844
1862.31193588889	775.119995117188
1864.70658418542	775.280029296875
1867.10049992847	775.080017089844
1869.49368343096	774.440002441406
1871.88613500568	774.679992675781
1874.27785496518	774.119995117188
1876.66884362188	775.200012207031
1879.059101288	774.760009765625
1881.44862827559	775.400024414063
1883.8374248965	774.280029296875
1886.22549146246	775
1888.61282828495	775.280029296875
1890.99943567534	774.880004882813
1893.38531394477	774.719970703125
1895.77046340424	774.919982910156
1898.15488436455	775.200012207031
1900.53857713634	775.280029296875
1902.92154203006	775.840026855469
1905.303779356	775.440002441406
1907.68528942426	775.080017089844
1910.06607254477	774.239990234375
1912.44612902729	775
1914.82545918139	774.880004882813
1917.20406331648	774.280029296875
1919.58194174178	774.880004882813
1921.95909476634	774.799987792969
1924.33552269905	774.760009765625
1926.71122584861	774.919982910156
1929.08620452353	775.159973144531
1931.46045903219	775.080017089844
1933.83398968275	774.200012207031
1936.20679678322	774.559997558594
1938.57888064142	774.919982910156
1940.95024156502	775.039978027344
1943.3208798615	775
1945.69079583816	774.640014648438
1948.05998980213	774.719970703125
1950.42846206038	775.559997558594
1952.79621291969	775.559997558594
1955.16324268668	774.320007324219
1957.52955166778	774.719970703125
1959.89514016927	775.119995117188
1962.26000849723	775.159973144531
1964.62415695759	774.960021972656
1966.98758585609	775.47998046875
1969.3502954983	774.919982910156
1971.71228618964	775
1974.07355823532	775.400024414063
1976.43411194042	774.880004882813
1978.79394760981	775
1981.1530655482	775.400024414063
1983.51146606014	775.080017089844
1985.86914944999	775.200012207031
1988.22611602196	775.080017089844
1990.58236608007	775.119995117188
1992.93789992817	775
1995.29271786995	774.840026855469
1997.64682020892	775.039978027344
2000.00020724843	775.320007324219
2002.35287929162	774.840026855469
2004.70483664152	775.039978027344
2007.05607960095	774.960021972656
2009.40660847256	775.119995117188
2011.75642355884	775.119995117188
2014.1055251621	775.280029296875
2016.4539135845	775.320007324219
2018.80158912802	775.440002441406
2021.14855209444	775.47998046875
2023.49480278542	775.280029296875
2025.84034150242	775.640014648438
2028.18516854673	775.119995117188
2030.52928421948	774.880004882813
2032.87268882163	775.679992675781
2035.21538265398	775.640014648438
2037.55736601713	775.47998046875
2039.89863921153	775.239990234375
2042.23920253747	775.440002441406
2044.57905629506	775.559997558594
2046.91820078425	775.239990234375
2049.2566363048	775.359985351563
2051.59436315633	775.880004882813
2053.93138163827	775.799987792969
2056.2676920499	775.559997558594
2058.6032946903	775.599975585938
2060.93818985843	775.159973144531
2063.27237785303	775.679992675781
2065.60585897272	775.039978027344
2067.93863351592	775
2070.27070178089	775.320007324219
2072.60206406574	775.760009765625
2074.93272066838	775.599975585938
2077.26267188658	775.52001953125
2079.59191801793	775.47998046875
2081.92045935985	775.440002441406
2084.24829620962	774.799987792969
2086.57542886431	776.280029296875
2088.90185762087	774.440002441406
2091.22758277604	775.280029296875
2093.55260462643	775.599975585938
2095.87692346845	775.599975585938
2098.20053959837	776.200012207031
2100.52345331229	776.200012207031
2102.84566490614	775.840026855469
2105.16717467567	775.52001953125
2107.48798291649	775.239990234375
2109.80808992403	775
2112.12749599355	775.200012207031
2114.44620142016	775.880004882813
2116.7642064988	775.359985351563
2119.08151152423	775.960021972656
2121.39811679106	776
2123.71402259374	775.719970703125
2126.02922922653	775.760009765625
2128.34373698356	775.359985351563
2130.65754615876	775.400024414063
2132.97065704594	774.359985351563
2135.28306993869	775.599975585938
2137.59478513047	775.640014648438
2139.90580291459	775.760009765625
2142.21612358416	776.320007324219
2144.52574743214	775.599975585938
2146.83467475134	776.200012207031
2149.1429058344	775.320007324219
2151.45044097377	775.880004882813
2153.75728046178	775.200012207031
2156.06342459057	775.359985351563
2158.36887365212	775.080017089844
2160.67362793825	775.400024414063
2162.97768774061	775.760009765625
2165.28105335071	775.440002441406
2167.58372505987	775.679992675781
2169.88570315926	775.47998046875
2172.18698793988	775.52001953125
2174.48757969258	775.320007324219
2176.78747870805	775.119995117188
2179.08668527679	775.239990234375
2181.38519968917	775.559997558594
2183.68302223538	775.200012207031
2185.98015320547	775.080017089844
2188.27659288929	775.599975585938
2190.57234157656	776.119995117188
2192.86739955682	774.760009765625
2195.16176711948	774.880004882813
2197.45544455375	774.960021972656
2199.74843214869	774.760009765625
2202.04073019322	774.359985351563
2204.33233897607	775.359985351563
2206.62325878583	775.280029296875
2208.91348991093	775.359985351563
2211.20303263961	775.719970703125
2213.49188726	774.880004882813
2215.78005406001	774.599975585938
2218.06753332744	774.880004882813
2220.35432534991	774.799987792969
2222.64043041487	775.039978027344
2224.92584880964	775.080017089844
2227.21058082134	775.080017089844
2229.49462673696	775.47998046875
2231.77798684332	774.640014648438
2234.06066142709	775.440002441406
2236.34265077477	774.840026855469
2238.62395517269	774.440002441406
2240.90457490706	774.679992675781
2243.18451026388	774.799987792969
2245.46376152904	774.880004882813
2247.74232898823	775.039978027344
2250.02021292701	774.039978027344
2252.29741363077	774.599975585938
2254.57393138475	774.960021972656
2256.849766474	774.640014648438
2259.12491918346	774.880004882813
2261.39938979788	774.559997558594
2263.67317860185	774.52001953125
2265.94628587983	774.320007324219
2268.2187119161	775.47998046875
2270.49045699478	774.640014648438
2272.76152139985	774.359985351563
2275.03190541511	774.359985351563
2277.30160932421	775.280029296875
2279.57063341067	774.719970703125
2281.83897795781	773.960021972656
2284.10664324882	774.640014648438
2286.37362956672	775.080017089844
2288.63993719439	774.599975585938
2290.90556641454	773.880004882813
2293.17051750973	774.47998046875
2295.43479076235	774.799987792969
2297.69838645465	774.559997558594
2299.96130486871	775
2302.22354628647	774.760009765625
2304.48511098971	774.679992675781
2306.74599926003	775.280029296875
2309.00621137891	773.960021972656
2311.26574762765	774.599975585938
2313.52460828741	774.320007324219
2315.78279363917	774.679992675781
2318.04030396379	773.919982910156
2320.29713954195	774.52001953125
2322.55330065418	774.320007324219
2324.80878758085	774.52001953125
2327.06360060219	775.039978027344
2329.31773999826	774.119995117188
2331.57120604897	775
2333.82399903409	774.280029296875
2336.0761192332	774.280029296875
2338.32756692577	774.239990234375
2340.57834239108	774.239990234375
2342.82844590827	774.280029296875
2345.07787775633	774.320007324219
2347.32663821409	774
2349.57472756023	774.080017089844
2351.82214607327	774.200012207031
2354.06889403158	774.440002441406
2356.31497171337	773.919982910156
2358.56037939672	773.599975585938
2360.80511735953	774.159973144531
2363.04918587955	774.440002441406
2365.29258523439	774.440002441406
2367.5353157015	774.039978027344
2369.77737755817	774.640014648438
2372.01877108156	773.719970703125
2374.25949654865	774.080017089844
2376.49955423629	774.320007324219
2378.73894442115	774.080017089844
2380.97766737977	774.119995117188
2383.21572338855	774.200012207031
2385.45311272369	774.159973144531
2387.68983566129	773.719970703125
2389.92589247727	773.640014648438
2392.1612834474	774.320007324219
2394.39600884731	773.679992675781
2396.63006895246	773.679992675781
2398.86346403818	774.320007324219
2401.09619437962	774.47998046875
2403.32826025182	773.799987792969
2405.55966192963	774.080017089844
2407.79039968777	773.760009765625
2410.0204738008	774.080017089844
2412.24988454313	774.239990234375
2414.47863218902	773.599975585938
2416.70671701258	773.599975585938
2418.93413928778	773.919982910156
2421.16089928842	773.359985351563
2423.38699728817	773.919982910156
2425.61243356052	773.320007324219
2427.83720837884	773.559997558594
2430.06132201633	773.359985351563
2432.28477474606	774
2434.50756684093	773.679992675781
2436.72969857371	774.159973144531
2438.95117021699	774.47998046875
2441.17198204325	774.159973144531
2443.39213432478	773.559997558594
2445.61162733376	774.039978027344
2447.83046134218	774.359985351563
2450.04863662192	774.039978027344
2452.26615344468	774.159973144531
2454.48301208203	774.200012207031
2456.69921280539	773.799987792969
2458.91475588602	774.080017089844
2461.12964159504	773.840026855469
2463.34387020342	773.400024414063
2465.55744198198	774.039978027344
2467.77035720139	773.919982910156
2469.98261613217	774.52001953125
2472.1942190447	773.799987792969
2474.40516620922	773.52001953125
2476.6154578958	773.840026855469
2478.82509437436	773.599975585938
2481.03407591471	773.47998046875
2483.24240278646	773.679992675781
2485.45007525911	774
2487.65709360202	774.239990234375
2489.86345808435	774
2492.06916897518	773.559997558594
2494.27422654339	773.919982910156
2496.47863105774	774.159973144531
2498.68238278683	773.640014648438
2500.88548199912	774.119995117188
2503.08792896294	774.359985351563
2505.28972394643	773.679992675781
2507.49086721763	773.719970703125
2509.6913590444	774.640014648438
2511.89119969447	773.719970703125
2514.09038943543	773.919982910156
2516.2889285347	773.880004882813
2518.48681725957	774.359985351563
2520.6840558772	774.080017089844
2522.88064465456	773.880004882813
2525.07658385852	773.960021972656
2527.27187375578	774.039978027344
2529.4665146129	773.880004882813
2531.66050669629	773.359985351563
2533.85385027222	773.599975585938
2536.04654560681	773.880004882813
2538.23859296605	773.280029296875
2540.42999261577	774.159973144531
2542.62074482166	773.640014648438
2544.81084984925	773.640014648438
2547.00030796395	774.119995117188
2549.18911943101	774.039978027344
2551.37728451555	773.880004882813
2553.56480348252	774
2555.75167659675	774.119995117188
2557.93790412292	773.679992675781
2560.12348632556	773.840026855469
2562.30842346905	774
2564.49271581764	774.359985351563
2566.67636363544	774.080017089844
2568.85936718639	773.919982910156
2571.04172673431	774.200012207031
2573.22344254288	774.440002441406
2575.40451487562	774.440002441406
2577.58494399591	773.719970703125
2579.76473016699	774.400024414063
2581.94387365196	774.719970703125
2584.12237471377	773.760009765625
2586.30023361523	773.840026855469
2588.47745061901	773.840026855469
2590.65402598763	774.280029296875
2592.82995998348	774.200012207031
2595.0052528688	773.719970703125
2597.17990490568	774.280029296875
2599.35391635608	774.080017089844
2601.52728748181	774.47998046875
2603.70001854454	774.559997558594
2605.8721098058	774.039978027344
2608.04356152698	773.640014648438
2610.21437396931	773.799987792969
2612.3845473939	774.159973144531
2614.55408206173	773.919982910156
2616.72297823359	773.919982910156
2618.89123617017	774.280029296875
2621.058856132	774.119995117188
2623.22583837949	774.679992675781
2625.39218317288	774.679992675781
2627.55789077229	774
2629.72296143769	773.960021972656
2631.88739542891	773.960021972656
2634.05119300563	774.239990234375
2636.21435442742	774.359985351563
2638.37687995367	774.400024414063
2640.53876984365	773.760009765625
2642.70002435649	774.47998046875
2644.86064375119	774.359985351563
2647.02062828658	773.880004882813
2649.17997822137	774.599975585938
2651.33869381413	774.599975585938
2653.49677532328	774.440002441406
2655.65422300711	774.280029296875
2657.81103712378	774.239990234375
2659.96721793127	774.760009765625
2662.12276568747	774.880004882813
2664.2776806501	774.239990234375
2666.43196307675	773.799987792969
2668.58561322486	774.039978027344
2670.73863135176	775
2672.8910177146	774.760009765625
2675.04277257043	774.880004882813
2677.19389617612	774.52001953125
2679.34438878845	774.52001953125
2681.49425066402	775.039978027344
2683.64348205931	774.400024414063
2685.79208323065	774.719970703125
2687.94005443425	774.280029296875
2690.08739592617	773.919982910156
2692.23410796233	774.599975585938
2694.38019079852	774.919982910156
2696.52564469038	774.679992675781
2698.67046989342	774.960021972656
2700.81466666302	774.760009765625
2702.9582352544	774.960021972656
2705.10117592265	775.239990234375
2707.24348892275	775.080017089844
2709.3851745095	774.47998046875
2711.5262329376	774.960021972656
2713.66666446158	774.880004882813
2715.80646933585	775.039978027344
2717.94564781468	775.52001953125
2720.08420015222	774.799987792969
2722.22212660245	775.280029296875
2724.35942741923	775.320007324219
2726.49610285628	775.47998046875
2728.63215316721	775.200012207031
2730.76757860544	774.960021972656
2732.9023794243	775.559997558594
2735.03655587697	775
2737.17010821648	775.919982910156
2739.30303669573	775.719970703125
2741.4353415675	775.280029296875
2743.56702308442	775.640014648438
2745.69808149898	775.440002441406
2747.82851706355	775.760009765625
2749.95833003034	775.039978027344
2752.08752065145	775.239990234375
2754.21608917883	775.159973144531
2756.3440358643	775.159973144531
2758.47136095954	775.52001953125
2760.59806471609	775.440002441406
2762.72414738537	776.239990234375
2764.84960921865	775.719970703125
2766.97445046708	774.880004882813
2769.09867138166	775.320007324219
2771.22227221326	775.599975585938
2773.34525321263	775.359985351563
2775.46761463035	775.239990234375
2777.58935671691	775.640014648438
2779.71047972262	775.599975585938
2781.83098389771	775.159973144531
2783.95086949221	775.719970703125
2786.07013675607	775.119995117188
2788.18878593908	775.039978027344
2790.3068172909	774.960021972656
2792.42423106106	775.47998046875
2794.54102749895	775.52001953125
2796.65720685384	775.559997558594
2798.77276937486	775.799987792969
2800.88771531098	776.200012207031
2803.00204491107	775.47998046875
2805.11575842387	775.719970703125
2807.22885609796	775.440002441406
2809.34133818179	775.719970703125
2811.4532049237	775.880004882813
2813.56445657189	776.47998046875
2815.6750933744	775.880004882813
2817.78511557916	777.159973144531
2819.89452343398	776.280029296875
2822.00331718652	776.320007324219
2824.11149708429	776.719970703125
2826.2190633747	776.799987792969
2828.32601630502	776.039978027344
2830.43235612237	776.880004882813
2832.53808307375	776.919982910156
2834.64319740603	778.080017089844
2836.74769936595	778.599975585938
2838.85158920011	779
2840.95486715497	779.239990234375
2843.05753347689	779.52001953125
2845.15958841206	781.52001953125
2847.26103220657	782.599975585938
2849.36186510636	783.679992675781
2851.46208735724	784.320007324219
2853.56169920488	783.840026855469
2855.66070089485	785.039978027344
2857.75909267257	785.52001953125
2859.85687478332	786.640014648438
2861.95404747225	787.719970703125
2864.05061098439	788.359985351563
2866.14656556464	790.200012207031
2868.24191145777	790.880004882813
2870.3366489084	793.640014648438
2872.43077816104	793.880004882813
2874.52429946006	794.52001953125
2876.61721304971	794.840026855469
2878.70951917409	794.280029296875
2880.8012180772	794.280029296875
2882.89231000287	794.200012207031
2884.98279519483	794.840026855469
2887.07267389667	795.599975585938
2889.16194635186	795.559997558594
2891.25061280373	798.159973144531
2893.33867349546	798
2895.42612867015	797
2897.51297857074	796.919982910156
2899.59922344003	798
2901.68486352071	799.119995117188
2903.76989905533	799.47998046875
2905.85433028632	801.640014648438
2907.93815745598	801.840026855469
2910.02138080648	803.039978027344
2912.10400057985	803.280029296875
2914.186017018	802.960021972656
2916.26743036271	806.119995117188
2918.34824085563	807.799987792969
2920.4284487383	809.119995117188
2922.5080542521	809.200012207031
2924.58705763829	810.840026855469
2926.66545913802	810.559997558594
2928.74325899231	812.039978027344
2930.82045744202	814.840026855469
2932.89705472792	811.760009765625
2934.97305109062	814.280029296875
2937.04844677063	816.880004882813
2939.12324200832	815.52001953125
2941.19743704393	815.679992675781
2943.27103211757	814.280029296875
2945.34402746923	812.880004882813
2947.41642333876	810.039978027344
2949.48821996592	808.919982910156
2951.55941759028	808.359985351563
2953.63001645135	806.960021972656
2955.70001678845	805.799987792969
2957.76941884083	805.359985351563
2959.83822284757	804.440002441406
2961.90642904764	801.760009765625
2963.97403767988	804.52001953125
2966.04104898302	804.559997558594
2968.10746319565	803.840026855469
2970.17328055621	802.119995117188
2972.23850130305	802.400024414063
2974.30312567438	800.159973144531
2976.36715390829	799.679992675781
2978.43058624273	800.559997558594
2980.49342291553	800
2982.55566416439	800.840026855469
2984.61731022691	799.239990234375
2986.67836134051	800.039978027344
2988.73881774255	799.559997558594
2990.79867967021	799.039978027344
2992.85794736058	796.840026855469
2994.9166210506	796.52001953125
2996.97470097711	794.159973144531
2999.03218737679	793.320007324219
3001.08908048622	792.119995117188
3003.14538054186	794.080017089844
3005.20108778002	793.280029296875
3007.25620243691	792.159973144531
3009.3107247486	792.200012207031
3011.36465495104	791.119995117188
3013.41799328004	792.039978027344
3015.47073997133	790.880004882813
3017.52289526045	790.280029296875
3019.57445938288	791.960021972656
3021.62543257393	791.559997558594
3023.6758150688	791.52001953125
3025.72560710258	791.400024414063
3027.77480891021	792.799987792969
3029.82342072652	792.280029296875
3031.87144278622	793.080017089844
3033.91887532389	792.880004882813
3035.96571857399	792.47998046875
3038.01197277084	794.559997558594
3040.05763814867	794.200012207031
3042.10271494154	793.679992675781
3044.14720338344	794.400024414063
3046.19110370818	794.599975585938
3048.2344161495	794.719970703125
3050.27714094097	796.640014648438
3052.31927831608	796.919982910156
3054.36082850816	797.200012207031
3056.40179175044	797.640014648438
3058.44216827602	799.359985351563
3060.48195831786	799.919982910156
3062.52116210884	798.159973144531
3064.55977988167	797.599975585938
3066.59781186897	798.280029296875
3068.63525830322	800.960021972656
3070.67211941678	803.080017089844
3072.7083954419	802.599975585938
3074.7440866107	799.599975585938
3076.77919315516	801.47998046875
3078.81371530716	803
3080.84765329846	803.400024414063
3082.88100736068	802.47998046875
3084.91377772534	802.200012207031
3086.94596462381	801.880004882813
3088.97756828737	801.960021972656
3091.00858894714	803.359985351563
3093.03902683417	805.599975585938
3095.06888217933	804.719970703125
3097.09815521342	806.320007324219
3099.12684616709	806.440002441406
3101.15495527087	807.760009765625
3103.18248275518	806.919982910156
3105.20942885031	809.280029296875
3107.23579378642	810.440002441406
3109.26157779358	810.919982910156
3111.28678110171	809.719970703125
3113.31140394062	813.47998046875
3115.33544654	816.159973144531
3117.35890912942	814.640014648438
3119.38179193832	814.640014648438
3121.40409519602	817
3123.42581913174	816.760009765625
3125.44696397457	815.239990234375
3127.46752995345	816.840026855469
3129.48751729725	819.440002441406
3131.50692623469	821.039978027344
3133.52575699436	820.280029296875
3135.54400980476	821.400024414063
3137.56168489425	821.080017089844
3139.57878249108	821.679992675781
3141.59530282337	823.280029296875
3143.61124611913	823.440002441406
3145.62661260624	824
3147.64140251247	823.52001953125
3149.65561606547	825.679992675781
3151.66925349277	826.159973144531
3153.68231502177	828.320007324219
3155.69480087977	827.919982910156
3157.70671129394	826.239990234375
3159.71804649132	831.799987792969
3161.72880669886	832.640014648438
3163.73899214336	832.640014648438
3165.74860305152	834.400024414063
3167.75763964991	832.640014648438
3169.766102165	834.440002441406
3171.77399082313	835.919982910156
3173.7813058505	837.280029296875
3175.78804747323	835.599975585938
3177.79421591731	834.719970703125
3179.79981140859	838.919982910156
3181.80483417282	838.840026855469
3183.80928443564	836.080017089844
3185.81316242255	843.119995117188
3187.81646835896	846.239990234375
3189.81920247013	842.679992675781
3191.82136498122	842.239990234375
3193.82295611727	842.119995117188
3195.82397610321	845
3197.82442516385	844.960021972656
3199.82430352386	843.960021972656
3201.82361140782	844
3203.82234904018	845.47998046875
3205.82051664529	846.599975585938
3207.81811444735	849.960021972656
3209.81514267047	850.159973144531
3211.81160153863	847.080017089844
3213.80749127571	846.039978027344
3215.80281210545	848.080017089844
3217.79756425148	849.559997558594
3219.79174793733	848.280029296875
3221.7853633864	849.719970703125
3223.77841082196	848.52001953125
3225.77089046719	853.039978027344
3227.76280254513	852.760009765625
3229.75414727873	851.760009765625
3231.74492489081	856.679992675781
3233.73513560406	854.159973144531
3235.72477964107	850.280029296875
3237.71385722431	853.679992675781
3239.70236857614	857
3241.6903139188	857.039978027344
3243.6776934744	854.799987792969
3245.66450746496	854.280029296875
3247.65075611237	857.200012207031
3249.63643963841	859.200012207031
3251.62155826472	854.919982910156
3253.60611221287	848.719970703125
3255.59010170428	848.880004882813
3257.57352696026	855.47998046875
3259.55638820202	858.440002441406
3261.53868565064	858.400024414063
3263.52041952708	861.400024414063
3265.50159005221	859
3267.48219744676	856.119995117188
3269.46224193136	852.599975585938
3271.44172372651	856.080017089844
3273.42064305262	863.640014648438
3275.39900012996	859.559997558594
3277.3767951787	858.640014648438
3279.35402841889	857.559997558594
3281.33070007047	858.960021972656
3283.30681035326	858.799987792969
3285.28235948698	857
3287.25734769121	860.200012207031
3289.23177518544	860.039978027344
3291.20564218903	856.080017089844
3293.17894892124	851.719970703125
3295.1516956012	852.52001953125
3297.12388244795	856.039978027344
3299.09550968039	859.239990234375
3301.06657751732	860.200012207031
3303.03708617743	862.280029296875
3305.00703587929	857.039978027344
3306.97642684135	854.559997558594
3308.94525928196	858.280029296875
3310.91353341935	860.119995117188
3312.88124947164	858.159973144531
3314.84840765683	855.080017089844
3316.81500819282	855.840026855469
3318.78105129738	857.599975585938
3320.74653718818	855.47998046875
3322.71146608278	857.239990234375
3324.67583819861	853.440002441406
3326.639653753	856.080017089844
3328.60291296317	855.559997558594
3330.56561604621	854.400024414063
3332.52776321913	856.200012207031
3334.4893546988	858.280029296875
3336.45039070198	853.679992675781
3338.41087144533	853.080017089844
3340.37079714539	856.919982910156
3342.33016801859	853.320007324219
3344.28898428124	856.400024414063
3346.24724614955	859.159973144531
3348.20495383962	854.440002441406
3350.16210756742	852.880004882813
3352.11870754883	856.119995117188
3354.07475399961	852.47998046875
3356.03024713539	852.760009765625
3357.98518717173	855.280029296875
3359.93957432403	857.640014648438
3361.89340880761	855.280029296875
3363.84669083768	856.080017089844
3365.79942062933	854.919982910156
3367.75159839753	854.280029296875
3369.70322435715	853.080017089844
3371.65429872295	857.640014648438
3373.60482170957	858.440002441406
3375.55479353155	860.080017089844
3377.50421440332	858.840026855469
3379.45308453918	854.919982910156
3381.40140415335	855.679992675781
3383.34917345991	851.960021972656
3385.29639267284	854.960021972656
3387.24306200602	859.679992675781
3389.18918167321	859.280029296875
3391.13475188806	859.599975585938
3393.07977286411	858.880004882813
3395.02424481479	853.880004882813
3396.96816795342	857.960021972656
3398.91154249322	859
3400.85436864728	854.880004882813
3402.79664662859	858.52001953125
3404.73837665004	859.840026855469
3406.67955892439	857.880004882813
3408.62019366432	858.640014648438
3410.56028108236	858.359985351563
3412.49982139096	861.719970703125
3414.43881480247	859.200012207031
3416.37726152909	860.239990234375
3418.31516178295	861.599975585938
3420.25251577605	859.960021972656
3422.18932372029	857.559997558594
3424.12558582746	860
3426.06130230922	860.400024414063
3427.99647337717	856.760009765625
3429.93109924274	856.719970703125
3431.8651801173	852.559997558594
3433.79871621209	852.280029296875
3435.73170773824	854.440002441406
3437.66415490678	856.880004882813
3439.59605792862	857.640014648438
3441.52741701458	859.760009765625
3443.45823237536	858.840026855469
3445.38850422154	857.400024414063
3447.31823276362	850.239990234375
3449.24741821196	849.039978027344
3451.17606077684	849.359985351563
3453.10416066842	851.640014648438
3455.03171809674	851.679992675781
3456.95873327175	853.200012207031
3458.88520640329	849.280029296875
3460.81113770109	849.119995117188
3462.73652737477	845.599975585938
3464.66137563383	846.320007324219
3466.58568268769	847.719970703125
3468.50944874565	849
3470.43267401689	850.440002441406
3472.3553587105	850.760009765625
3474.27750303545	848
3476.19910720062	840.880004882813
3478.12017141476	839.880004882813
3480.04069588654	844.960021972656
3481.9606808245	848.559997558594
3483.88012643707	847.880004882813
3485.79903293259	843.159973144531
3487.7174005193	842.719970703125
3489.63522940532	838
3491.55251979864	838.359985351563
3493.46927190719	840.799987792969
3495.38548593877	836.960021972656
3497.30116210107	834.159973144531
3499.21630060167	833.840026855469
3501.13090164807	835
3503.04496544763	831.559997558594
3504.95849220763	833.52001953125
3506.87148213523	834.400024414063
3508.78393543748	834.440002441406
3510.69585232134	832.760009765625
3512.60723299365	832.280029296875
3514.51807766116	834.400024414063
3516.42838653049	830.52001953125
3518.33815980819	829.359985351563
3520.24739770066	824.719970703125
3522.15610041423	824.799987792969
3524.06426815511	825.840026855469
3525.9719011294	825.559997558594
3527.87899954311	826.52001953125
3529.78556360213	825.320007324219
3531.69159351225	824.119995117188
3533.59708947916	823.400024414063
3535.50205170844	821.599975585938
3537.40648040556	820.080017089844
3539.3103757759	819.640014648438
3541.21373802472	817.039978027344
3543.11656735717	817.840026855469
3545.01886397833	816.200012207031
3546.92062809313	817.440002441406
3548.82185990643	818
3550.72255962297	819.840026855469
3552.62272744738	817.200012207031
3554.5223635842	813.880004882813
3556.42146823786	812.640014648438
3558.32004161268	812.080017089844
3560.21808391289	809.799987792969
3562.11559534259	809.039978027344
3564.01257610581	808.200012207031
3565.90902640645	809.559997558594
3567.80494644831	807.400024414063
3569.7003364351	808.400024414063
3571.59519657042	809.320007324219
3573.48952705774	809.200012207031
3575.38332810048	808.200012207031
3577.27659990191	807.640014648438
3579.16934266521	807
3581.06155659346	806.799987792969
3582.95324188965	806.320007324219
3584.84439875663	806.200012207031
3586.73502739718	804.52001953125
3588.62512801397	802.719970703125
3590.51470080955	802.039978027344
3592.40374598639	804
3594.29226374685	802.960021972656
3596.18025429317	800.679992675781
3598.06771782751	800.320007324219
3599.95465455192	799.760009765625
3601.84106466834	798.239990234375
3603.72694837861	799.239990234375
3605.61230588447	797.599975585938
3607.49713738756	798.840026855469
3609.38144308942	799.039978027344
3611.26522319148	801.359985351563
3613.14847789506	798.159973144531
3615.0312074014	796.280029296875
3616.91341191162	795.52001953125
3618.79509162674	795.599975585938
3620.67624674769	795.799987792969
3622.55687747528	794.119995117188
3624.43698401024	794.960021972656
3626.31656655317	794.880004882813
3628.1956253046	795.440002441406
3630.07416046492	793.640014648438
3631.95217223446	793.159973144531
3633.82966081342	792.119995117188
3635.70662640191	791.080017089844
3637.58306919993	790.239990234375
3639.45898940739	789.200012207031
3641.33438722409	788.919982910156
3643.20926284973	789.359985351563
3645.08361648392	788.719970703125
3646.95744832614	788.440002441406
3648.8307585758	789.719970703125
3650.7035474322	789
3652.57581509452	787.640014648438
3654.44756176188	786.280029296875
3656.31878763324	787.799987792969
3658.18949290753	785.320007324219
3660.05967778352	785.239990234375
3661.9293424599	785.679992675781
3663.79848713527	785.440002441406
3665.66711200812	784.47998046875
3667.53521727684	784.239990234375
3669.40280313972	782.760009765625
3671.26986979494	783.679992675781
3673.13641744059	781.280029296875
3675.00244627468	781.400024414063
