-140.373595351881	771.919982910156
-137.335129063906	771.559997558594
-134.297686810867	771.640014648438
-131.261268103955	771.679992675781
-128.225872454677	771.760009765625
-125.191499374839	771.440002441406
-122.158148376567	771.359985351563
-119.125818972292	771.320007324219
-116.094510674759	771.47998046875
-113.064222997021	771.239990234375
-110.034955452443	772.239990234375
-107.006707554687	771.359985351563
-103.979478817741	771.960021972656
-100.95326875589	771.440002441406
-97.928076883731	771.400024414063
-94.9039027161698	771.320007324219
-91.8807457684175	771.039978027344
-88.8586055560018	771.599975585938
-85.8374815947384	771.840026855469
-82.8173734007715	771.400024414063
-79.7982804905411	771.599975585938
-76.7802023807988	771.679992675781
-73.7631385885914	771.400024414063
-70.7470886312892	771.400024414063
-67.732052026553	771.239990234375
-64.7180282923587	771.559997558594
-61.7050169469884	771.359985351563
-58.6930175090183	771.359985351563
-55.6820294973386	771.039978027344
-52.6720524311495	771.400024414063
-49.66308582994	771.400024414063
-46.6551292135171	771.320007324219
-43.6481821019882	772.039978027344
-40.6422440157577	771.599975585938
-37.6373144755424	771.599975585938
-34.6333930023594	771.52001953125
-31.630479117526	771.760009765625
-28.6285723426709	771.320007324219
-25.6276721997107	771.47998046875
-22.6277782108771	771.799987792969
-19.628889898701	771.679992675781
-16.6310067860081	772.239990234375
-13.6341283959385	773.919982910156
-10.6382542519231	780.880004882813
-7.64338387769432	806.880004882813
-4.64951679729502	845.200012207031
-1.65665253506141	855.239990234375
1.33520938438089	821.719970703125
4.32606943608095	784.640014648438
7.315928094803	772.960021972656
10.3047858350146	771.880004882813
13.2926431308747	772
16.2795004562541	771.880004882813
19.2653582847118	771.080017089844
22.2502170895187	771.799987792969
25.2340773436344	771.320007324219
28.216939519735	771.599975585938
31.1988040901939	771.52001953125
34.1796715270814	771.880004882813
37.1595423021732	771.840026855469
40.1384168869468	771.719970703125
43.1162957525854	771.760009765625
46.0931793699786	771.359985351563
49.0690682097059	771.840026855469
52.0439627420619	771.119995117188
55.0178634370476	771.719970703125
57.9907707643592	771.359985351563
60.9626851933962	771.799987792969
63.9336071932735	771.559997558594
66.9035372328018	771.280029296875
69.8724757804959	771.640014648438
72.8404233045826	771.440002441406
75.8073802729932	771.159973144531
78.7733471533597	771.400024414063
81.738324413019	771.280029296875
84.702312519025	771.200012207031
87.665311938125	771.080017089844
90.6273231367761	771.559997558594
93.5883465811569	771.599975585938
96.5483827371242	771.039978027344
99.5074320702731	771.359985351563
102.465495045889	771.599975585938
105.422572128961	771.440002441406
108.378663784199	771.039978027344
111.333770476014	771.440002441406
114.287892668528	771.47998046875
117.24103082557	771.599975585938
120.193185410674	771.919982910156
123.144356887097	771.47998046875
126.094545717786	772
129.043752365413	772.400024414063
131.991977292355	772.359985351563
134.939220960695	772.760009765625
137.885483832232	773.47998046875
140.83076636847	773.919982910156
143.775069030632	774.080017089844
146.718392279644	774.960021972656
149.660736576149	775.119995117188
152.602102380488	775.47998046875
155.54249015274	775.919982910156
158.481900352672	776.760009765625
161.420333439765	777.47998046875
164.357789873227	777.280029296875
167.294270111968	778.440002441406
170.229774614617	779.119995117188
173.164303839496	780.559997558594
176.097858244675	780.599975585938
179.030438287908	781.559997558594
181.962044426678	781.599975585938
184.89267711817	782.840026855469
187.822336819302	783.919982910156
190.751023986678	784.47998046875
193.678739076648	784.159973144531
196.605482545255	784.919982910156
199.531254848261	784.960021972656
202.456056441152	784.159973144531
205.379887779119	784.960021972656
208.30274931708	785.039978027344
211.224641509656	785.239990234375
214.145564811189	784.400024414063
217.06551967574	785.679992675781
219.984506557089	785.47998046875
222.902525908723	785.320007324219
225.819578183856	784.840026855469
228.735663835415	784.840026855469
231.650783316047	785.159973144531
234.564937078107	784.52001953125
237.478125573679	784.880004882813
240.390349254566	784.559997558594
243.301608572278	785.159973144531
246.211903978051	784.960021972656
249.121235922839	785.840026855469
252.029604857321	786.239990234375
254.93701123188	786.640014648438
257.843455496632	787.440002441406
260.748938101415	788.239990234375
263.653459495766	788.559997558594
266.557020128967	789.039978027344
269.459620450005	788.239990234375
272.361260907595	789.280029296875
275.261941950168	790.359985351563
278.161664025874	789.640014648438
281.060427582592	788.840026855469
283.958233067921	788.840026855469
286.855080929176	788.799987792969
289.750971613398	788.679992675781
292.645905567344	788.52001953125
295.539883237503	787.039978027344
298.432905070079	787.080017089844
301.324971511007	787.799987792969
304.216083005931	787.960021972656
307.10624000023	788.080017089844
309.995442939003	790
312.883692267071	792.359985351563
315.770988428979	796.280029296875
318.657331869	798.760009765625
321.542723031127	801.359985351563
324.427162359076	800.880004882813
327.310650296293	796
330.193187285945	792.679992675781
333.074773770929	790.280029296875
335.955410193855	787.599975585938
338.835096997075	787.760009765625
341.713834622655	787.280029296875
344.59162351239	785.320007324219
347.468464107802	786
350.344356850137	785.559997558594
353.219302180373	785.799987792969
356.093300539208	786.080017089844
358.966352367073	785.760009765625
361.838458104123	786.039978027344
364.70961819024	786.119995117188
367.579833065031	785.760009765625
370.449103167837	784.599975585938
373.317428937727	785.239990234375
376.184810813496	785.280029296875
379.051249233659	785.47998046875
381.916744636474	785.559997558594
384.78129745992	786
387.644908141706	785.559997558594
390.50757711927	785.47998046875
393.36930482978	785.52001953125
396.23009171014	786.119995117188
399.089938196969	784.559997558594
401.948844726631	785.119995117188
404.806811735214	786.280029296875
407.66383965853	785.919982910156
410.519928932138	786.039978027344
413.375079991314	786.119995117188
416.229293271071	785.799987792969
419.082569206155	786.47998046875
421.934908231031	785.760009765625
424.786310779917	786
427.636777286748	786.159973144531
430.486308185189	784.960021972656
433.334903908649	785.880004882813
436.182564890262	786.320007324219
439.029291562898	785.559997558594
441.875084359157	785.840026855469
444.719943711374	785.880004882813
447.563870051618	786.080017089844
450.406863811695	785.640014648438
453.248925423132	786.119995117188
456.090055317208	784.640014648438
458.93025392492	784.599975585938
461.76952167701	786.159973144531
464.60785900395	785.799987792969
467.44526633595	785.239990234375
470.281744102955	785.320007324219
473.117292734635	784.799987792969
475.951912660415	785.080017089844
478.785604309439	785.719970703125
481.618368110592	786.080017089844
484.450204492499	785.440002441406
487.281113883518	785.440002441406
490.111096711738	785.559997558594
492.940153404999	785.47998046875
495.768284390864	785.640014648438
498.595490096635	785.679992675781
501.421770949366	785.559997558594
504.247127375825	786.080017089844
507.071559802537	786.320007324219
509.89506865575	786.440002441406
512.717654361473	785.440002441406
515.539317345424	786.080017089844
518.360058033083	786
521.179876849652	785.359985351563
523.998774220083	785.159973144531
526.816750569068	785.799987792969
529.633806321025	786.039978027344
532.44994190013	785.52001953125
535.265157730284	785.47998046875
538.079454235133	785.440002441406
540.892831838066	785.200012207031
543.705290962208	785.799987792969
546.516832030424	785.080017089844
549.32745546533	785.679992675781
552.137161689268	785.799987792969
554.945951124325	785.919982910156
557.753824192341	785.159973144531
560.560781314883	785.719970703125
563.36682291327	785.320007324219
566.171949408555	784.960021972656
568.976161221537	784.960021972656
571.779458772759	785.320007324219
574.5818424825	785.679992675781
577.383312770792	785.960021972656
580.183870057402	785.47998046875
582.983514761843	784.799987792969
585.782247303363	785.960021972656
588.580068100976	786.320007324219
591.376977573414	785.039978027344
594.172976139164	785.52001953125
596.968064216463	786.280029296875
599.762242223282	784.239990234375
602.555510577335	785.47998046875
605.347869696099	784.239990234375
608.139319996771	784.47998046875
610.929861896313	784.239990234375
613.719495811421	784.640014648438
616.508222158541	784.52001953125
619.296041353863	784.840026855469
622.082953813324	784.840026855469
624.868959952607	784.440002441406
627.654060187137	784.880004882813
630.438254932094	784.47998046875
633.221544602397	784.320007324219
636.003929612719	784.559997558594
638.785410377468	784.640014648438
641.565987310814	784.320007324219
644.345660826665	784.119995117188
647.124431338674	784.719970703125
649.902299260252	785.159973144531
652.679265004552	784.039978027344
655.455328984475	784.52001953125
658.230491612671	784.440002441406
661.004753301541	785.119995117188
663.778114463229	785.559997558594
666.550575509631	785.200012207031
669.322136852395	785.039978027344
672.092798902916	785.320007324219
674.862562072336	784.640014648438
677.631426771548	785.440002441406
680.399393411204	785.440002441406
683.166462401689	784.880004882813
685.93263415315	785.440002441406
688.697909075486	785.119995117188
691.462287578337	783.840026855469
694.225770071098	784.599975585938
696.988356962926	783.960021972656
699.750048662705	784.719970703125
702.5108455791	785.400024414063
705.270748120503	785.159973144531
708.029756695068	784.47998046875
710.787871710705	784.200012207031
713.545093575065	784.52001953125
716.301422695566	785.159973144531
719.056859479364	785.320007324219
721.811404333376	785.799987792969
724.56505766427	785.039978027344
727.317819878473	784.919982910156
730.069691382148	784.400024414063
732.820672581226	785.119995117188
735.570763881396	785.080017089844
738.319965688092	784.719970703125
741.068278406496	785.400024414063
743.815702441559	785.359985351563
746.562238197974	785.799987792969
749.307886080196	785.119995117188
752.052646492436	785.47998046875
754.796519838656	784.640014648438
757.539506522567	785.159973144531
760.28160694765	786.52001953125
763.022821517128	785.400024414063
765.76315063399	786.679992675781
768.502594700972	785.239990234375
771.241154120572	784.719970703125
773.978829295045	786.359985351563
776.715620626397	785.52001953125
779.451528516396	786.239990234375
782.186553366565	786.559997558594
784.920695578179	788.039978027344
787.653955552283	787.919982910156
790.386333689662	787.039978027344
793.117830390877	787.159973144531
795.848446056227	786.159973144531
798.578181085792	785.719970703125
801.307035879389	784.359985351563
804.035010836599	785.919982910156
806.762106356774	785.960021972656
809.488322839013	786.239990234375
812.213660682169	785.960021972656
814.938120284866	785.119995117188
817.661702045482	786.159973144531
820.384406362153	785.640014648438
823.10623363278	785.52001953125
825.827184255014	785.159973144531
828.547258626283	785.679992675781
831.266457143747	785.280029296875
833.984780204358	785.039978027344
836.702228204804	785.679992675781
839.418801541552	785.239990234375
842.134500610814	785.880004882813
844.849325808575	784.799987792969
847.563277530579	784.679992675781
850.276356172319	786.119995117188
852.988562129066	786.200012207031
855.69989579585	785.320007324219
858.410357567456	786.039978027344
861.119947838428	786.239990234375
863.828667003087	785.52001953125
866.536515455503	785.320007324219
869.243493589517	784.47998046875
871.949601798728	785.359985351563
874.654840476504	785.400024414063
877.359210015961	785.679992675781
880.062710810003	784.599975585938
882.765343251273	785.799987792969
885.467107732191	785.760009765625
888.168004644938	784.799987792969
890.868034381467	785.320007324219
893.567197333476	785
896.265493892445	786.320007324219
898.962924449614	785.52001953125
901.659489395985	784.719970703125
904.355189122325	785.239990234375
907.050024019165	785.599975585938
909.743994476809	785.359985351563
912.437100885322	785.359985351563
915.129343634532	784.47998046875
917.820723114032	785.440002441406
920.511239713189	785.640014648438
923.200893821127	785.559997558594
925.889685826744	785.599975585938
928.577616118699	785.039978027344
931.264685085419	785.880004882813
933.950893115098	786.400024414063
936.6362405957	786.280029296875
939.320727914956	785.880004882813
942.004355460359	786.080017089844
944.687123619173	785.239990234375
947.369032778431	785.400024414063
950.050083324934	785.119995117188
952.730275645247	785.840026855469
955.409610125711	785.640014648438
958.088087152423	786.320007324219
960.765707111263	785.080017089844
963.442470387871	785.359985351563
966.118377367657	785.880004882813
968.793428435798	785.719970703125
971.467623977254	786.239990234375
974.140964376739	785.200012207031
976.813450018737	785.559997558594
979.485081287511	785.400024414063
982.155858567087	785.640014648438
984.825782241271	785.47998046875
987.494852693624	784.640014648438
990.163070307487	785.760009765625
992.830435465978	784.840026855469
995.496948551973	784.719970703125
998.162609948122	786.239990234375
1000.82742003685	788.080017089844
1003.49137920036	789.320007324219
1006.15448782061	790.400024414063
1008.81674627934	787.039978027344
1011.47815495806	786.47998046875
1014.13871423805	785.200012207031
1016.79842450037	785.039978027344
1019.45728612586	784.760009765625
1022.11529949509	784.359985351563
1024.77246498846	785.039978027344
1027.4287829861	784.080017089844
1030.08425386792	785.799987792969
1032.73887801363	785.280029296875
1035.3926558027	786.280029296875
1038.04558761435	784.880004882813
1040.69767382761	785.52001953125
1043.34891482125	784.640014648438
1045.99931097384	784.359985351563
1048.64886266371	784.760009765625
1051.29757026898	784.799987792969
1053.94543416753	785
1056.59245473701	784.239990234375
1059.23863235486	785.080017089844
1061.8839673983	785.400024414063
1064.5284602443	786.200012207031
1067.17211126962	784.760009765625
1069.8149208508	785.080017089844
1072.45688936415	785.919982910156
1075.09801718577	785.119995117188
1077.7383046915	785.760009765625
1080.377752257	786.320007324219
1083.01636025767	785.679992675781
1085.65412906872	786
1088.2910590651	785.760009765625
1090.92715062157	785.599975585938
1093.56240411266	786.679992675781
1096.19681991265	786.359985351563
1098.83039839564	786.679992675781
1101.46313993547	785.840026855469
1104.09504490579	786.159973144531
1106.72611368	786.239990234375
1109.35634663129	785.359985351563
1111.98574413263	784.919982910156
1114.61430655677	785.440002441406
1117.24203427624	784.440002441406
1119.86892766333	784.47998046875
1122.49498709014	784.359985351563
1125.12021292851	784.880004882813
1127.74460555011	784.919982910156
1130.36816532634	784.640014648438
1132.99089262841	784.159973144531
1135.6127878273	783.52001953125
1138.23385129376	783.080017089844
1140.85408339834	783.200012207031
1143.47348451137	782.719970703125
1146.09205500294	782.679992675781
1148.70979524293	782.919982910156
1151.326705601	784.080017089844
1153.9427864466	783.080017089844
1156.55803814896	782.840026855469
1159.17246107707	784.47998046875
1161.78605559974	783.679992675781
1164.39882208551	783.719970703125
1167.01076090276	784.159973144531
1169.6218724196	783.47998046875
1172.23215700396	784.119995117188
1174.84161502352	783.679992675781
1177.45024684578	784.320007324219
1180.05805283799	784.599975585938
1182.66503336719	784.039978027344
1185.27118880021	784.200012207031
1187.87651950367	784.080017089844
1190.48102584395	783.080017089844
1193.08470818723	783.159973144531
1195.68756689948	783.840026855469
1198.28960234643	783.52001953125
1200.89081489363	784.880004882813
1203.49120490636	785.440002441406
1206.09077274974	785.880004882813
1208.68951878864	785.799987792969
1211.28744338773	786.559997558594
1213.88454691145	785.320007324219
1216.48082972404	784.760009765625
1219.07629218953	784.960021972656
1221.6709346717	785.280029296875
1224.26475753416	786.599975585938
1226.85776114028	787.119995117188
1229.44994585322	788.080017089844
1232.04131203592	788.440002441406
1234.63186005112	788.880004882813
1237.22159026133	789.320007324219
1239.81050302886	789.640014648438
1242.3985987158	788.760009765625
1244.98587768402	789.52001953125
1247.5723402952	790.359985351563
1250.15798691078	790.239990234375
1252.74281789199	790
1255.32683359987	789.280029296875
1257.91003439523	791.239990234375
1260.49242063865	789.880004882813
1263.07399269055	788.960021972656
1265.65475091108	788.359985351563
1268.23469566021	788.880004882813
1270.81382729769	788
1273.39214618306	788.119995117188
1275.96965267566	787.559997558594
1278.54634713458	788.280029296875
1281.12222991875	787.799987792969
1283.69730138685	787.840026855469
1286.27156189737	787.719970703125
1288.84501180858	787.159973144531
1291.41765147853	788.080017089844
1293.98948126509	787.960021972656
1296.56050152589	788.200012207031
1299.13071261837	788.280029296875
1301.70011489973	788.760009765625
1304.268708727	790.200012207031
1306.83649445698	789.559997558594
1309.40347244625	789.640014648438
1311.96964305119	789.559997558594
1314.53500662799	789.880004882813
1317.0995635326	790.640014648438
1319.66331412077	789.960021972656
1322.22625874806	789.280029296875
1324.7883977698	789.599975585938
1327.34973154112	789.760009765625
1329.91026041694	789.039978027344
1332.46998475197	789.760009765625
1335.0289049007	789.400024414063
1337.58702121746	790.080017089844
1340.14433405631	789.679992675781
1342.70084377115	789.599975585938
1345.25655071563	789.760009765625
1347.81145524323	789.280029296875
1350.36555770721	788.239990234375
1352.91885846062	786.559997558594
1355.47135785631	786.880004882813
1358.02305624691	786.840026855469
1360.57395398486	786.080017089844
1363.12405142237	785.719970703125
1365.67334891148	785.760009765625
1368.22184680399	785.679992675781
1370.76954545151	784.679992675781
1373.31644520545	785.52001953125
1375.86254641699	785.960021972656
1378.40784943713	785.159973144531
1380.95235461666	784.640014648438
1383.49606230615	784.840026855469
1386.03897285598	784.919982910156
1388.58108661632	786.119995117188
1391.12240393713	785.919982910156
1393.66292516818	784.640014648438
1396.20265065903	784.039978027344
1398.74158075901	785.039978027344
1401.2797158173	785.400024414063
1403.81705618282	785.159973144531
1406.35360220431	784.760009765625
1408.88935423032	785.52001953125
1411.42431260919	785
1413.95847768903	784.880004882813
1416.49184981777	784.52001953125
1419.02442934314	784.760009765625
1421.55621661266	784.52001953125
1424.08721197364	784.799987792969
1426.61741577321	784.919982910156
1429.14682835828	785.440002441406
1431.67545007555	785.119995117188
1434.20328127153	784.960021972656
1436.73032229253	785.679992675781
1439.25657348466	786.799987792969
1441.78203519381	787.239990234375
1444.3067077657	788.280029296875
1446.83059154581	789.119995117188
1449.35368687944	790.080017089844
1451.8759941117	790.880004882813
1454.39751358748	789.039978027344
1456.91824565148	789.760009765625
1459.43819064818	788.599975585938
1461.95734892189	788.47998046875
1464.4757208167	789.400024414063
1466.99330667649	788.760009765625
1469.51010684497	787.599975585938
1472.02612166564	786.440002441406
1474.54135148177	786.159973144531
1477.05579663646	785.52001953125
1479.56945747262	785.599975585938
1482.08233433293	785.200012207031
1484.59442755989	785.400024414063
1487.10573749579	784.52001953125
1489.61626448275	785.080017089844
1492.12600886264	783.599975585938
1494.63497097718	783.080017089844
1497.14315116786	782.52001953125
1499.65054977599	782.239990234375
1502.15716714267	781.599975585938
1504.66300360881	781.039978027344
1507.16805951512	781.760009765625
1509.67233520211	781.039978027344
1512.1758310101	781.200012207031
1514.67854727919	780.880004882813
1517.18048434931	780.679992675781
1519.68164256018	780.799987792969
1522.18202225132	780.440002441406
1524.68162376207	780.239990234375
1527.18044743155	779.960021972656
1529.67849359869	779.840026855469
1532.17576260224	780.799987792969
1534.67225478072	781.159973144531
1537.1679704725	780.919982910156
1539.66291001572	780.599975585938
1542.15707374832	781.679992675781
1544.65046200807	781.640014648438
1547.14307513254	781.52001953125
1549.63491345907	781.400024414063
1552.12597732485	782.440002441406
1554.61626706685	782.47998046875
1557.10578302185	782.159973144531
1559.59452552644	783.080017089844
1562.082494917	783.400024414063
1564.56969152973	783.239990234375
1567.05611570064	782.840026855469
1569.54176776552	784.47998046875
1572.02664806	785.280029296875
1574.51075691949	784.679992675781
1576.99409467921	784.760009765625
1579.4766616742	785.080017089844
1581.95845823929	785.880004882813
1584.43948470912	785.159973144531
1586.91974141815	785.400024414063
1589.39922870064	784.359985351563
1591.87794689064	783.760009765625
1594.35589632202	783.320007324219
1596.83307732848	784.119995117188
1599.30949024348	784.359985351563
1601.78513540033	785.679992675781
1604.26001313211	785.559997558594
1606.73412377175	786.880004882813
1609.20746765196	785.440002441406
1611.68004510526	785.359985351563
1614.15185646398	785.52001953125
1616.62290206026	786.799987792969
1619.09318222605	786.080017089844
1621.56269729311	786.719970703125
1624.031447593	785.719970703125
1626.4994334571	786.119995117188
1628.9666552166	786.47998046875
1631.43311320248	787.599975585938
1633.89880774554	787.080017089844
1636.3637391764	787.239990234375
1638.82790782548	787.599975585938
1641.29131402301	787
1643.75395809903	788.239990234375
1646.21584038339	788.799987792969
1648.67696120575	789.52001953125
1651.13732089558	790.559997558594
1653.59691978216	790.559997558594
1656.05575819459	790.880004882813
1658.51383646175	791.080017089844
1660.97115491238	790.919982910156
1663.42771387498	790.080017089844
1665.8835136779	790.960021972656
1668.33855464928	790.080017089844
1670.79283711708	789.400024414063
1673.24636140907	790.359985351563
1675.69912785282	789.400024414063
1678.15113677572	788.200012207031
1680.602388505	787.080017089844
1683.05288336764	787.080017089844
1685.50262169049	786.559997558594
1687.95160380019	785.599975585938
1690.39983002318	784.440002441406
1692.84730068573	784.559997558594
1695.29401611392	782.799987792969
1697.73997663364	782.119995117188
1700.18518257059	781.760009765625
1702.6296342503	781.400024414063
1705.07333199807	781.039978027344
1707.51627613907	780.280029296875
1709.95846699824	779.640014648438
1712.39990490036	779.919982910156
1714.84059017001	779.599975585938
1717.28052313159	779.52001953125
1719.7197041093	779.159973144531
1722.15813342718	778.760009765625
1724.59581140906	779.280029296875
1727.03273837859	778.47998046875
1729.46891465926	778.400024414063
1731.90434057432	779
1734.3390164469	778.799987792969
1736.7729425999	777.280029296875
1739.20611935604	777.280029296875
1741.63854703787	778
1744.07022596776	777.880004882813
1746.50115646787	778.119995117188
1748.93133886019	777.320007324219
1751.36077346652	777.400024414063
1753.7894606085	776.799987792969
1756.21740060755	777.52001953125
1758.64459378494	777.119995117188
1761.07104046172	777.159973144531
1763.49674095879	777.239990234375
1765.92169559684	777.760009765625
1768.3459046964	777.559997558594
1770.7693685778	776.640014648438
1773.1920875612	776.719970703125
1775.61406196656	777.320007324219
1778.03529211367	777.159973144531
1780.45577832214	776.640014648438
1782.87552091138	776.880004882813
1785.29452020064	776.599975585938
1787.71277650897	776.47998046875
1790.13029015525	776.159973144531
1792.54706145817	776.840026855469
1794.96309073625	777.359985351563
1797.3783783078	776.440002441406
1799.79292449097	776.239990234375
1802.20672960375	776.52001953125
1804.61979396389	777.119995117188
1807.03211788902	776.559997558594
1809.44370169655	776.52001953125
1811.85454570373	776.799987792969
1814.2646502276	777.080017089844
1816.67401558506	776
1819.0826420928	776.080017089844
1821.49053006734	776.52001953125
1823.89767982501	776.119995117188
1826.30409168198	776.400024414063
1828.70976595422	776.599975585938
1831.11470295753	775.760009765625
1833.51890300752	776.52001953125
1835.92236641964	775.960021972656
1838.32509350914	775.719970703125
1840.72708459111	776.320007324219
1843.12833998044	776.200012207031
1845.52885999184	776.359985351563
1847.92864493987	776.400024414063
1850.32769513889	775.760009765625
1852.72601090307	776.47998046875
1855.12359254642	776.799987792969
1857.52044038278	776.039978027344
1859.91655472578	776.679992675781
1862.31193588889	776.159973144531
1864.70658418542	776.200012207031
1867.10049992847	776.47998046875
1869.49368343096	776.239990234375
1871.88613500568	776.119995117188
1874.27785496518	776.47998046875
1876.66884362188	776.320007324219
1879.059101288	776.080017089844
1881.44862827559	776.52001953125
1883.8374248965	776.760009765625
1886.22549146246	776.440002441406
1888.61282828495	776.280029296875
1890.99943567534	775.719970703125
1893.38531394477	776.400024414063
1895.77046340424	776.840026855469
1898.15488436455	776.039978027344
1900.53857713634	775.640014648438
1902.92154203006	776
1905.303779356	776.080017089844
1907.68528942426	776.039978027344
1910.06607254477	775.960021972656
1912.44612902729	775.640014648438
1914.82545918139	776.280029296875
1917.20406331648	776.52001953125
1919.58194174178	776.760009765625
1921.95909476634	776.960021972656
1924.33552269905	776.119995117188
1926.71122584861	776.440002441406
1929.08620452353	776.200012207031
1931.46045903219	776.52001953125
1933.83398968275	776.280029296875
1936.20679678322	776.320007324219
1938.57888064142	775.960021972656
1940.95024156502	776.640014648438
1943.3208798615	776.239990234375
1945.69079583816	775.719970703125
1948.05998980213	776.52001953125
1950.42846206038	776.52001953125
1952.79621291969	775.880004882813
1955.16324268668	776.440002441406
1957.52955166778	776.239990234375
1959.89514016927	775.919982910156
1962.26000849723	776.159973144531
1964.62415695759	776.52001953125
1966.98758585609	776.080017089844
1969.3502954983	776.679992675781
1971.71228618964	776.599975585938
1974.07355823532	777
1976.43411194042	775.679992675781
1978.79394760981	776.52001953125
1981.1530655482	776.159973144531
1983.51146606014	777.080017089844
1985.86914944999	776.919982910156
1988.22611602196	777.320007324219
1990.58236608007	776.159973144531
1992.93789992817	776.280029296875
1995.29271786995	777.080017089844
1997.64682020892	776.880004882813
2000.00020724843	776.440002441406
2002.35287929162	777.039978027344
2004.70483664152	776.679992675781
2007.05607960095	776.559997558594
2009.40660847256	776.799987792969
2011.75642355884	776.960021972656
2014.1055251621	776.47998046875
2016.4539135845	776.760009765625
2018.80158912802	776.599975585938
2021.14855209444	776.599975585938
2023.49480278542	776.47998046875
2025.84034150242	776.47998046875
2028.18516854673	777
2030.52928421948	776.599975585938
2032.87268882163	776.599975585938
2035.21538265398	777.159973144531
2037.55736601713	776.799987792969
2039.89863921153	776.799987792969
2042.23920253747	776.799987792969
2044.57905629506	776.599975585938
2046.91820078425	776.719970703125
2049.2566363048	777
2051.59436315633	777.280029296875
2053.93138163827	777
2056.2676920499	777.159973144531
2058.6032946903	776.840026855469
2060.93818985843	777.440002441406
2063.27237785303	777
2065.60585897272	776.960021972656
2067.93863351592	776.960021972656
2070.27070178089	776.919982910156
2072.60206406574	776.599975585938
2074.93272066838	776.719970703125
2077.26267188658	777.119995117188
2079.59191801793	777.400024414063
2081.92045935985	776.919982910156
2084.24829620962	777.320007324219
2086.57542886431	777.359985351563
2088.90185762087	777.280029296875
2091.22758277604	776.960021972656
2093.55260462643	777.039978027344
2095.87692346845	777.119995117188
2098.20053959837	776.400024414063
2100.52345331229	777.119995117188
2102.84566490614	776.679992675781
2105.16717467567	776.440002441406
2107.48798291649	777.119995117188
2109.80808992403	777.039978027344
2112.12749599355	777.039978027344
2114.44620142016	776.840026855469
2116.7642064988	776.960021972656
2119.08151152423	777.159973144531
2121.39811679106	777.280029296875
2123.71402259374	776.760009765625
2126.02922922653	777.159973144531
2128.34373698356	776.880004882813
2130.65754615876	777.039978027344
2132.97065704594	776.840026855469
2135.28306993869	777.200012207031
2137.59478513047	776.760009765625
2139.90580291459	776.960021972656
2142.21612358416	777.039978027344
2144.52574743214	776.679992675781
2146.83467475134	777.359985351563
2149.1429058344	777.080017089844
2151.45044097377	776.640014648438
2153.75728046178	777.239990234375
2156.06342459057	776.640014648438
2158.36887365212	777.119995117188
2160.67362793825	777.440002441406
2162.97768774061	776.960021972656
2165.28105335071	777.200012207031
2167.58372505987	777
2169.88570315926	777.719970703125
2172.18698793988	776.960021972656
2174.48757969258	777.280029296875
2176.78747870805	776.760009765625
2179.08668527679	776.760009765625
2181.38519968917	777.599975585938
2183.68302223538	776.440002441406
2185.98015320547	776.760009765625
2188.27659288929	776.960021972656
2190.57234157656	776.559997558594
2192.86739955682	776.679992675781
2195.16176711948	776.840026855469
2197.45544455375	776.919982910156
2199.74843214869	776.799987792969
2202.04073019322	775.919982910156
2204.33233897607	776.320007324219
2206.62325878583	776.359985351563
2208.91348991093	776.719970703125
2211.20303263961	776.799987792969
2213.49188726	777
2215.78005406001	776.640014648438
2218.06753332744	776.400024414063
2220.35432534991	776.280029296875
2222.64043041487	775.719970703125
2224.92584880964	776.599975585938
2227.21058082134	776.640014648438
2229.49462673696	776.440002441406
2231.77798684332	776.159973144531
2234.06066142709	777.280029296875
2236.34265077477	776.640014648438
2238.62395517269	776.239990234375
2240.90457490706	776.359985351563
2243.18451026388	776.359985351563
2245.46376152904	776.400024414063
2247.74232898823	776.159973144531
2250.02021292701	776.52001953125
2252.29741363077	776.200012207031
2254.57393138475	776.039978027344
2256.849766474	776.440002441406
2259.12491918346	775.719970703125
2261.39938979788	776.440002441406
2263.67317860185	775.719970703125
2265.94628587983	776.159973144531
2268.2187119161	775.760009765625
2270.49045699478	775.919982910156
2272.76152139985	776.119995117188
2275.03190541511	775.880004882813
2277.30160932421	775.47998046875
2279.57063341067	775.719970703125
2281.83897795781	776.080017089844
2284.10664324882	775.679992675781
2286.37362956672	775.760009765625
2288.63993719439	776.159973144531
2290.90556641454	776.159973144531
2293.17051750973	776
2295.43479076235	775.119995117188
2297.69838645465	775.919982910156
2299.96130486871	776.400024414063
2302.22354628647	775.799987792969
2304.48511098971	775.840026855469
2306.74599926003	775.559997558594
2309.00621137891	775.799987792969
2311.26574762765	776.039978027344
2313.52460828741	776.159973144531
2315.78279363917	775.559997558594
2318.04030396379	776.159973144531
2320.29713954195	775.840026855469
2322.55330065418	775.719970703125
2324.80878758085	776.280029296875
2327.06360060219	775.799987792969
2329.31773999826	775.640014648438
2331.57120604897	775.760009765625
2333.82399903409	775.799987792969
2336.0761192332	775.599975585938
2338.32756692577	775.640014648438
2340.57834239108	775.679992675781
2342.82844590827	775.440002441406
2345.07787775633	776.280029296875
2347.32663821409	775.840026855469
2349.57472756023	775.799987792969
2351.82214607327	775.239990234375
2354.06889403158	775.679992675781
2356.31497171337	775.320007324219
2358.56037939672	775.039978027344
2360.80511735953	775.599975585938
2363.04918587955	776.320007324219
2365.29258523439	775.52001953125
2367.5353157015	775.640014648438
2369.77737755817	775.039978027344
2372.01877108156	775.960021972656
2374.25949654865	776.159973144531
2376.49955423629	776.039978027344
2378.73894442115	775.719970703125
2380.97766737977	775.760009765625
2383.21572338855	775.559997558594
2385.45311272369	774.719970703125
2387.68983566129	775.47998046875
2389.92589247727	775.559997558594
2392.1612834474	775.239990234375
2394.39600884731	775.799987792969
2396.63006895246	775.359985351563
2398.86346403818	775.880004882813
2401.09619437962	775.719970703125
2403.32826025182	775.799987792969
2405.55966192963	775.239990234375
2407.79039968777	775.440002441406
2410.0204738008	775.440002441406
2412.24988454313	775.400024414063
2414.47863218902	775.159973144531
2416.70671701258	775.840026855469
2418.93413928778	775.440002441406
2421.16089928842	775.400024414063
2423.38699728817	775.359985351563
2425.61243356052	775.239990234375
2427.83720837884	775.080017089844
2430.06132201633	775.320007324219
2432.28477474606	775.719970703125
2434.50756684093	775.440002441406
2436.72969857371	775.599975585938
2438.95117021699	775.840026855469
2441.17198204325	775.039978027344
2443.39213432478	775.239990234375
2445.61162733376	775.47998046875
2447.83046134218	775.559997558594
2450.04863662192	775.47998046875
2452.26615344468	775.840026855469
2454.48301208203	775.359985351563
2456.69921280539	775.52001953125
2458.91475588602	774.719970703125
2461.12964159504	775.159973144531
2463.34387020342	774.840026855469
2465.55744198198	774.960021972656
2467.77035720139	775.119995117188
2469.98261613217	775.359985351563
2472.1942190447	775.280029296875
2474.40516620922	774.880004882813
2476.6154578958	775.159973144531
2478.82509437436	775.119995117188
2481.03407591471	775.52001953125
2483.24240278646	775.239990234375
2485.45007525911	775.119995117188
2487.65709360202	775.799987792969
2489.86345808435	775.880004882813
2492.06916897518	775.559997558594
2494.27422654339	775.359985351563
2496.47863105774	774.880004882813
2498.68238278683	775.359985351563
2500.88548199912	775.320007324219
2503.08792896294	775.47998046875
2505.28972394643	776.039978027344
2507.49086721763	775
2509.6913590444	775.239990234375
2511.89119969447	775.640014648438
2514.09038943543	774.960021972656
2516.2889285347	775.440002441406
2518.48681725957	775.960021972656
2520.6840558772	775
2522.88064465456	776
2525.07658385852	775.320007324219
2527.27187375578	775.52001953125
2529.4665146129	775.280029296875
2531.66050669629	775.239990234375
2533.85385027222	775.119995117188
2536.04654560681	775.559997558594
2538.23859296605	775.320007324219
2540.42999261577	775.039978027344
2542.62074482166	775.159973144531
2544.81084984925	775.799987792969
2547.00030796395	775.47998046875
2549.18911943101	775.719970703125
2551.37728451555	775.719970703125
2553.56480348252	775.760009765625
2555.75167659675	775.799987792969
2557.93790412292	776
2560.12348632556	775.559997558594
2562.30842346905	775.52001953125
2564.49271581764	775.640014648438
2566.67636363544	775.919982910156
2568.85936718639	775.119995117188
2571.04172673431	775.200012207031
2573.22344254288	775.679992675781
2575.40451487562	774.919982910156
2577.58494399591	775.52001953125
2579.76473016699	776.359985351563
2581.94387365196	775.719970703125
2584.12237471377	775.559997558594
2586.30023361523	775.359985351563
2588.47745061901	775.320007324219
2590.65402598763	775.599975585938
2592.82995998348	775.799987792969
2595.0052528688	775.960021972656
2597.17990490568	775.640014648438
2599.35391635608	775.039978027344
2601.52728748181	775.320007324219
2603.70001854454	775.599975585938
2605.8721098058	775.880004882813
2608.04356152698	775.760009765625
2610.21437396931	776.039978027344
2612.3845473939	776.159973144531
2614.55408206173	775.320007324219
2616.72297823359	775.359985351563
2618.89123617017	775.960021972656
2621.058856132	776.039978027344
2623.22583837949	775.559997558594
2625.39218317288	775.880004882813
2627.55789077229	775.400024414063
2629.72296143769	776.039978027344
2631.88739542891	775.679992675781
2634.05119300563	776.280029296875
2636.21435442742	775.799987792969
2638.37687995367	775.719970703125
2640.53876984365	776
2642.70002435649	775.760009765625
2644.86064375119	775.52001953125
2647.02062828658	775.719970703125
2649.17997822137	775.760009765625
2651.33869381413	776.320007324219
2653.49677532328	776.359985351563
2655.65422300711	775.52001953125
2657.81103712378	776.359985351563
2659.96721793127	776.239990234375
2662.12276568747	776
2664.2776806501	775.599975585938
2666.43196307675	775.239990234375
2668.58561322486	775.799987792969
2670.73863135176	775.719970703125
2672.8910177146	776.119995117188
2675.04277257043	775.640014648438
2677.19389617612	775.640014648438
2679.34438878845	776.159973144531
2681.49425066402	775.719970703125
2683.64348205931	775.799987792969
2685.79208323065	775.799987792969
2687.94005443425	775.52001953125
2690.08739592617	776.239990234375
2692.23410796233	775.52001953125
2694.38019079852	776.52001953125
2696.52564469038	777.200012207031
2698.67046989342	776.52001953125
2700.81466666302	776.119995117188
2702.9582352544	776.47998046875
2705.10117592265	776.239990234375
2707.24348892275	776.719970703125
2709.3851745095	776.599975585938
2711.5262329376	776.640014648438
2713.66666446158	776.080017089844
2715.80646933585	776.880004882813
2717.94564781468	777
2720.08420015222	777.599975585938
2722.22212660245	777.200012207031
2724.35942741923	777.280029296875
2726.49610285628	776.880004882813
2728.63215316721	777.119995117188
2730.76757860544	777.640014648438
2732.9023794243	777.440002441406
2735.03655587697	777.400024414063
2737.17010821648	777.599975585938
2739.30303669573	776.679992675781
2741.4353415675	776.919982910156
2743.56702308442	776.679992675781
2745.69808149898	776.880004882813
2747.82851706355	777.960021972656
2749.95833003034	776.880004882813
2752.08752065145	776.799987792969
2754.21608917883	777.039978027344
2756.3440358643	776.840026855469
2758.47136095954	777.159973144531
2760.59806471609	777.200012207031
2762.72414738537	777.200012207031
2764.84960921865	777.719970703125
2766.97445046708	777.359985351563
2769.09867138166	777.280029296875
2771.22227221326	776.679992675781
2773.34525321263	777.47998046875
2775.46761463035	777.400024414063
2777.58935671691	777.47998046875
2779.71047972262	777.640014648438
2781.83098389771	777.039978027344
2783.95086949221	777.52001953125
2786.07013675607	777.599975585938
2788.18878593908	777.559997558594
2790.3068172909	776.719970703125
2792.42423106106	777.080017089844
2794.54102749895	777.159973144531
2796.65720685384	777.919982910156
2798.77276937486	776.799987792969
2800.88771531098	777.239990234375
2803.00204491107	777.440002441406
2805.11575842387	777.359985351563
2807.22885609796	777.159973144531
2809.34133818179	777.960021972656
2811.4532049237	777.440002441406
2813.56445657189	778.440002441406
2815.6750933744	777.799987792969
2817.78511557916	777.760009765625
2819.89452343398	778.440002441406
2822.00331718652	778
2824.11149708429	778.119995117188
2826.2190633747	778.159973144531
2828.32601630502	778.080017089844
2830.43235612237	779.039978027344
2832.53808307375	778.840026855469
2834.64319740603	779.159973144531
2836.74769936595	779.919982910156
2838.85158920011	780.880004882813
2840.95486715497	780.52001953125
2843.05753347689	782
2845.15958841206	782.52001953125
2847.26103220657	783.159973144531
2849.36186510636	785.119995117188
2851.46208735724	785
2853.56169920488	785.559997558594
2855.66070089485	786.359985351563
2857.75909267257	787.159973144531
2859.85687478332	788.080017089844
2861.95404747225	789.679992675781
2864.05061098439	791.239990234375
2866.14656556464	794.080017089844
2868.24191145777	794.119995117188
2870.3366489084	796.119995117188
2872.43077816104	797.200012207031
2874.52429946006	797.200012207031
2876.61721304971	797.280029296875
2878.70951917409	797.760009765625
2880.8012180772	797.599975585938
2882.89231000287	798
2884.98279519483	798.200012207031
2887.07267389667	797.400024414063
2889.16194635186	797.239990234375
2891.25061280373	799.559997558594
2893.33867349546	801.719970703125
2895.42612867015	801.080017089844
2897.51297857074	799.679992675781
2899.59922344003	802.919982910156
2901.68486352071	802.799987792969
2903.76989905533	802.47998046875
2905.85433028632	804.760009765625
2907.93815745598	806.280029296875
2910.02138080648	806.280029296875
2912.10400057985	808.47998046875
2914.186017018	808.400024414063
2916.26743036271	810.400024414063
2918.34824085563	813.200012207031
2920.4284487383	815.599975585938
2922.5080542521	815.320007324219
2924.58705763829	816.559997558594
2926.66545913802	818.119995117188
2928.74325899231	818.359985351563
2930.82045744202	820
2932.89705472792	816.679992675781
2934.97305109062	818.799987792969
2937.04844677063	822.119995117188
2939.12324200832	823.440002441406
2941.19743704393	820.559997558594
2943.27103211757	819.599975585938
2945.34402746923	819.080017089844
2947.41642333876	817.359985351563
2949.48821996592	813.52001953125
2951.55941759028	815.239990234375
2953.63001645135	812.47998046875
2955.70001678845	812.200012207031
2957.76941884083	810.919982910156
2959.83822284757	810.400024414063
2961.90642904764	809.280029296875
2963.97403767988	809
2966.04104898302	809.320007324219
2968.10746319565	809.280029296875
2970.17328055621	807.840026855469
2972.23850130305	808.119995117188
2974.30312567438	807.159973144531
2976.36715390829	805.640014648438
2978.43058624273	806.400024414063
2980.49342291553	804.880004882813
2982.55566416439	804.159973144531
2984.61731022691	803.320007324219
2986.67836134051	802.039978027344
2988.73881774255	803.679992675781
2990.79867967021	803
2992.85794736058	799.440002441406
2994.9166210506	800.359985351563
2996.97470097711	799.159973144531
2999.03218737679	797.960021972656
3001.08908048622	795.919982910156
3003.14538054186	797.159973144531
3005.20108778002	796.799987792969
3007.25620243691	795.400024414063
3009.3107247486	795.359985351563
3011.36465495104	796.119995117188
3013.41799328004	795
3015.47073997133	794.400024414063
3017.52289526045	793.559997558594
3019.57445938288	794.080017089844
3021.62543257393	794.200012207031
3023.6758150688	793.640014648438
3025.72560710258	794.039978027344
3027.77480891021	793.840026855469
3029.82342072652	794.119995117188
3031.87144278622	795.640014648438
3033.91887532389	796.679992675781
3035.96571857399	795.159973144531
3038.01197277084	796.760009765625
3040.05763814867	796.080017089844
3042.10271494154	797
3044.14720338344	797.799987792969
3046.19110370818	797.119995117188
3048.2344161495	798.280029296875
3050.27714094097	799.719970703125
3052.31927831608	800.960021972656
3054.36082850816	801.320007324219
3056.40179175044	801.799987792969
3058.44216827602	800.679992675781
3060.48195831786	802.880004882813
3062.52116210884	803
3064.55977988167	801.159973144531
3066.59781186897	801.880004882813
3068.63525830322	803.559997558594
3070.67211941678	805.200012207031
3072.7083954419	806.320007324219
3074.7440866107	804.47998046875
3076.77919315516	804.039978027344
3078.81371530716	806.559997558594
3080.84765329846	806.440002441406
3082.88100736068	807.52001953125
3084.91377772534	806.52001953125
3086.94596462381	805.799987792969
3088.97756828737	806.840026855469
3091.00858894714	808.239990234375
3093.03902683417	809.799987792969
3095.06888217933	808.640014648438
3097.09815521342	810.080017089844
3099.12684616709	810.359985351563
3101.15495527087	810.440002441406
3103.18248275518	810.159973144531
3105.20942885031	813.919982910156
3107.23579378642	813.119995117188
3109.26157779358	813.320007324219
3111.28678110171	815.320007324219
3113.31140394062	818
3115.33544654	818.960021972656
3117.35890912942	818.880004882813
3119.38179193832	819.880004882813
3121.40409519602	822.47998046875
3123.42581913174	819.919982910156
3125.44696397457	818.760009765625
3127.46752995345	820.840026855469
3129.48751729725	824.679992675781
3131.50692623469	827.320007324219
3133.52575699436	824.840026855469
3135.54400980476	827.400024414063
3137.56168489425	828.239990234375
3139.57878249108	828.239990234375
3141.59530282337	828.400024414063
3143.61124611913	828.080017089844
3145.62661260624	827.280029296875
3147.64140251247	828.119995117188
3149.65561606547	830.719970703125
3151.66925349277	831.760009765625
3153.68231502177	833.039978027344
3155.69480087977	831.400024414063
3157.70671129394	831.760009765625
3159.71804649132	836.320007324219
3161.72880669886	838.799987792969
3163.73899214336	838.52001953125
3165.74860305152	838.440002441406
3167.75763964991	838.359985351563
3169.766102165	838.719970703125
3171.77399082313	841.599975585938
3173.7813058505	841.799987792969
3175.78804747323	841.119995117188
3177.79421591731	841
3179.79981140859	846.799987792969
3181.80483417282	845.080017089844
3183.80928443564	842.359985351563
3185.81316242255	849.400024414063
3187.81646835896	848.760009765625
3189.81920247013	846.880004882813
3191.82136498122	848.719970703125
3193.82295611727	849.159973144531
3195.82397610321	853.799987792969
3197.82442516385	856.119995117188
3199.82430352386	848.440002441406
3201.82361140782	852.799987792969
3203.82234904018	854.320007324219
3205.82051664529	853.039978027344
3207.81811444735	857.679992675781
3209.81514267047	857.400024414063
3211.81160153863	854.400024414063
3213.80749127571	853.52001953125
3215.80281210545	854.599975585938
3217.79756425148	855.880004882813
3219.79174793733	854.039978027344
3221.7853633864	854.919982910156
3223.77841082196	854.440002441406
3225.77089046719	858.080017089844
3227.76280254513	858.799987792969
3229.75414727873	859
3231.74492489081	864.760009765625
3233.73513560406	863.359985351563
3235.72477964107	857.919982910156
3237.71385722431	858.280029296875
3239.70236857614	866
3241.6903139188	864.599975585938
3243.6776934744	863.799987792969
3245.66450746496	861.320007324219
3247.65075611237	864.960021972656
3249.63643963841	866.919982910156
3251.62155826472	863.440002441406
3253.60611221287	857.599975585938
3255.59010170428	858.440002441406
3257.57352696026	861.679992675781
3259.55638820202	863.320007324219
3261.53868565064	865.200012207031
3263.52041952708	867.719970703125
3265.50159005221	867.640014648438
3267.48219744676	862.159973144531
3269.46224193136	860.239990234375
3271.44172372651	863.799987792969
3273.42064305262	867.919982910156
3275.39900012996	868.679992675781
3277.3767951787	867.039978027344
3279.35402841889	865.919982910156
3281.33070007047	868.960021972656
3283.30681035326	868.919982910156
3285.28235948698	866.799987792969
3287.25734769121	866.47998046875
3289.23177518544	867.840026855469
3291.20564218903	866.080017089844
3293.17894892124	858.640014648438
3295.1516956012	860.640014648438
3297.12388244795	864.320007324219
3299.09550968039	868.280029296875
3301.06657751732	868.52001953125
3303.03708617743	869.080017089844
3305.00703587929	867
3306.97642684135	862.960021972656
3308.94525928196	862.840026855469
3310.91353341935	865.080017089844
3312.88124947164	867.320007324219
3314.84840765683	863.960021972656
3316.81500819282	866.039978027344
3318.78105129738	866.280029296875
3320.74653718818	865.719970703125
3322.71146608278	866.47998046875
3324.67583819861	861.359985351563
3326.639653753	863.119995117188
3328.60291296317	862.799987792969
3330.56561604621	864.799987792969
3332.52776321913	861.559997558594
3334.4893546988	863.799987792969
3336.45039070198	864.599975585938
3338.41087144533	860.200012207031
3340.37079714539	864.760009765625
3342.33016801859	864.080017089844
3344.28898428124	862.919982910156
3346.24724614955	868.320007324219
3348.20495383962	863.760009765625
3350.16210756742	862.159973144531
3352.11870754883	864.719970703125
3354.07475399961	860.880004882813
3356.03024713539	860.799987792969
3357.98518717173	861.799987792969
3359.93957432403	864.840026855469
3361.89340880761	863.080017089844
3363.84669083768	862.719970703125
3365.79942062933	861.320007324219
3367.75159839753	861.960021972656
3369.70322435715	864.200012207031
3371.65429872295	865.080017089844
3373.60482170957	868.359985351563
3375.55479353155	870.799987792969
3377.50421440332	867.599975585938
3379.45308453918	863.919982910156
3381.40140415335	865.159973144531
3383.34917345991	861.640014648438
3385.29639267284	862.080017089844
3387.24306200602	868.47998046875
3389.18918167321	869.799987792969
3391.13475188806	869.280029296875
3393.07977286411	865.52001953125
3395.02424481479	861.799987792969
3396.96816795342	865.359985351563
3398.91154249322	866.47998046875
3400.85436864728	864.440002441406
3402.79664662859	868.960021972656
3404.73837665004	868.760009765625
3406.67955892439	862.919982910156
3408.62019366432	866.679992675781
3410.56028108236	866.679992675781
3412.49982139096	869.559997558594
3414.43881480247	867.47998046875
3416.37726152909	867.280029296875
3418.31516178295	870.840026855469
3420.25251577605	867.760009765625
3422.18932372029	867.599975585938
3424.12558582746	868.320007324219
3426.06130230922	869.159973144531
3427.99647337717	867.919982910156
3429.93109924274	864.559997558594
3431.8651801173	862.320007324219
3433.79871621209	862.679992675781
3435.73170773824	863.599975585938
3437.66415490678	865.359985351563
3439.59605792862	865.840026855469
3441.52741701458	866.760009765625
3443.45823237536	867.320007324219
3445.38850422154	862.719970703125
3447.31823276362	859.960021972656
3449.24741821196	859.880004882813
3451.17606077684	857.080017089844
3453.10416066842	858.599975585938
3455.03171809674	859.119995117188
3456.95873327175	859.52001953125
3458.88520640329	856.200012207031
3460.81113770109	857.719970703125
3462.73652737477	856.200012207031
3464.66137563383	853.960021972656
3466.58568268769	856.52001953125
3468.50944874565	856.359985351563
3470.43267401689	858.119995117188
3472.3553587105	859.679992675781
3474.27750303545	855.359985351563
3476.19910720062	846.880004882813
3478.12017141476	846.919982910156
3480.04069588654	851.440002441406
3481.9606808245	855.039978027344
3483.88012643707	854.400024414063
3485.79903293259	852.880004882813
3487.7174005193	847.640014648438
3489.63522940532	846.719970703125
3491.55251979864	846.200012207031
3493.46927190719	846.960021972656
3495.38548593877	843.119995117188
3497.30116210107	840.760009765625
3499.21630060167	842.039978027344
3501.13090164807	841.719970703125
3503.04496544763	838.400024414063
3504.95849220763	839.840026855469
3506.87148213523	840.799987792969
3508.78393543748	842.400024414063
3510.69585232134	841.760009765625
3512.60723299365	840.559997558594
3514.51807766116	838.359985351563
3516.42838653049	838.159973144531
3518.33815980819	834.679992675781
3520.24739770066	832.159973144531
3522.15610041423	832.119995117188
3524.06426815511	830.440002441406
3525.9719011294	830.200012207031
3527.87899954311	831.52001953125
3529.78556360213	831.200012207031
3531.69159351225	829.559997558594
3533.59708947916	827.960021972656
3535.50205170844	828.159973144531
3537.40648040556	827.799987792969
3539.3103757759	825.919982910156
3541.21373802472	824.280029296875
3543.11656735717	822.280029296875
3545.01886397833	820.200012207031
3546.92062809313	821.719970703125
3548.82185990643	823.919982910156
3550.72255962297	824.039978027344
3552.62272744738	821.159973144531
3554.5223635842	817.919982910156
3556.42146823786	817.52001953125
3558.32004161268	815.239990234375
3560.21808391289	814.280029296875
3562.11559534259	814.880004882813
3564.01257610581	814.400024414063
3565.90902640645	814.159973144531
3567.80494644831	812.679992675781
3569.7003364351	812.799987792969
3571.59519657042	814.200012207031
3573.48952705774	814.719970703125
3575.38332810048	814.400024414063
3577.27659990191	813.559997558594
3579.16934266521	813.200012207031
3581.06155659346	812.919982910156
3582.95324188965	811.760009765625
3584.84439875663	809.719970703125
3586.73502739718	809
3588.62512801397	805.719970703125
3590.51470080955	807.880004882813
3592.40374598639	806.440002441406
3594.29226374685	806.159973144531
3596.18025429317	806.359985351563
3598.06771782751	803.559997558594
3599.95465455192	803.239990234375
3601.84106466834	801.52001953125
3603.72694837861	803.599975585938
3605.61230588447	803.440002441406
3607.49713738756	802.799987792969
3609.38144308942	804.119995117188
3611.26522319148	804.280029296875
3613.14847789506	801.52001953125
3615.0312074014	800.039978027344
3616.91341191162	798.840026855469
3618.79509162674	797.919982910156
3620.67624674769	799.400024414063
3622.55687747528	798.039978027344
3624.43698401024	798.880004882813
3626.31656655317	797.919982910156
3628.1956253046	799.080017089844
3630.07416046492	798.440002441406
3631.95217223446	795.159973144531
3633.82966081342	795.960021972656
3635.70662640191	794.880004882813
3637.58306919993	793.320007324219
3639.45898940739	792.119995117188
3641.33438722409	793.760009765625
3643.20926284973	792.799987792969
3645.08361648392	791.840026855469
3646.95744832614	791.919982910156
3648.8307585758	792.080017089844
3650.7035474322	791.280029296875
3652.57581509452	789.960021972656
3654.44756176188	790.280029296875
3656.31878763324	791.400024414063
3658.18949290753	789.239990234375
3660.05967778352	787.840026855469
3661.9293424599	788.760009765625
3663.79848713527	788.200012207031
3665.66711200812	787.719970703125
3667.53521727684	787.159973144531
3669.40280313972	785.760009765625
3671.26986979494	785.52001953125
3673.13641744059	784.359985351563
3675.00244627468	784.039978027344
