-140.373595351881	771.119995117188
-137.335129063906	770.760009765625
-134.297686810867	770.719970703125
-131.261268103955	770.599975585938
-128.225872454677	770.799987792969
-125.191499374839	770.47998046875
-122.158148376567	770.719970703125
-119.125818972292	770.960021972656
-116.094510674759	770.880004882813
-113.064222997021	770.840026855469
-110.034955452443	770.47998046875
-107.006707554687	770.760009765625
-103.979478817741	770.960021972656
-100.95326875589	770.640014648438
-97.928076883731	770.719970703125
-94.9039027161698	770.719970703125
-91.8807457684175	770.080017089844
-88.8586055560018	770.880004882813
-85.8374815947384	770.880004882813
-82.8173734007715	770.880004882813
-79.7982804905411	771.280029296875
-76.7802023807988	770.640014648438
-73.7631385885914	770.919982910156
-70.7470886312892	770.640014648438
-67.732052026553	770.880004882813
-64.7180282923587	770.599975585938
-61.7050169469884	770.760009765625
-58.6930175090183	770.919982910156
-55.6820294973386	771.080017089844
-52.6720524311495	771
-49.66308582994	771.039978027344
-46.6551292135171	770.760009765625
-43.6481821019882	771
-40.6422440157577	770.840026855469
-37.6373144755424	771.239990234375
-34.6333930023594	771.039978027344
-31.630479117526	771.239990234375
-28.6285723426709	771.559997558594
-25.6276721997107	771.400024414063
-22.6277782108771	770.719970703125
-19.628889898701	771
-16.6310067860081	771.679992675781
-13.6341283959385	773.52001953125
-10.6382542519231	783.799987792969
-7.64338387769432	820.52001953125
-4.64951679729502	859
-1.65665253506141	848.119995117188
1.33520938438089	810.799987792969
4.32606943608095	780.400024414063
7.315928094803	772.239990234375
10.3047858350146	770.719970703125
13.2926431308747	770.840026855469
16.2795004562541	771.039978027344
19.2653582847118	770.599975585938
22.2502170895187	770.799987792969
25.2340773436344	770.559997558594
28.216939519735	771.080017089844
31.1988040901939	770.640014648438
34.1796715270814	770.599975585938
37.1595423021732	770.760009765625
40.1384168869468	770.719970703125
43.1162957525854	770.760009765625
46.0931793699786	770.359985351563
49.0690682097059	770.239990234375
52.0439627420619	770.960021972656
55.0178634370476	771
57.9907707643592	770.880004882813
60.9626851933962	770.559997558594
63.9336071932735	771
66.9035372328018	771
69.8724757804959	770.960021972656
72.8404233045826	770.799987792969
75.8073802729932	770.52001953125
78.7733471533597	770.719970703125
81.738324413019	770.719970703125
84.702312519025	770.840026855469
87.665311938125	770.679992675781
90.6273231367761	770.919982910156
93.5883465811569	771
96.5483827371242	770.640014648438
99.5074320702731	770.840026855469
102.465495045889	770.880004882813
105.422572128961	771.280029296875
108.378663784199	770.640014648438
111.333770476014	770.760009765625
114.287892668528	770.880004882813
117.24103082557	771.119995117188
120.193185410674	770.880004882813
123.144356887097	771.359985351563
126.094545717786	771.159973144531
129.043752365413	771.840026855469
131.991977292355	771.960021972656
134.939220960695	772.200012207031
137.885483832232	772.440002441406
140.83076636847	773.47998046875
143.775069030632	773.239990234375
146.718392279644	773.799987792969
149.660736576149	774.47998046875
152.602102380488	775.159973144531
155.54249015274	775.559997558594
158.481900352672	776.47998046875
161.420333439765	775.919982910156
164.357789873227	777
167.294270111968	778.080017089844
170.229774614617	778.719970703125
173.164303839496	779.320007324219
176.097858244675	779.760009765625
179.030438287908	780.880004882813
181.962044426678	782.119995117188
184.89267711817	782.640014648438
187.822336819302	783
190.751023986678	783.440002441406
193.678739076648	783.320007324219
196.605482545255	784.599975585938
199.531254848261	784.400024414063
202.456056441152	784.320007324219
205.379887779119	784.119995117188
208.30274931708	784.039978027344
211.224641509656	783.799987792969
214.145564811189	784.52001953125
217.06551967574	784.960021972656
219.984506557089	784.47998046875
222.902525908723	784.599975585938
225.819578183856	784.440002441406
228.735663835415	784.47998046875
231.650783316047	784.359985351563
234.564937078107	784.159973144531
237.478125573679	784.280029296875
240.390349254566	783.880004882813
243.301608572278	784.559997558594
246.211903978051	784.719970703125
249.121235922839	785.320007324219
252.029604857321	786.119995117188
254.93701123188	785.880004882813
257.843455496632	787.799987792969
260.748938101415	787.760009765625
263.653459495766	788.080017089844
266.557020128967	788.239990234375
269.459620450005	789.159973144531
272.361260907595	789.400024414063
275.261941950168	788.960021972656
278.161664025874	788.880004882813
281.060427582592	789.440002441406
283.958233067921	789.119995117188
286.855080929176	789
289.750971613398	788.719970703125
292.645905567344	788.52001953125
295.539883237503	786.880004882813
298.432905070079	787.47998046875
301.324971511007	786.799987792969
304.216083005931	788.080017089844
307.10624000023	789.080017089844
309.995442939003	789.760009765625
312.883692267071	795.039978027344
315.770988428979	798.719970703125
318.657331869	803.599975585938
321.542723031127	805.359985351563
324.427162359076	803.919982910156
327.310650296293	799.280029296875
330.193187285945	793.880004882813
333.074773770929	789.880004882813
335.955410193855	788.039978027344
338.835096997075	786.47998046875
341.713834622655	786.119995117188
344.59162351239	786.200012207031
347.468464107802	785.440002441406
350.344356850137	785.559997558594
353.219302180373	786.080017089844
356.093300539208	786.159973144531
358.966352367073	786.159973144531
361.838458104123	785.52001953125
364.70961819024	785
367.579833065031	784.640014648438
370.449103167837	784.599975585938
373.317428937727	784.960021972656
376.184810813496	784.159973144531
379.051249233659	785.280029296875
381.916744636474	785.080017089844
384.78129745992	784.840026855469
387.644908141706	784.799987792969
390.50757711927	785.239990234375
393.36930482978	784.919982910156
396.23009171014	785.960021972656
399.089938196969	785.119995117188
401.948844726631	784.719970703125
404.806811735214	784.280029296875
407.66383965853	785.400024414063
410.519928932138	785.119995117188
413.375079991314	785.760009765625
416.229293271071	785.280029296875
419.082569206155	785.320007324219
421.934908231031	785.440002441406
424.786310779917	784.559997558594
427.636777286748	784.919982910156
430.486308185189	784.760009765625
433.334903908649	784.840026855469
436.182564890262	784.320007324219
439.029291562898	786.200012207031
441.875084359157	784.880004882813
444.719943711374	785.47998046875
447.563870051618	785.400024414063
450.406863811695	785.239990234375
453.248925423132	785.239990234375
456.090055317208	784.47998046875
458.93025392492	783.960021972656
461.76952167701	785.119995117188
464.60785900395	784.719970703125
467.44526633595	785.080017089844
470.281744102955	784.280029296875
473.117292734635	785.119995117188
475.951912660415	785.239990234375
478.785604309439	785.080017089844
481.618368110592	785.159973144531
484.450204492499	784.200012207031
487.281113883518	785.280029296875
490.111096711738	784.640014648438
492.940153404999	785.080017089844
495.768284390864	785.039978027344
498.595490096635	785.640014648438
501.421770949366	785.159973144531
504.247127375825	786.239990234375
507.071559802537	785.640014648438
509.89506865575	784.760009765625
512.717654361473	785.599975585938
515.539317345424	785.440002441406
518.360058033083	785.840026855469
521.179876849652	784.679992675781
523.998774220083	785.400024414063
526.816750569068	785.640014648438
529.633806321025	785.200012207031
532.44994190013	785.400024414063
535.265157730284	785.599975585938
538.079454235133	785.760009765625
540.892831838066	784.359985351563
543.705290962208	785.359985351563
546.516832030424	784.080017089844
549.32745546533	784.919982910156
552.137161689268	785.080017089844
554.945951124325	784.080017089844
557.753824192341	783.559997558594
560.560781314883	785.159973144531
563.36682291327	784.47998046875
566.171949408555	784.559997558594
568.976161221537	784.840026855469
571.779458772759	784.760009765625
574.5818424825	784.960021972656
577.383312770792	784.679992675781
580.183870057402	784.599975585938
582.983514761843	785.280029296875
585.782247303363	785.280029296875
588.580068100976	784.320007324219
591.376977573414	784.719970703125
594.172976139164	784.280029296875
596.968064216463	784.239990234375
599.762242223282	783.880004882813
602.555510577335	783.919982910156
605.347869696099	784
608.139319996771	784.039978027344
610.929861896313	783.840026855469
613.719495811421	783.719970703125
616.508222158541	783.320007324219
619.296041353863	783.840026855469
622.082953813324	784.880004882813
624.868959952607	784.320007324219
627.654060187137	784.400024414063
630.438254932094	784.440002441406
633.221544602397	784.280029296875
636.003929612719	784.599975585938
638.785410377468	784.239990234375
641.565987310814	785.280029296875
644.345660826665	785.359985351563
647.124431338674	784.239990234375
649.902299260252	784.679992675781
652.679265004552	783.960021972656
655.455328984475	783.280029296875
658.230491612671	784.359985351563
661.004753301541	784.719970703125
663.778114463229	784.919982910156
666.550575509631	784.400024414063
669.322136852395	784.640014648438
672.092798902916	784.919982910156
674.862562072336	784.400024414063
677.631426771548	785.039978027344
680.399393411204	784.559997558594
683.166462401689	784.679992675781
685.93263415315	784.679992675781
688.697909075486	784.239990234375
691.462287578337	784.359985351563
694.225770071098	783.599975585938
696.988356962926	784.039978027344
699.750048662705	783.440002441406
702.5108455791	784.440002441406
705.270748120503	784.119995117188
708.029756695068	784.039978027344
710.787871710705	784.400024414063
713.545093575065	784.840026855469
716.301422695566	784.599975585938
719.056859479364	783.960021972656
721.811404333376	784.760009765625
724.56505766427	784.640014648438
727.317819878473	784.280029296875
730.069691382148	784.719970703125
732.820672581226	783.919982910156
735.570763881396	785.039978027344
738.319965688092	785.320007324219
741.068278406496	784.799987792969
743.815702441559	785.159973144531
746.562238197974	785.280029296875
749.307886080196	784.760009765625
752.052646492436	785.119995117188
754.796519838656	784.440002441406
757.539506522567	784.52001953125
760.28160694765	785.799987792969
763.022821517128	785.440002441406
765.76315063399	785.52001953125
768.502594700972	785.400024414063
771.241154120572	785.200012207031
773.978829295045	786
776.715620626397	785.719970703125
779.451528516396	786.200012207031
782.186553366565	786.080017089844
784.920695578179	787.52001953125
787.653955552283	787.679992675781
790.386333689662	787.599975585938
793.117830390877	786.359985351563
795.848446056227	785.52001953125
798.578181085792	784.47998046875
801.307035879389	785.159973144531
804.035010836599	784.080017089844
806.762106356774	783.719970703125
809.488322839013	785.359985351563
812.213660682169	785.119995117188
814.938120284866	784.47998046875
817.661702045482	785.119995117188
820.384406362153	785.599975585938
823.10623363278	785.159973144531
825.827184255014	785.960021972656
828.547258626283	784.960021972656
831.266457143747	784.280029296875
833.984780204358	784.559997558594
836.702228204804	784.280029296875
839.418801541552	784.599975585938
842.134500610814	784.440002441406
844.849325808575	784.039978027344
847.563277530579	783.960021972656
850.276356172319	784.919982910156
852.988562129066	785.119995117188
855.69989579585	785.280029296875
858.410357567456	784.960021972656
861.119947838428	785.440002441406
863.828667003087	784.760009765625
866.536515455503	784.239990234375
869.243493589517	784.52001953125
871.949601798728	783.919982910156
874.654840476504	783.52001953125
877.359210015961	783.840026855469
880.062710810003	785.440002441406
882.765343251273	784.719970703125
885.467107732191	783.559997558594
888.168004644938	784.960021972656
890.868034381467	783.640014648438
893.567197333476	783.719970703125
896.265493892445	785.280029296875
898.962924449614	785.039978027344
901.659489395985	785
904.355189122325	784.840026855469
907.050024019165	784.080017089844
909.743994476809	784
912.437100885322	784.599975585938
915.129343634532	783.400024414063
917.820723114032	784.039978027344
920.511239713189	784.880004882813
923.200893821127	784.320007324219
925.889685826744	785.119995117188
928.577616118699	784.880004882813
931.264685085419	784.840026855469
933.950893115098	785.080017089844
936.6362405957	784.919982910156
939.320727914956	785.359985351563
942.004355460359	785.119995117188
944.687123619173	785.47998046875
947.369032778431	785.320007324219
950.050083324934	785
952.730275645247	784.400024414063
955.409610125711	785.679992675781
958.088087152423	785.52001953125
960.765707111263	784.840026855469
963.442470387871	785.640014648438
966.118377367657	785.320007324219
968.793428435798	784.080017089844
971.467623977254	785
974.140964376739	783.919982910156
976.813450018737	785.039978027344
979.485081287511	785.320007324219
982.155858567087	785.559997558594
984.825782241271	784.359985351563
987.494852693624	785.47998046875
990.163070307487	784.280029296875
992.830435465978	784.919982910156
995.496948551973	785.080017089844
998.162609948122	786.799987792969
1000.82742003685	788.200012207031
1003.49137920036	788.919982910156
1006.15448782061	789.119995117188
1008.81674627934	787.200012207031
1011.47815495806	787.159973144531
1014.13871423805	784.760009765625
1016.79842450037	784.200012207031
1019.45728612586	784
1022.11529949509	783.640014648438
1024.77246498846	784.320007324219
1027.4287829861	783.840026855469
1030.08425386792	785.239990234375
1032.73887801363	784.640014648438
1035.3926558027	784.440002441406
1038.04558761435	784.960021972656
1040.69767382761	783.880004882813
1043.34891482125	784.960021972656
1045.99931097384	783.320007324219
1048.64886266371	784.919982910156
1051.29757026898	785.159973144531
1053.94543416753	784.559997558594
1056.59245473701	784.799987792969
1059.23863235486	784.359985351563
1061.8839673983	784.080017089844
1064.5284602443	784.559997558594
1067.17211126962	784.919982910156
1069.8149208508	784.159973144531
1072.45688936415	784.159973144531
1075.09801718577	784
1077.7383046915	784.719970703125
1080.377752257	785.640014648438
1083.01636025767	785.640014648438
1085.65412906872	785.400024414063
1088.2910590651	785.400024414063
1090.92715062157	786.159973144531
1093.56240411266	785.719970703125
1096.19681991265	785.320007324219
1098.83039839564	785.599975585938
1101.46313993547	786.239990234375
1104.09504490579	786.280029296875
1106.72611368	785.159973144531
1109.35634663129	784.159973144531
1111.98574413263	784.200012207031
1114.61430655677	783.679992675781
1117.24203427624	783.840026855469
1119.86892766333	782.960021972656
1122.49498709014	783.919982910156
1125.12021292851	784
1127.74460555011	785.159973144531
1130.36816532634	783.640014648438
1132.99089262841	783.47998046875
1135.6127878273	783.280029296875
1138.23385129376	783.119995117188
1140.85408339834	782.359985351563
1143.47348451137	781.960021972656
1146.09205500294	782.799987792969
1148.70979524293	783.320007324219
1151.326705601	782
1153.9427864466	782.799987792969
1156.55803814896	782.960021972656
1159.17246107707	783.159973144531
1161.78605559974	782.760009765625
1164.39882208551	783.320007324219
1167.01076090276	782.799987792969
1169.6218724196	783.880004882813
1172.23215700396	783.280029296875
1174.84161502352	783.039978027344
1177.45024684578	783
1180.05805283799	784.119995117188
1182.66503336719	783.840026855469
1185.27118880021	782.359985351563
1187.87651950367	782.960021972656
1190.48102584395	782.960021972656
1193.08470818723	782.760009765625
1195.68756689948	783.239990234375
1198.28960234643	783.919982910156
1200.89081489363	784.52001953125
1203.49120490636	784.919982910156
1206.09077274974	784
1208.68951878864	784.320007324219
1211.28744338773	784.880004882813
1213.88454691145	785.159973144531
1216.48082972404	784.320007324219
1219.07629218953	785.47998046875
1221.6709346717	785.760009765625
1224.26475753416	785.960021972656
1226.85776114028	786.320007324219
1229.44994585322	786.119995117188
1232.04131203592	786.840026855469
1234.63186005112	787.280029296875
1237.22159026133	788.599975585938
1239.81050302886	788.320007324219
1242.3985987158	788.880004882813
1244.98587768402	788.919982910156
1247.5723402952	788.880004882813
1250.15798691078	789.280029296875
1252.74281789199	788.880004882813
1255.32683359987	789.159973144531
1257.91003439523	789.119995117188
1260.49242063865	788.880004882813
1263.07399269055	788.400024414063
1265.65475091108	788.039978027344
1268.23469566021	787.840026855469
1270.81382729769	786.679992675781
1273.39214618306	787.320007324219
1275.96965267566	787.47998046875
1278.54634713458	787.200012207031
1281.12222991875	787.119995117188
1283.69730138685	787.919982910156
1286.27156189737	787.919982910156
1288.84501180858	787.919982910156
1291.41765147853	786.960021972656
1293.98948126509	788.280029296875
1296.56050152589	787.640014648438
1299.13071261837	787.080017089844
1301.70011489973	787.960021972656
1304.268708727	788.919982910156
1306.83649445698	788.400024414063
1309.40347244625	789.440002441406
1311.96964305119	788.400024414063
1314.53500662799	789.320007324219
1317.0995635326	789.159973144531
1319.66331412077	788.960021972656
1322.22625874806	789.080017089844
1324.7883977698	787.799987792969
1327.34973154112	789.599975585938
1329.91026041694	789.559997558594
1332.46998475197	788.080017089844
1335.0289049007	788.919982910156
1337.58702121746	789.320007324219
1340.14433405631	789.719970703125
1342.70084377115	788.559997558594
1345.25655071563	788.52001953125
1347.81145524323	787.799987792969
1350.36555770721	786.840026855469
1352.91885846062	786.039978027344
1355.47135785631	785.679992675781
1358.02305624691	785.880004882813
1360.57395398486	785.640014648438
1363.12405142237	784.200012207031
1365.67334891148	784.080017089844
1368.22184680399	784.239990234375
1370.76954545151	784.719970703125
1373.31644520545	784.719970703125
1375.86254641699	785.119995117188
1378.40784943713	784.039978027344
1380.95235461666	783.320007324219
1383.49606230615	783.719970703125
1386.03897285598	784.719970703125
1388.58108661632	784.599975585938
1391.12240393713	785.200012207031
1393.66292516818	783.320007324219
1396.20265065903	783.679992675781
1398.74158075901	783.559997558594
1401.2797158173	783.559997558594
1403.81705618282	784.080017089844
1406.35360220431	784.159973144531
1408.88935423032	784.679992675781
1411.42431260919	783.960021972656
1413.95847768903	784.880004882813
1416.49184981777	783.719970703125
1419.02442934314	783.760009765625
1421.55621661266	784.239990234375
1424.08721197364	784.52001953125
1426.61741577321	784.039978027344
1429.14682835828	783.960021972656
1431.67545007555	784.640014648438
1434.20328127153	784.880004882813
1436.73032229253	786.039978027344
1439.25657348466	786.880004882813
1441.78203519381	786.840026855469
1444.3067077657	787.919982910156
1446.83059154581	788.679992675781
1449.35368687944	789.52001953125
1451.8759941117	790.559997558594
1454.39751358748	789.599975585938
1456.91824565148	788.599975585938
1459.43819064818	788.919982910156
1461.95734892189	788.440002441406
1464.4757208167	788.52001953125
1466.99330667649	787.960021972656
1469.51010684497	786.52001953125
1472.02612166564	786.400024414063
1474.54135148177	784.359985351563
1477.05579663646	784.280029296875
1479.56945747262	785.239990234375
1482.08233433293	784.119995117188
1484.59442755989	784.200012207031
1487.10573749579	784.320007324219
1489.61626448275	783.960021972656
1492.12600886264	783.159973144531
1494.63497097718	782.119995117188
1497.14315116786	781.400024414063
1499.65054977599	780.919982910156
1502.15716714267	780.760009765625
1504.66300360881	780.320007324219
1507.16805951512	780.880004882813
1509.67233520211	781
1512.1758310101	780.47998046875
1514.67854727919	780.960021972656
1517.18048434931	779.960021972656
1519.68164256018	780
1522.18202225132	779.52001953125
1524.68162376207	780.320007324219
1527.18044743155	780.52001953125
1529.67849359869	780.080017089844
1532.17576260224	780.280029296875
1534.67225478072	780.47998046875
1537.1679704725	780.47998046875
1539.66291001572	780.559997558594
1542.15707374832	780.799987792969
1544.65046200807	779.719970703125
1547.14307513254	780.599975585938
1549.63491345907	781.52001953125
1552.12597732485	781.719970703125
1554.61626706685	781.239990234375
1557.10578302185	782
1559.59452552644	781.599975585938
1562.082494917	782.679992675781
1564.56969152973	781.760009765625
1567.05611570064	781.719970703125
1569.54176776552	783.200012207031
1572.02664806	783.599975585938
1574.51075691949	784.039978027344
1576.99409467921	784.47998046875
1579.4766616742	784.599975585938
1581.95845823929	784.47998046875
1584.43948470912	784.599975585938
1586.91974141815	784.159973144531
1589.39922870064	783.440002441406
1591.87794689064	784.320007324219
1594.35589632202	783.039978027344
1596.83307732848	783.280029296875
1599.30949024348	784.080017089844
1601.78513540033	784.960021972656
1604.26001313211	784.599975585938
1606.73412377175	784.320007324219
1609.20746765196	784.719970703125
1611.68004510526	784.840026855469
1614.15185646398	784.760009765625
1616.62290206026	784.760009765625
1619.09318222605	784.640014648438
1621.56269729311	785
1624.031447593	785.440002441406
1626.4994334571	784.960021972656
1628.9666552166	786.52001953125
1631.43311320248	785.840026855469
1633.89880774554	786.320007324219
1636.3637391764	787.159973144531
1638.82790782548	787.239990234375
1641.29131402301	787.359985351563
1643.75395809903	787.400024414063
1646.21584038339	787.840026855469
1648.67696120575	788
1651.13732089558	789.200012207031
1653.59691978216	789.599975585938
1656.05575819459	790.559997558594
1658.51383646175	789.200012207031
1660.97115491238	789.400024414063
1663.42771387498	789.47998046875
1665.8835136779	790.119995117188
1668.33855464928	789.320007324219
1670.79283711708	789.559997558594
1673.24636140907	789.119995117188
1675.69912785282	787.080017089844
1678.15113677572	786.919982910156
1680.602388505	785.799987792969
1683.05288336764	785.880004882813
1685.50262169049	786.359985351563
1687.95160380019	784.400024414063
1690.39983002318	783.840026855469
1692.84730068573	782.359985351563
1695.29401611392	782.640014648438
1697.73997663364	782.280029296875
1700.18518257059	780.960021972656
1702.6296342503	779.960021972656
1705.07333199807	779.559997558594
1707.51627613907	779.47998046875
1709.95846699824	779.880004882813
1712.39990490036	779.239990234375
1714.84059017001	778.640014648438
1717.28052313159	778.719970703125
1719.7197041093	778.719970703125
1722.15813342718	778.440002441406
1724.59581140906	778.119995117188
1727.03273837859	778.080017089844
1729.46891465926	777.47998046875
1731.90434057432	777.919982910156
1734.3390164469	777.919982910156
1736.7729425999	777.52001953125
1739.20611935604	777.080017089844
1741.63854703787	777.039978027344
1744.07022596776	776.960021972656
1746.50115646787	777.320007324219
1748.93133886019	777.039978027344
1751.36077346652	776.400024414063
1753.7894606085	776.200012207031
1756.21740060755	776.559997558594
1758.64459378494	776.320007324219
1761.07104046172	777.039978027344
1763.49674095879	776.280029296875
1765.92169559684	777
1768.3459046964	776.52001953125
1770.7693685778	776.159973144531
1773.1920875612	776.359985351563
1775.61406196656	776.52001953125
1778.03529211367	776.799987792969
1780.45577832214	776.400024414063
1782.87552091138	776.880004882813
1785.29452020064	775.960021972656
1787.71277650897	776.440002441406
1790.13029015525	775.640014648438
1792.54706145817	776.080017089844
1794.96309073625	775.880004882813
1797.3783783078	775.960021972656
1799.79292449097	776.039978027344
1802.20672960375	776.320007324219
1804.61979396389	776.280029296875
1807.03211788902	776.320007324219
1809.44370169655	776.119995117188
1811.85454570373	776.52001953125
1814.2646502276	776.080017089844
1816.67401558506	775.880004882813
1819.0826420928	776.159973144531
1821.49053006734	776.239990234375
1823.89767982501	776.400024414063
1826.30409168198	775.880004882813
1828.70976595422	775.679992675781
1831.11470295753	776.239990234375
1833.51890300752	775.719970703125
1835.92236641964	775.760009765625
1838.32509350914	775.719970703125
1840.72708459111	776.359985351563
1843.12833998044	775.599975585938
1845.52885999184	775.47998046875
1847.92864493987	775.840026855469
1850.32769513889	775.440002441406
1852.72601090307	775.559997558594
1855.12359254642	776.280029296875
1857.52044038278	775.760009765625
1859.91655472578	775.280029296875
1862.31193588889	776.119995117188
1864.70658418542	775.039978027344
1867.10049992847	775.47998046875
1869.49368343096	775.719970703125
1871.88613500568	775.880004882813
1874.27785496518	775.719970703125
1876.66884362188	776
1879.059101288	776.280029296875
1881.44862827559	775.799987792969
1883.8374248965	775.52001953125
1886.22549146246	775.320007324219
1888.61282828495	776.640014648438
1890.99943567534	775.47998046875
1893.38531394477	775.640014648438
1895.77046340424	775.52001953125
1898.15488436455	775.599975585938
1900.53857713634	775.440002441406
1902.92154203006	775.760009765625
1905.303779356	775.640014648438
1907.68528942426	775.52001953125
1910.06607254477	775.52001953125
1912.44612902729	775.760009765625
1914.82545918139	776.200012207031
1917.20406331648	775.599975585938
1919.58194174178	776.080017089844
1921.95909476634	776.119995117188
1924.33552269905	776.080017089844
1926.71122584861	775.400024414063
1929.08620452353	775.080017089844
1931.46045903219	775.280029296875
1933.83398968275	774.799987792969
1936.20679678322	776.200012207031
1938.57888064142	775.559997558594
1940.95024156502	775.640014648438
1943.3208798615	776.119995117188
1945.69079583816	776.119995117188
1948.05998980213	775.359985351563
1950.42846206038	775.280029296875
1952.79621291969	775.760009765625
1955.16324268668	775.960021972656
1957.52955166778	775.440002441406
1959.89514016927	775.679992675781
1962.26000849723	776.039978027344
1964.62415695759	776
1966.98758585609	775.799987792969
1969.3502954983	775.719970703125
1971.71228618964	775.880004882813
1974.07355823532	775.960021972656
1976.43411194042	775.599975585938
1978.79394760981	775.640014648438
1981.1530655482	776.359985351563
1983.51146606014	775.559997558594
1985.86914944999	776.080017089844
1988.22611602196	775.599975585938
1990.58236608007	776.280029296875
1992.93789992817	775.719970703125
1995.29271786995	775.840026855469
1997.64682020892	776.039978027344
2000.00020724843	775.239990234375
2002.35287929162	775.320007324219
2004.70483664152	776.159973144531
2007.05607960095	776
2009.40660847256	776.239990234375
2011.75642355884	775.679992675781
2014.1055251621	776.039978027344
2016.4539135845	775.679992675781
2018.80158912802	775.960021972656
2021.14855209444	776
2023.49480278542	776.119995117188
2025.84034150242	775.559997558594
2028.18516854673	775.799987792969
2030.52928421948	776.159973144531
2032.87268882163	775.719970703125
2035.21538265398	775.719970703125
2037.55736601713	776.880004882813
2039.89863921153	776.320007324219
2042.23920253747	776.440002441406
2044.57905629506	775.840026855469
2046.91820078425	776.400024414063
2049.2566363048	775.47998046875
2051.59436315633	776.52001953125
2053.93138163827	776.719970703125
2056.2676920499	775.599975585938
2058.6032946903	776.359985351563
2060.93818985843	775.719970703125
2063.27237785303	776.320007324219
2065.60585897272	776.320007324219
2067.93863351592	776.52001953125
2070.27070178089	776.039978027344
2072.60206406574	776.47998046875
2074.93272066838	776.239990234375
2077.26267188658	777
2079.59191801793	775.719970703125
2081.92045935985	775.679992675781
2084.24829620962	776.359985351563
2086.57542886431	775.880004882813
2088.90185762087	776.440002441406
2091.22758277604	776.039978027344
2093.55260462643	776.119995117188
2095.87692346845	776.320007324219
2098.20053959837	775.880004882813
2100.52345331229	776.52001953125
2102.84566490614	776.559997558594
2105.16717467567	776.200012207031
2107.48798291649	775.880004882813
2109.80808992403	776.640014648438
2112.12749599355	776.440002441406
2114.44620142016	776.320007324219
2116.7642064988	776.119995117188
2119.08151152423	776.159973144531
2121.39811679106	776.640014648438
2123.71402259374	775.840026855469
2126.02922922653	775.880004882813
2128.34373698356	776.52001953125
2130.65754615876	776.52001953125
2132.97065704594	775.599975585938
2135.28306993869	776.159973144531
2137.59478513047	776
2139.90580291459	776.440002441406
2142.21612358416	776.320007324219
2144.52574743214	776.080017089844
2146.83467475134	776.47998046875
2149.1429058344	775.880004882813
2151.45044097377	776.119995117188
2153.75728046178	775.599975585938
2156.06342459057	775.760009765625
2158.36887365212	775.840026855469
2160.67362793825	776.679992675781
2162.97768774061	776.440002441406
2165.28105335071	776.080017089844
2167.58372505987	776.52001953125
2169.88570315926	776.359985351563
2172.18698793988	775.960021972656
2174.48757969258	775.440002441406
2176.78747870805	776.039978027344
2179.08668527679	776.960021972656
2181.38519968917	776.320007324219
2183.68302223538	775.320007324219
2185.98015320547	776
2188.27659288929	776.159973144531
2190.57234157656	776.159973144531
2192.86739955682	776
2195.16176711948	775.440002441406
2197.45544455375	776.119995117188
2199.74843214869	775.47998046875
2202.04073019322	775.919982910156
2204.33233897607	775.640014648438
2206.62325878583	776.080017089844
2208.91348991093	775.719970703125
2211.20303263961	775.719970703125
2213.49188726	775.719970703125
2215.78005406001	775.840026855469
2218.06753332744	775.239990234375
2220.35432534991	775.880004882813
2222.64043041487	775.719970703125
2224.92584880964	776.119995117188
2227.21058082134	776.119995117188
2229.49462673696	776.080017089844
2231.77798684332	775.799987792969
2234.06066142709	775.080017089844
2236.34265077477	775.559997558594
2238.62395517269	774.919982910156
2240.90457490706	775.400024414063
2243.18451026388	775.400024414063
2245.46376152904	775.640014648438
2247.74232898823	775.47998046875
2250.02021292701	775.47998046875
2252.29741363077	775.440002441406
2254.57393138475	776.039978027344
2256.849766474	775.52001953125
2259.12491918346	775.400024414063
2261.39938979788	775.359985351563
2263.67317860185	775.919982910156
2265.94628587983	775.47998046875
2268.2187119161	775.719970703125
2270.49045699478	775.200012207031
2272.76152139985	775
2275.03190541511	775.239990234375
2277.30160932421	775.119995117188
2279.57063341067	775.640014648438
2281.83897795781	775.840026855469
2284.10664324882	775.159973144531
2286.37362956672	775.200012207031
2288.63993719439	774.919982910156
2290.90556641454	775.559997558594
2293.17051750973	775.400024414063
2295.43479076235	775.039978027344
2297.69838645465	775.280029296875
2299.96130486871	775.799987792969
2302.22354628647	775.119995117188
2304.48511098971	775.039978027344
2306.74599926003	775.200012207031
2309.00621137891	775.039978027344
2311.26574762765	775.159973144531
2313.52460828741	774.359985351563
2315.78279363917	774.52001953125
2318.04030396379	775.119995117188
2320.29713954195	775.320007324219
2322.55330065418	775.559997558594
2324.80878758085	775.159973144531
2327.06360060219	775.119995117188
2329.31773999826	775.239990234375
2331.57120604897	775.159973144531
2333.82399903409	775.119995117188
2336.0761192332	774.960021972656
2338.32756692577	774.559997558594
2340.57834239108	775
2342.82844590827	774.119995117188
2345.07787775633	775.039978027344
2347.32663821409	774.760009765625
2349.57472756023	775.200012207031
2351.82214607327	775.159973144531
2354.06889403158	775.039978027344
2356.31497171337	774.359985351563
2358.56037939672	775
2360.80511735953	775.280029296875
2363.04918587955	775.039978027344
2365.29258523439	774.640014648438
2367.5353157015	774.719970703125
2369.77737755817	774.840026855469
2372.01877108156	775.52001953125
2374.25949654865	775.119995117188
2376.49955423629	774.919982910156
2378.73894442115	774.440002441406
2380.97766737977	774.880004882813
2383.21572338855	775.200012207031
2385.45311272369	775.080017089844
2387.68983566129	774.760009765625
2389.92589247727	774.760009765625
2392.1612834474	774.52001953125
2394.39600884731	774.679992675781
2396.63006895246	774.760009765625
2398.86346403818	775.039978027344
2401.09619437962	774.239990234375
2403.32826025182	774.719970703125
2405.55966192963	775.039978027344
2407.79039968777	775.320007324219
2410.0204738008	775.280029296875
2412.24988454313	774.719970703125
2414.47863218902	775.159973144531
2416.70671701258	774.719970703125
2418.93413928778	774.840026855469
2421.16089928842	774.760009765625
2423.38699728817	775.52001953125
2425.61243356052	775
2427.83720837884	774.640014648438
2430.06132201633	775.159973144531
2432.28477474606	775.239990234375
2434.50756684093	774.359985351563
2436.72969857371	775
2438.95117021699	774.919982910156
2441.17198204325	774.840026855469
2443.39213432478	774.599975585938
2445.61162733376	774.440002441406
2447.83046134218	774.47998046875
2450.04863662192	774.880004882813
2452.26615344468	774.880004882813
2454.48301208203	774.840026855469
2456.69921280539	774.760009765625
2458.91475588602	774.799987792969
2461.12964159504	775.159973144531
2463.34387020342	775.280029296875
2465.55744198198	774.559997558594
2467.77035720139	774.760009765625
2469.98261613217	774.559997558594
2472.1942190447	774.840026855469
2474.40516620922	775.359985351563
2476.6154578958	774.039978027344
2478.82509437436	775.679992675781
2481.03407591471	774.400024414063
2483.24240278646	774.640014648438
2485.45007525911	774.719970703125
2487.65709360202	774.760009765625
2489.86345808435	774.440002441406
2492.06916897518	774.440002441406
2494.27422654339	775.039978027344
2496.47863105774	774.760009765625
2498.68238278683	775
2500.88548199912	774.239990234375
2503.08792896294	774.599975585938
2505.28972394643	774.919982910156
2507.49086721763	774.080017089844
2509.6913590444	774.359985351563
2511.89119969447	774.760009765625
2514.09038943543	774.960021972656
2516.2889285347	775.119995117188
2518.48681725957	774.719970703125
2520.6840558772	774.359985351563
2522.88064465456	775.080017089844
2525.07658385852	774.760009765625
2527.27187375578	774.359985351563
2529.4665146129	774.559997558594
2531.66050669629	774.599975585938
2533.85385027222	774.799987792969
2536.04654560681	774.559997558594
2538.23859296605	774.919982910156
2540.42999261577	775.080017089844
2542.62074482166	774.400024414063
2544.81084984925	774.919982910156
2547.00030796395	774.919982910156
2549.18911943101	774.280029296875
2551.37728451555	774.799987792969
2553.56480348252	774.239990234375
2555.75167659675	774.52001953125
2557.93790412292	774.599975585938
2560.12348632556	774.960021972656
2562.30842346905	774.400024414063
2564.49271581764	774.919982910156
2566.67636363544	774.880004882813
2568.85936718639	774.559997558594
2571.04172673431	774.239990234375
2573.22344254288	774.799987792969
2575.40451487562	774.799987792969
2577.58494399591	775.320007324219
2579.76473016699	775.239990234375
2581.94387365196	774.559997558594
2584.12237471377	774.239990234375
2586.30023361523	774.719970703125
2588.47745061901	774.239990234375
2590.65402598763	774.919982910156
2592.82995998348	774.840026855469
2595.0052528688	775.039978027344
2597.17990490568	774.799987792969
2599.35391635608	775.080017089844
2601.52728748181	775.679992675781
2603.70001854454	774.840026855469
2605.8721098058	774.640014648438
2608.04356152698	774.440002441406
2610.21437396931	775.200012207031
2612.3845473939	775.119995117188
2614.55408206173	774.799987792969
2616.72297823359	774.679992675781
2618.89123617017	774.679992675781
2621.058856132	775.119995117188
2623.22583837949	775.200012207031
2625.39218317288	774.799987792969
2627.55789077229	775.440002441406
2629.72296143769	774.47998046875
2631.88739542891	774.799987792969
2634.05119300563	774.719970703125
2636.21435442742	775.280029296875
2638.37687995367	775.159973144531
2640.53876984365	774.919982910156
2642.70002435649	775.359985351563
2644.86064375119	774.359985351563
2647.02062828658	775.159973144531
2649.17997822137	775.559997558594
2651.33869381413	775.280029296875
2653.49677532328	775.039978027344
2655.65422300711	774.960021972656
2657.81103712378	775.039978027344
2659.96721793127	775.47998046875
2662.12276568747	774.760009765625
2664.2776806501	775.47998046875
2666.43196307675	775.960021972656
2668.58561322486	775.559997558594
2670.73863135176	775.679992675781
2672.8910177146	775.799987792969
2675.04277257043	774.559997558594
2677.19389617612	775.239990234375
2679.34438878845	775.280029296875
2681.49425066402	775.239990234375
2683.64348205931	775.080017089844
2685.79208323065	775.239990234375
2687.94005443425	775.679992675781
2690.08739592617	775.760009765625
2692.23410796233	775.159973144531
2694.38019079852	775.599975585938
2696.52564469038	775.440002441406
2698.67046989342	775.719970703125
2700.81466666302	775.559997558594
2702.9582352544	776
2705.10117592265	775.760009765625
2707.24348892275	775.760009765625
2709.3851745095	775.960021972656
2711.5262329376	775.760009765625
2713.66666446158	775.559997558594
2715.80646933585	775.280029296875
2717.94564781468	776.359985351563
2720.08420015222	776.52001953125
2722.22212660245	776.400024414063
2724.35942741923	776.679992675781
2726.49610285628	775.640014648438
2728.63215316721	775.760009765625
2730.76757860544	776.320007324219
2732.9023794243	776.359985351563
2735.03655587697	776.840026855469
2737.17010821648	776.239990234375
2739.30303669573	776.52001953125
2741.4353415675	776.080017089844
2743.56702308442	776.919982910156
2745.69808149898	777
2747.82851706355	776.760009765625
2749.95833003034	776.440002441406
2752.08752065145	776.400024414063
2754.21608917883	775.960021972656
2756.3440358643	776.200012207031
2758.47136095954	776.239990234375
2760.59806471609	777
2762.72414738537	776.599975585938
2764.84960921865	776.47998046875
2766.97445046708	776.400024414063
2769.09867138166	776.760009765625
2771.22227221326	776.239990234375
2773.34525321263	776.640014648438
2775.46761463035	776.799987792969
2777.58935671691	776.559997558594
2779.71047972262	776.719970703125
2781.83098389771	776.200012207031
2783.95086949221	776.559997558594
2786.07013675607	776.640014648438
2788.18878593908	776.359985351563
2790.3068172909	775.760009765625
2792.42423106106	776.039978027344
2794.54102749895	776.559997558594
2796.65720685384	775.960021972656
2798.77276937486	775.919982910156
2800.88771531098	775.919982910156
2803.00204491107	776.52001953125
2805.11575842387	776.280029296875
2807.22885609796	776.880004882813
2809.34133818179	776.840026855469
2811.4532049237	776.919982910156
2813.56445657189	777.119995117188
2815.6750933744	777.159973144531
2817.78511557916	777.559997558594
2819.89452343398	777.239990234375
2822.00331718652	776.760009765625
2824.11149708429	777.719970703125
2826.2190633747	777.679992675781
2828.32601630502	778.47998046875
2830.43235612237	778.119995117188
2832.53808307375	778.47998046875
2834.64319740603	779.039978027344
2836.74769936595	779.559997558594
2838.85158920011	780.320007324219
2840.95486715497	781.599975585938
2843.05753347689	781.200012207031
2845.15958841206	783.239990234375
2847.26103220657	784.200012207031
2849.36186510636	784.760009765625
2851.46208735724	784.640014648438
2853.56169920488	786.080017089844
2855.66070089485	786.440002441406
2857.75909267257	787.440002441406
2859.85687478332	788.559997558594
2861.95404747225	789.320007324219
2864.05061098439	790.239990234375
2866.14656556464	791.559997558594
2868.24191145777	793.760009765625
2870.3366489084	794.640014648438
2872.43077816104	795.200012207031
2874.52429946006	796.840026855469
2876.61721304971	796.47998046875
2878.70951917409	795.960021972656
2880.8012180772	797.200012207031
2882.89231000287	797.080017089844
2884.98279519483	796.840026855469
2887.07267389667	797
2889.16194635186	797.080017089844
2891.25061280373	799
2893.33867349546	799.52001953125
2895.42612867015	798.760009765625
2897.51297857074	799.359985351563
2899.59922344003	802.159973144531
2901.68486352071	801.52001953125
2903.76989905533	801.919982910156
2905.85433028632	802.880004882813
2907.93815745598	802.840026855469
2910.02138080648	805.080017089844
2912.10400057985	805.880004882813
2914.186017018	807.039978027344
2916.26743036271	808.52001953125
2918.34824085563	809.840026855469
2920.4284487383	811.200012207031
2922.5080542521	811.280029296875
2924.58705763829	813.320007324219
2926.66545913802	812.599975585938
2928.74325899231	813.080017089844
2930.82045744202	815.559997558594
2932.89705472792	812.960021972656
2934.97305109062	816.239990234375
2937.04844677063	818.640014648438
2939.12324200832	817.679992675781
2941.19743704393	816.159973144531
2943.27103211757	814.960021972656
2945.34402746923	815.200012207031
2947.41642333876	812.400024414063
2949.48821996592	810.719970703125
2951.55941759028	811.119995117188
2953.63001645135	809.52001953125
2955.70001678845	806.760009765625
2957.76941884083	807.280029296875
2959.83822284757	805.039978027344
2961.90642904764	804.799987792969
2963.97403767988	805
2966.04104898302	804.640014648438
2968.10746319565	804.440002441406
2970.17328055621	803.52001953125
2972.23850130305	802.719970703125
2974.30312567438	801.880004882813
2976.36715390829	803.359985351563
2978.43058624273	801.799987792969
2980.49342291553	802.400024414063
2982.55566416439	800.760009765625
2984.61731022691	801.039978027344
2986.67836134051	800
2988.73881774255	800.47998046875
2990.79867967021	799.200012207031
2992.85794736058	797.280029296875
2994.9166210506	797.359985351563
2996.97470097711	796
2999.03218737679	795.840026855469
3001.08908048622	793.239990234375
3003.14538054186	794
3005.20108778002	794.52001953125
3007.25620243691	793.200012207031
3009.3107247486	793.719970703125
3011.36465495104	793.599975585938
3013.41799328004	791.840026855469
3015.47073997133	792.719970703125
3017.52289526045	791.719970703125
3019.57445938288	791.47998046875
3021.62543257393	791.559997558594
3023.6758150688	792.47998046875
3025.72560710258	792.359985351563
3027.77480891021	793.239990234375
3029.82342072652	793.799987792969
3031.87144278622	793.599975585938
3033.91887532389	792.679992675781
3035.96571857399	794.320007324219
3038.01197277084	795.440002441406
3040.05763814867	794.919982910156
3042.10271494154	796.359985351563
3044.14720338344	795.119995117188
3046.19110370818	796.159973144531
3048.2344161495	795.280029296875
3050.27714094097	796.599975585938
3052.31927831608	798.119995117188
3054.36082850816	797.440002441406
3056.40179175044	798.400024414063
3058.44216827602	801.400024414063
3060.48195831786	800.760009765625
3062.52116210884	800.799987792969
3064.55977988167	799.799987792969
3066.59781186897	799.239990234375
3068.63525830322	800.960021972656
3070.67211941678	803.799987792969
3072.7083954419	804.280029296875
3074.7440866107	801.200012207031
3076.77919315516	803.039978027344
3078.81371530716	804.679992675781
3080.84765329846	804.760009765625
3082.88100736068	803.640014648438
3084.91377772534	803.239990234375
3086.94596462381	802.919982910156
3088.97756828737	804.320007324219
3091.00858894714	805.840026855469
3093.03902683417	805.919982910156
3095.06888217933	806.440002441406
3097.09815521342	808.559997558594
3099.12684616709	808.320007324219
3101.15495527087	806.840026855469
3103.18248275518	808.719970703125
3105.20942885031	809.640014648438
3107.23579378642	810.039978027344
3109.26157779358	810.280029296875
3111.28678110171	810.559997558594
3113.31140394062	815.47998046875
3115.33544654	815.799987792969
3117.35890912942	816.200012207031
3119.38179193832	814.960021972656
3121.40409519602	817.799987792969
3123.42581913174	816.799987792969
3125.44696397457	816.239990234375
3127.46752995345	817.47998046875
3129.48751729725	823.039978027344
3131.50692623469	822.47998046875
3133.52575699436	820.880004882813
3135.54400980476	822.840026855469
3137.56168489425	823.440002441406
3139.57878249108	824.280029296875
3141.59530282337	824.840026855469
3143.61124611913	823.52001953125
3145.62661260624	825.080017089844
3147.64140251247	825.599975585938
3149.65561606547	827.119995117188
3151.66925349277	828.52001953125
3153.68231502177	828.119995117188
3155.69480087977	828.239990234375
3157.70671129394	830.039978027344
3159.71804649132	831.799987792969
3161.72880669886	832.719970703125
3163.73899214336	833.239990234375
3165.74860305152	832.880004882813
3167.75763964991	833.039978027344
3169.766102165	833.719970703125
3171.77399082313	835.559997558594
3173.7813058505	837.880004882813
3175.78804747323	838.559997558594
3177.79421591731	836.239990234375
3179.79981140859	842.159973144531
3181.80483417282	839.559997558594
3183.80928443564	839.119995117188
3185.81316242255	843.880004882813
3187.81646835896	845.880004882813
3189.81920247013	843.840026855469
3191.82136498122	843.679992675781
3193.82295611727	845.880004882813
3195.82397610321	845.280029296875
3197.82442516385	848.039978027344
3199.82430352386	846.400024414063
3201.82361140782	845.919982910156
3203.82234904018	849
3205.82051664529	848.599975585938
3207.81811444735	854.280029296875
3209.81514267047	853.559997558594
3211.81160153863	849.960021972656
3213.80749127571	848.52001953125
3215.80281210545	849
3217.79756425148	852.52001953125
3219.79174793733	850.47998046875
3221.7853633864	851.039978027344
3223.77841082196	848.47998046875
3225.77089046719	852.679992675781
3227.76280254513	853.239990234375
3229.75414727873	853.880004882813
3231.74492489081	858.719970703125
3233.73513560406	856.760009765625
3235.72477964107	851.799987792969
3237.71385722431	853.200012207031
3239.70236857614	858.280029296875
3241.6903139188	857.200012207031
3243.6776934744	855.599975585938
3245.66450746496	854.880004882813
3247.65075611237	856.840026855469
3249.63643963841	859.52001953125
3251.62155826472	858.719970703125
3253.60611221287	853.200012207031
3255.59010170428	852.080017089844
3257.57352696026	855.159973144531
3259.55638820202	859.719970703125
3261.53868565064	859.760009765625
3263.52041952708	862.840026855469
3265.50159005221	860.400024414063
3267.48219744676	858.760009765625
3269.46224193136	856.239990234375
3271.44172372651	859.760009765625
3273.42064305262	862.080017089844
3275.39900012996	862.880004882813
3277.3767951787	860.880004882813
3279.35402841889	860.47998046875
3281.33070007047	862.159973144531
3283.30681035326	863.119995117188
3285.28235948698	860.200012207031
3287.25734769121	861.440002441406
3289.23177518544	860.880004882813
3291.20564218903	857.760009765625
3293.17894892124	854
3295.1516956012	855
3297.12388244795	859.159973144531
3299.09550968039	862.440002441406
3301.06657751732	863.440002441406
3303.03708617743	865.440002441406
3305.00703587929	859.039978027344
3306.97642684135	856.880004882813
3308.94525928196	857.52001953125
3310.91353341935	862.359985351563
3312.88124947164	859.440002441406
3314.84840765683	856.960021972656
3316.81500819282	858.159973144531
3318.78105129738	859.080017089844
3320.74653718818	860.119995117188
3322.71146608278	859.320007324219
3324.67583819861	855
3326.639653753	854
3328.60291296317	857.840026855469
3330.56561604621	857.559997558594
3332.52776321913	856.679992675781
3334.4893546988	858.400024414063
3336.45039070198	857.159973144531
3338.41087144533	856.280029296875
3340.37079714539	856.400024414063
3342.33016801859	854.799987792969
3344.28898428124	858.719970703125
3346.24724614955	860.599975585938
3348.20495383962	857.320007324219
3350.16210756742	854.400024414063
3352.11870754883	857.239990234375
3354.07475399961	855.559997558594
3356.03024713539	854.039978027344
3357.98518717173	855.640014648438
3359.93957432403	854.799987792969
3361.89340880761	854.799987792969
3363.84669083768	855.799987792969
3365.79942062933	854.799987792969
3367.75159839753	855.400024414063
3369.70322435715	857.559997558594
3371.65429872295	858.080017089844
3373.60482170957	862.679992675781
3375.55479353155	864.200012207031
3377.50421440332	860.080017089844
3379.45308453918	859.039978027344
3381.40140415335	857.359985351563
3383.34917345991	857.359985351563
3385.29639267284	856.679992675781
3387.24306200602	860.039978027344
3389.18918167321	860.359985351563
3391.13475188806	862.440002441406
3393.07977286411	859.039978027344
3395.02424481479	857.200012207031
3396.96816795342	859.200012207031
3398.91154249322	860.960021972656
3400.85436864728	858.840026855469
3402.79664662859	861.359985351563
3404.73837665004	861.400024414063
3406.67955892439	861.52001953125
3408.62019366432	861.080017089844
3410.56028108236	861.239990234375
3412.49982139096	865.760009765625
3414.43881480247	861.320007324219
3416.37726152909	862
3418.31516178295	864.359985351563
3420.25251577605	860.039978027344
3422.18932372029	860.840026855469
3424.12558582746	860.760009765625
3426.06130230922	860.840026855469
3427.99647337717	860.320007324219
3429.93109924274	859.359985351563
3431.8651801173	857.52001953125
3433.79871621209	855.52001953125
3435.73170773824	856.47998046875
3437.66415490678	859.400024414063
3439.59605792862	861.119995117188
3441.52741701458	859.760009765625
3443.45823237536	859.559997558594
3445.38850422154	856.919982910156
3447.31823276362	854.280029296875
3449.24741821196	852.159973144531
3451.17606077684	851.679992675781
3453.10416066842	853.119995117188
3455.03171809674	853.159973144531
3456.95873327175	854.52001953125
3458.88520640329	853.799987792969
3460.81113770109	852.440002441406
3462.73652737477	850
3464.66137563383	848.559997558594
3466.58568268769	848.840026855469
3468.50944874565	850.440002441406
3470.43267401689	852.320007324219
3472.3553587105	852.919982910156
3474.27750303545	848.799987792969
3476.19910720062	842.039978027344
3478.12017141476	842.760009765625
3480.04069588654	845.039978027344
3481.9606808245	850.359985351563
3483.88012643707	848.440002441406
3485.79903293259	845.599975585938
3487.7174005193	843.280029296875
3489.63522940532	842.640014648438
3491.55251979864	840.400024414063
3493.46927190719	841.880004882813
3495.38548593877	839.799987792969
3497.30116210107	836.400024414063
3499.21630060167	836.559997558594
3501.13090164807	836.919982910156
3503.04496544763	832.640014648438
3504.95849220763	835.47998046875
3506.87148213523	835.200012207031
3508.78393543748	836.919982910156
3510.69585232134	836.320007324219
3512.60723299365	837.039978027344
3514.51807766116	834.080017089844
3516.42838653049	833.599975585938
3518.33815980819	830.440002441406
3520.24739770066	826.200012207031
3522.15610041423	828.960021972656
3524.06426815511	827.47998046875
3525.9719011294	825.47998046875
3527.87899954311	827.880004882813
3529.78556360213	827.880004882813
3531.69159351225	827.039978027344
3533.59708947916	824.039978027344
3535.50205170844	822.280029296875
3537.40648040556	824.640014648438
3539.3103757759	820.440002441406
3541.21373802472	818.760009765625
3543.11656735717	819.119995117188
3545.01886397833	818.359985351563
3546.92062809313	818.960021972656
3548.82185990643	821.200012207031
3550.72255962297	818.799987792969
3552.62272744738	818.119995117188
3554.5223635842	815.239990234375
3556.42146823786	814.239990234375
3558.32004161268	813.200012207031
3560.21808391289	812.359985351563
3562.11559534259	810.799987792969
3564.01257610581	810.039978027344
3565.90902640645	810.039978027344
3567.80494644831	808.47998046875
3569.7003364351	810.119995117188
3571.59519657042	809.719970703125
3573.48952705774	810.599975585938
3575.38332810048	810.760009765625
3577.27659990191	810.760009765625
3579.16934266521	809.47998046875
3581.06155659346	809.239990234375
3582.95324188965	808.119995117188
3584.84439875663	806.960021972656
3586.73502739718	805.679992675781
3588.62512801397	804.559997558594
3590.51470080955	804.200012207031
3592.40374598639	804.119995117188
3594.29226374685	804.359985351563
3596.18025429317	802.440002441406
3598.06771782751	801
3599.95465455192	799.799987792969
3601.84106466834	800.080017089844
3603.72694837861	800.280029296875
3605.61230588447	800.440002441406
3607.49713738756	800.760009765625
3609.38144308942	801.159973144531
3611.26522319148	800.679992675781
3613.14847789506	798.039978027344
3615.0312074014	796.880004882813
3616.91341191162	796.320007324219
3618.79509162674	796.52001953125
3620.67624674769	797.200012207031
3622.55687747528	795.599975585938
3624.43698401024	795.640014648438
3626.31656655317	797.280029296875
3628.1956253046	795.239990234375
3630.07416046492	795.679992675781
3631.95217223446	794.320007324219
3633.82966081342	793
3635.70662640191	792.919982910156
3637.58306919993	792.039978027344
3639.45898940739	790.599975585938
3641.33438722409	790.919982910156
3643.20926284973	790.159973144531
3645.08361648392	789.919982910156
3646.95744832614	789.719970703125
3648.8307585758	790.039978027344
3650.7035474322	790.239990234375
3652.57581509452	787.760009765625
3654.44756176188	788.719970703125
3656.31878763324	788.799987792969
3658.18949290753	788.119995117188
3660.05967778352	786.960021972656
3661.9293424599	786.400024414063
3663.79848713527	785.799987792969
3665.66711200812	786
3667.53521727684	784.880004882813
3669.40280313972	784.119995117188
3671.26986979494	783.719970703125
3673.13641744059	783.52001953125
3675.00244627468	782.599975585938
