-140.373595351881	771.52001953125
-137.335129063906	771.760009765625
-134.297686810867	771.799987792969
-131.261268103955	771.640014648438
-128.225872454677	771.47998046875
-125.191499374839	772.039978027344
-122.158148376567	771.919982910156
-119.125818972292	771.760009765625
-116.094510674759	771.640014648438
-113.064222997021	771.760009765625
-110.034955452443	771.760009765625
-107.006707554687	771.359985351563
-103.979478817741	771.280029296875
-100.95326875589	771.640014648438
-97.928076883731	772.080017089844
-94.9039027161698	771.559997558594
-91.8807457684175	771.679992675781
-88.8586055560018	772.320007324219
-85.8374815947384	772.039978027344
-82.8173734007715	771.640014648438
-79.7982804905411	772
-76.7802023807988	771.799987792969
-73.7631385885914	771.840026855469
-70.7470886312892	771.679992675781
-67.732052026553	772.159973144531
-64.7180282923587	771.719970703125
-61.7050169469884	771.679992675781
-58.6930175090183	771.52001953125
-55.6820294973386	771.679992675781
-52.6720524311495	771.679992675781
-49.66308582994	771.760009765625
-46.6551292135171	771.640014648438
-43.6481821019882	771.799987792969
-40.6422440157577	771.760009765625
-37.6373144755424	771.679992675781
-34.6333930023594	772.080017089844
-31.630479117526	771.760009765625
-28.6285723426709	771.679992675781
-25.6276721997107	771.960021972656
-22.6277782108771	772.400024414063
-19.628889898701	772.080017089844
-16.6310067860081	772.52001953125
-13.6341283959385	774.039978027344
-10.6382542519231	781.679992675781
-7.64338387769432	809.239990234375
-4.64951679729502	844.559997558594
-1.65665253506141	848.119995117188
1.33520938438089	820.880004882813
4.32606943608095	783.919982910156
7.315928094803	772.359985351563
10.3047858350146	771.719970703125
13.2926431308747	771.400024414063
16.2795004562541	771.719970703125
19.2653582847118	771.919982910156
22.2502170895187	772.080017089844
25.2340773436344	771.960021972656
28.216939519735	771.719970703125
31.1988040901939	771.559997558594
34.1796715270814	771.47998046875
37.1595423021732	771.679992675781
40.1384168869468	771.919982910156
43.1162957525854	771.440002441406
46.0931793699786	771.719970703125
49.0690682097059	771.760009765625
52.0439627420619	771.799987792969
55.0178634370476	771.719970703125
57.9907707643592	771.359985351563
60.9626851933962	771.919982910156
63.9336071932735	771.840026855469
66.9035372328018	771.679992675781
69.8724757804959	771.880004882813
72.8404233045826	771.679992675781
75.8073802729932	771.880004882813
78.7733471533597	771.599975585938
81.738324413019	771.559997558594
84.702312519025	772.080017089844
87.665311938125	771.400024414063
90.6273231367761	771.52001953125
93.5883465811569	771.840026855469
96.5483827371242	771.760009765625
99.5074320702731	771.559997558594
102.465495045889	771.799987792969
105.422572128961	772
108.378663784199	771.719970703125
111.333770476014	772.239990234375
114.287892668528	771.760009765625
117.24103082557	771.599975585938
120.193185410674	771.640014648438
123.144356887097	772.280029296875
126.094545717786	772.799987792969
129.043752365413	772.400024414063
131.991977292355	773.400024414063
134.939220960695	773.119995117188
137.885483832232	773.640014648438
140.83076636847	773.960021972656
143.775069030632	773.840026855469
146.718392279644	774.440002441406
149.660736576149	774.960021972656
152.602102380488	775.880004882813
155.54249015274	776.239990234375
158.481900352672	777.159973144531
161.420333439765	776.640014648438
164.357789873227	777.119995117188
167.294270111968	779.400024414063
170.229774614617	778.960021972656
173.164303839496	779.919982910156
176.097858244675	780.960021972656
179.030438287908	781.840026855469
181.962044426678	782.440002441406
184.89267711817	782.719970703125
187.822336819302	783.280029296875
190.751023986678	783.239990234375
193.678739076648	783.960021972656
196.605482545255	784.719970703125
199.531254848261	784.400024414063
202.456056441152	785.599975585938
205.379887779119	784.239990234375
208.30274931708	785.159973144531
211.224641509656	785.640014648438
214.145564811189	784.440002441406
217.06551967574	785.52001953125
219.984506557089	785.239990234375
222.902525908723	785.440002441406
225.819578183856	784.52001953125
228.735663835415	784.679992675781
231.650783316047	784.640014648438
234.564937078107	785.359985351563
237.478125573679	785.039978027344
240.390349254566	784.440002441406
243.301608572278	784.719970703125
246.211903978051	787
249.121235922839	785.679992675781
252.029604857321	785.880004882813
254.93701123188	786.200012207031
257.843455496632	786.679992675781
260.748938101415	787.599975585938
263.653459495766	788.440002441406
266.557020128967	788.679992675781
269.459620450005	789.200012207031
272.361260907595	788.840026855469
275.261941950168	788.880004882813
278.161664025874	789.679992675781
281.060427582592	789.919982910156
283.958233067921	788.599975585938
286.855080929176	788.080017089844
289.750971613398	788.359985351563
292.645905567344	788.440002441406
295.539883237503	788.080017089844
298.432905070079	786.960021972656
301.324971511007	787
304.216083005931	787.280029296875
307.10624000023	787.440002441406
309.995442939003	789.119995117188
312.883692267071	791.760009765625
315.770988428979	795.200012207031
318.657331869	798.400024414063
321.542723031127	800.880004882813
324.427162359076	800.559997558594
327.310650296293	795.440002441406
330.193187285945	791.960021972656
333.074773770929	789.280029296875
335.955410193855	788.039978027344
338.835096997075	787.200012207031
341.713834622655	786.440002441406
344.59162351239	785.880004882813
347.468464107802	786.119995117188
350.344356850137	785.239990234375
353.219302180373	786.039978027344
356.093300539208	785.159973144531
358.966352367073	785.840026855469
361.838458104123	785.359985351563
364.70961819024	785.239990234375
367.579833065031	784.960021972656
370.449103167837	785.320007324219
373.317428937727	785.599975585938
376.184810813496	784.359985351563
379.051249233659	784.760009765625
381.916744636474	785.919982910156
384.78129745992	784.559997558594
387.644908141706	785.039978027344
390.50757711927	785.559997558594
393.36930482978	785.039978027344
396.23009171014	785.359985351563
399.089938196969	784.280029296875
401.948844726631	785.239990234375
404.806811735214	785.640014648438
407.66383965853	785.440002441406
410.519928932138	786.200012207031
413.375079991314	785.440002441406
416.229293271071	784.840026855469
419.082569206155	785.080017089844
421.934908231031	784.359985351563
424.786310779917	784.719970703125
427.636777286748	785.080017089844
430.486308185189	785.47998046875
433.334903908649	785.400024414063
436.182564890262	785.719970703125
439.029291562898	784.960021972656
441.875084359157	784.679992675781
444.719943711374	785.239990234375
447.563870051618	785.719970703125
450.406863811695	785.239990234375
453.248925423132	785.280029296875
456.090055317208	785.119995117188
458.93025392492	785.200012207031
461.76952167701	785.200012207031
464.60785900395	784.679992675781
467.44526633595	785.200012207031
470.281744102955	785.239990234375
473.117292734635	784.47998046875
475.951912660415	784.719970703125
478.785604309439	785.599975585938
481.618368110592	785.039978027344
484.450204492499	785.760009765625
487.281113883518	786.159973144531
490.111096711738	785.280029296875
492.940153404999	784.640014648438
495.768284390864	785.039978027344
498.595490096635	784.799987792969
501.421770949366	784.960021972656
504.247127375825	785.960021972656
507.071559802537	786.960021972656
509.89506865575	785.719970703125
512.717654361473	785.640014648438
515.539317345424	785.320007324219
518.360058033083	785.880004882813
521.179876849652	785.840026855469
523.998774220083	785.960021972656
526.816750569068	785.52001953125
529.633806321025	785.760009765625
532.44994190013	785.47998046875
535.265157730284	785.599975585938
538.079454235133	785.919982910156
540.892831838066	785.039978027344
543.705290962208	784.47998046875
546.516832030424	785.919982910156
549.32745546533	785.119995117188
552.137161689268	784.960021972656
554.945951124325	785.280029296875
557.753824192341	784.280029296875
560.560781314883	785.47998046875
563.36682291327	784.840026855469
566.171949408555	785.039978027344
568.976161221537	784.47998046875
571.779458772759	785.119995117188
574.5818424825	784.599975585938
577.383312770792	785.239990234375
580.183870057402	785.400024414063
582.983514761843	785.440002441406
585.782247303363	785
588.580068100976	785.159973144531
591.376977573414	785.400024414063
594.172976139164	784.640014648438
596.968064216463	785.880004882813
599.762242223282	784.679992675781
602.555510577335	784.840026855469
605.347869696099	784.559997558594
608.139319996771	784
610.929861896313	784.159973144531
613.719495811421	784.52001953125
616.508222158541	784.960021972656
619.296041353863	784.440002441406
622.082953813324	785.200012207031
624.868959952607	784.159973144531
627.654060187137	784.280029296875
630.438254932094	783.679992675781
633.221544602397	784.960021972656
636.003929612719	784.960021972656
638.785410377468	783.679992675781
641.565987310814	784.919982910156
644.345660826665	785.320007324219
647.124431338674	784.47998046875
649.902299260252	784.760009765625
652.679265004552	784
655.455328984475	785
658.230491612671	785.159973144531
661.004753301541	784.559997558594
663.778114463229	785
666.550575509631	784.679992675781
669.322136852395	784.799987792969
672.092798902916	785.400024414063
674.862562072336	784.880004882813
677.631426771548	784.52001953125
680.399393411204	784.119995117188
683.166462401689	785.599975585938
685.93263415315	785.159973144531
688.697909075486	784.159973144531
691.462287578337	783.880004882813
694.225770071098	785
696.988356962926	785
699.750048662705	782.47998046875
702.5108455791	784.280029296875
705.270748120503	784.239990234375
708.029756695068	784.640014648438
710.787871710705	784.719970703125
713.545093575065	783.960021972656
716.301422695566	784.919982910156
719.056859479364	785.440002441406
721.811404333376	784.960021972656
724.56505766427	784.599975585938
727.317819878473	784.200012207031
730.069691382148	784.799987792969
732.820672581226	785.039978027344
735.570763881396	785.47998046875
738.319965688092	784.799987792969
741.068278406496	785.119995117188
743.815702441559	785.719970703125
746.562238197974	785.080017089844
749.307886080196	785.039978027344
752.052646492436	783.840026855469
754.796519838656	785.599975585938
757.539506522567	785.52001953125
760.28160694765	786.359985351563
763.022821517128	784.799987792969
765.76315063399	785.359985351563
768.502594700972	785.719970703125
771.241154120572	785.119995117188
773.978829295045	785.840026855469
776.715620626397	786.039978027344
779.451528516396	786.440002441406
782.186553366565	786.159973144531
784.920695578179	787
787.653955552283	787.599975585938
790.386333689662	785.880004882813
793.117830390877	786.200012207031
795.848446056227	785.200012207031
798.578181085792	785.159973144531
801.307035879389	784.960021972656
804.035010836599	784.440002441406
806.762106356774	785.119995117188
809.488322839013	785.239990234375
812.213660682169	785.320007324219
814.938120284866	784.799987792969
817.661702045482	785.400024414063
820.384406362153	784.919982910156
823.10623363278	785.159973144531
825.827184255014	785
828.547258626283	784.52001953125
831.266457143747	783.559997558594
833.984780204358	785
836.702228204804	784.919982910156
839.418801541552	784.719970703125
842.134500610814	785.280029296875
844.849325808575	784.599975585938
847.563277530579	785.239990234375
850.276356172319	786.359985351563
852.988562129066	785.47998046875
855.69989579585	785.200012207031
858.410357567456	784.960021972656
861.119947838428	785.799987792969
863.828667003087	784.640014648438
866.536515455503	783.719970703125
869.243493589517	783.960021972656
871.949601798728	784.52001953125
874.654840476504	784.599975585938
877.359210015961	784.559997558594
880.062710810003	784.559997558594
882.765343251273	784.960021972656
885.467107732191	785.280029296875
888.168004644938	783.960021972656
890.868034381467	783.52001953125
893.567197333476	785.039978027344
896.265493892445	785.280029296875
898.962924449614	785.440002441406
901.659489395985	784.719970703125
904.355189122325	784.840026855469
907.050024019165	784.200012207031
909.743994476809	784.919982910156
912.437100885322	785.200012207031
915.129343634532	784
917.820723114032	784.719970703125
920.511239713189	784.679992675781
923.200893821127	784.559997558594
925.889685826744	785.039978027344
928.577616118699	785
931.264685085419	785.559997558594
933.950893115098	785.119995117188
936.6362405957	786.080017089844
939.320727914956	785.159973144531
942.004355460359	784.960021972656
944.687123619173	784.400024414063
947.369032778431	784.119995117188
950.050083324934	784.840026855469
952.730275645247	785.039978027344
955.409610125711	784.119995117188
958.088087152423	785.52001953125
960.765707111263	785.080017089844
963.442470387871	784.880004882813
966.118377367657	785.039978027344
968.793428435798	785
971.467623977254	784.799987792969
974.140964376739	784.599975585938
976.813450018737	784.719970703125
979.485081287511	784.359985351563
982.155858567087	784.440002441406
984.825782241271	785.080017089844
987.494852693624	784.359985351563
990.163070307487	784.919982910156
992.830435465978	784.359985351563
995.496948551973	785.320007324219
998.162609948122	785.559997558594
1000.82742003685	787.200012207031
1003.49137920036	788.52001953125
1006.15448782061	787.640014648438
1008.81674627934	787.280029296875
1011.47815495806	786.359985351563
1014.13871423805	784.400024414063
1016.79842450037	783.919982910156
1019.45728612586	783.960021972656
1022.11529949509	783.760009765625
1024.77246498846	783.359985351563
1027.4287829861	783.320007324219
1030.08425386792	784.919982910156
1032.73887801363	785.200012207031
1035.3926558027	784.039978027344
1038.04558761435	784.840026855469
1040.69767382761	784.119995117188
1043.34891482125	783.679992675781
1045.99931097384	784.679992675781
1048.64886266371	783.239990234375
1051.29757026898	784.799987792969
1053.94543416753	783.760009765625
1056.59245473701	784.400024414063
1059.23863235486	784.52001953125
1061.8839673983	784.880004882813
1064.5284602443	785.280029296875
1067.17211126962	783.919982910156
1069.8149208508	783.880004882813
1072.45688936415	784.719970703125
1075.09801718577	785.080017089844
1077.7383046915	784.719970703125
1080.377752257	785.119995117188
1083.01636025767	785
1085.65412906872	784.760009765625
1088.2910590651	786.280029296875
1090.92715062157	785.679992675781
1093.56240411266	785.239990234375
1096.19681991265	785.799987792969
1098.83039839564	785.239990234375
1101.46313993547	786.039978027344
1104.09504490579	785.47998046875
1106.72611368	784.880004882813
1109.35634663129	785.320007324219
1111.98574413263	785.039978027344
1114.61430655677	783.799987792969
1117.24203427624	784
1119.86892766333	784.239990234375
1122.49498709014	783.760009765625
1125.12021292851	783.679992675781
1127.74460555011	783.960021972656
1130.36816532634	784.200012207031
1132.99089262841	784.400024414063
1135.6127878273	783.200012207031
1138.23385129376	783.559997558594
1140.85408339834	782.719970703125
1143.47348451137	781.599975585938
1146.09205500294	782.47998046875
1148.70979524293	782.320007324219
1151.326705601	783.039978027344
1153.9427864466	783.919982910156
1156.55803814896	782.47998046875
1159.17246107707	783.919982910156
1161.78605559974	783
1164.39882208551	783.359985351563
1167.01076090276	783.359985351563
1169.6218724196	783.119995117188
1172.23215700396	783.880004882813
1174.84161502352	783.719970703125
1177.45024684578	783
1180.05805283799	783.320007324219
1182.66503336719	782.919982910156
1185.27118880021	783.880004882813
1187.87651950367	783.799987792969
1190.48102584395	783
1193.08470818723	783.400024414063
1195.68756689948	783.239990234375
1198.28960234643	783.719970703125
1200.89081489363	785
1203.49120490636	784.440002441406
1206.09077274974	784.280029296875
1208.68951878864	784.799987792969
1211.28744338773	785.760009765625
1213.88454691145	784.679992675781
1216.48082972404	785.280029296875
1219.07629218953	785.159973144531
1221.6709346717	785.599975585938
1224.26475753416	786.599975585938
1226.85776114028	786.320007324219
1229.44994585322	787.239990234375
1232.04131203592	786.52001953125
1234.63186005112	787.119995117188
1237.22159026133	787.919982910156
1239.81050302886	787.760009765625
1242.3985987158	787.679992675781
1244.98587768402	788.280029296875
1247.5723402952	788.119995117188
1250.15798691078	788.799987792969
1252.74281789199	789.039978027344
1255.32683359987	788.080017089844
1257.91003439523	788.679992675781
1260.49242063865	788.359985351563
1263.07399269055	788.159973144531
1265.65475091108	787.919982910156
1268.23469566021	787.440002441406
1270.81382729769	787.400024414063
1273.39214618306	786.880004882813
1275.96965267566	787.960021972656
1278.54634713458	786.919982910156
1281.12222991875	787
1283.69730138685	787.359985351563
1286.27156189737	786.840026855469
1288.84501180858	787
1291.41765147853	786.919982910156
1293.98948126509	786.640014648438
1296.56050152589	786.280029296875
1299.13071261837	787.280029296875
1301.70011489973	788.239990234375
1304.268708727	788.599975585938
1306.83649445698	788.280029296875
1309.40347244625	788.719970703125
1311.96964305119	788.760009765625
1314.53500662799	788.320007324219
1317.0995635326	788.679992675781
1319.66331412077	788.880004882813
1322.22625874806	786.960021972656
1324.7883977698	788.640014648438
1327.34973154112	788.400024414063
1329.91026041694	788.559997558594
1332.46998475197	787.280029296875
1335.0289049007	788.039978027344
1337.58702121746	788.760009765625
1340.14433405631	789.039978027344
1342.70084377115	788.599975585938
1345.25655071563	788.760009765625
1347.81145524323	787.52001953125
1350.36555770721	787.679992675781
1352.91885846062	784.840026855469
1355.47135785631	785.679992675781
1358.02305624691	786.200012207031
1360.57395398486	786
1363.12405142237	784
1365.67334891148	784.919982910156
1368.22184680399	784.080017089844
1370.76954545151	784.200012207031
1373.31644520545	784.679992675781
1375.86254641699	784.719970703125
1378.40784943713	784.559997558594
1380.95235461666	783.559997558594
1383.49606230615	784.640014648438
1386.03897285598	784.599975585938
1388.58108661632	784.359985351563
1391.12240393713	783.52001953125
1393.66292516818	783.52001953125
1396.20265065903	783.760009765625
1398.74158075901	783.799987792969
1401.2797158173	784.440002441406
1403.81705618282	784.640014648438
1406.35360220431	784.239990234375
1408.88935423032	784.239990234375
1411.42431260919	783.960021972656
1413.95847768903	783.440002441406
1416.49184981777	784
1419.02442934314	785.119995117188
1421.55621661266	785.679992675781
1424.08721197364	783.960021972656
1426.61741577321	785.280029296875
1429.14682835828	784.159973144531
1431.67545007555	783.359985351563
1434.20328127153	785
1436.73032229253	784.840026855469
1439.25657348466	785.640014648438
1441.78203519381	787.320007324219
1444.3067077657	786.359985351563
1446.83059154581	789.119995117188
1449.35368687944	789.320007324219
1451.8759941117	789.239990234375
1454.39751358748	788.559997558594
1456.91824565148	788.239990234375
1459.43819064818	787.840026855469
1461.95734892189	788.119995117188
1464.4757208167	787.159973144531
1466.99330667649	787.640014648438
1469.51010684497	786.359985351563
1472.02612166564	785.159973144531
1474.54135148177	785.52001953125
1477.05579663646	784.440002441406
1479.56945747262	784.559997558594
1482.08233433293	784.559997558594
1484.59442755989	784.280029296875
1487.10573749579	784
1489.61626448275	783.799987792969
1492.12600886264	783.080017089844
1494.63497097718	782.359985351563
1497.14315116786	781.440002441406
1499.65054977599	781.200012207031
1502.15716714267	780.719970703125
1504.66300360881	780.919982910156
1507.16805951512	781.239990234375
1509.67233520211	780.559997558594
1512.1758310101	780.960021972656
1514.67854727919	780.320007324219
1517.18048434931	780.919982910156
1519.68164256018	780.239990234375
1522.18202225132	779.640014648438
1524.68162376207	780.359985351563
1527.18044743155	780.200012207031
1529.67849359869	780
1532.17576260224	780.320007324219
1534.67225478072	780.239990234375
1537.1679704725	780.760009765625
1539.66291001572	780.599975585938
1542.15707374832	780.640014648438
1544.65046200807	781.400024414063
1547.14307513254	781.440002441406
1549.63491345907	781.960021972656
1552.12597732485	781.640014648438
1554.61626706685	781.719970703125
1557.10578302185	782.320007324219
1559.59452552644	782.599975585938
1562.082494917	782.280029296875
1564.56969152973	782.280029296875
1567.05611570064	783.440002441406
1569.54176776552	783.119995117188
1572.02664806	784.200012207031
1574.51075691949	784.840026855469
1576.99409467921	784.119995117188
1579.4766616742	784.239990234375
1581.95845823929	784.599975585938
1584.43948470912	784.200012207031
1586.91974141815	783.960021972656
1589.39922870064	783.960021972656
1591.87794689064	783.679992675781
1594.35589632202	783.280029296875
1596.83307732848	783.640014648438
1599.30949024348	784.440002441406
1601.78513540033	785.320007324219
1604.26001313211	785.280029296875
1606.73412377175	785.320007324219
1609.20746765196	784.760009765625
1611.68004510526	785.239990234375
1614.15185646398	785.440002441406
1616.62290206026	785.559997558594
1619.09318222605	785.679992675781
1621.56269729311	785.039978027344
1624.031447593	785.440002441406
1626.4994334571	785.039978027344
1628.9666552166	786.559997558594
1631.43311320248	786.440002441406
1633.89880774554	787.52001953125
1636.3637391764	786.239990234375
1638.82790782548	786.400024414063
1641.29131402301	787.039978027344
1643.75395809903	787.400024414063
1646.21584038339	788.679992675781
1648.67696120575	788.359985351563
1651.13732089558	789.640014648438
1653.59691978216	789.799987792969
1656.05575819459	789.919982910156
1658.51383646175	789.080017089844
1660.97115491238	790.320007324219
1663.42771387498	790.280029296875
1665.8835136779	789.840026855469
1668.33855464928	789.719970703125
1670.79283711708	789.320007324219
1673.24636140907	789.239990234375
1675.69912785282	788.840026855469
1678.15113677572	787.599975585938
1680.602388505	786.840026855469
1683.05288336764	785.760009765625
1685.50262169049	786.039978027344
1687.95160380019	784.719970703125
1690.39983002318	783.960021972656
1692.84730068573	783.840026855469
1695.29401611392	782.679992675781
1697.73997663364	781.840026855469
1700.18518257059	781.159973144531
1702.6296342503	780.440002441406
1705.07333199807	780.280029296875
1707.51627613907	779.719970703125
1709.95846699824	779.960021972656
1712.39990490036	779.799987792969
1714.84059017001	779.799987792969
1717.28052313159	779.47998046875
1719.7197041093	778.719970703125
1722.15813342718	778.359985351563
1724.59581140906	778.400024414063
1727.03273837859	778.440002441406
1729.46891465926	778.239990234375
1731.90434057432	778.159973144531
1734.3390164469	777.880004882813
1736.7729425999	777.640014648438
1739.20611935604	777.880004882813
1741.63854703787	778.080017089844
1744.07022596776	778
1746.50115646787	777.960021972656
1748.93133886019	776.960021972656
1751.36077346652	776.640014648438
1753.7894606085	777.080017089844
1756.21740060755	777.679992675781
1758.64459378494	777.200012207031
1761.07104046172	777.799987792969
1763.49674095879	776.840026855469
1765.92169559684	776.840026855469
1768.3459046964	776.840026855469
1770.7693685778	776.799987792969
1773.1920875612	776.840026855469
1775.61406196656	777.52001953125
1778.03529211367	778
1780.45577832214	776.52001953125
1782.87552091138	777.239990234375
1785.29452020064	777.159973144531
1787.71277650897	776.840026855469
1790.13029015525	776.640014648438
1792.54706145817	776.159973144531
1794.96309073625	776.679992675781
1797.3783783078	776.47998046875
1799.79292449097	776.52001953125
1802.20672960375	776.359985351563
1804.61979396389	776.52001953125
1807.03211788902	777
1809.44370169655	776.880004882813
1811.85454570373	776.679992675781
1814.2646502276	776.840026855469
1816.67401558506	777.200012207031
1819.0826420928	776.200012207031
1821.49053006734	776.799987792969
1823.89767982501	775.840026855469
1826.30409168198	776.200012207031
1828.70976595422	776.159973144531
1831.11470295753	776.400024414063
1833.51890300752	776.960021972656
1835.92236641964	776.159973144531
1838.32509350914	776.239990234375
1840.72708459111	776.320007324219
1843.12833998044	776.039978027344
1845.52885999184	776.239990234375
1847.92864493987	776.159973144531
1850.32769513889	776.359985351563
1852.72601090307	775.919982910156
1855.12359254642	777
1857.52044038278	776.320007324219
1859.91655472578	776.200012207031
1862.31193588889	775.760009765625
1864.70658418542	775.840026855469
1867.10049992847	776.239990234375
1869.49368343096	777.119995117188
1871.88613500568	776.47998046875
1874.27785496518	776.080017089844
1876.66884362188	776.320007324219
1879.059101288	776.440002441406
1881.44862827559	776.960021972656
1883.8374248965	776.159973144531
1886.22549146246	776
1888.61282828495	776.47998046875
1890.99943567534	776.159973144531
1893.38531394477	776.239990234375
1895.77046340424	776.880004882813
1898.15488436455	776.52001953125
1900.53857713634	776.400024414063
1902.92154203006	776.880004882813
1905.303779356	776.47998046875
1907.68528942426	775.919982910156
1910.06607254477	776.119995117188
1912.44612902729	776.640014648438
1914.82545918139	776.640014648438
1917.20406331648	775.760009765625
1919.58194174178	775.960021972656
1921.95909476634	776.359985351563
1924.33552269905	776.440002441406
1926.71122584861	775.799987792969
1929.08620452353	776.400024414063
1931.46045903219	775.840026855469
1933.83398968275	775.599975585938
1936.20679678322	776.52001953125
1938.57888064142	776.200012207031
1940.95024156502	776.559997558594
1943.3208798615	775.960021972656
1945.69079583816	776.52001953125
1948.05998980213	776.039978027344
1950.42846206038	776.559997558594
1952.79621291969	775.840026855469
1955.16324268668	775.679992675781
1957.52955166778	775.640014648438
1959.89514016927	776.239990234375
1962.26000849723	777
1964.62415695759	776.359985351563
1966.98758585609	776.359985351563
1969.3502954983	776.799987792969
1971.71228618964	776.799987792969
1974.07355823532	776.679992675781
1976.43411194042	776.039978027344
1978.79394760981	776.47998046875
1981.1530655482	776.799987792969
1983.51146606014	776.320007324219
1985.86914944999	776.719970703125
1988.22611602196	776.039978027344
1990.58236608007	776.280029296875
1992.93789992817	777.239990234375
1995.29271786995	776.919982910156
1997.64682020892	776.840026855469
2000.00020724843	776.640014648438
2002.35287929162	776.559997558594
2004.70483664152	776.440002441406
2007.05607960095	777.039978027344
2009.40660847256	776.359985351563
2011.75642355884	777
2014.1055251621	776.52001953125
2016.4539135845	776.799987792969
2018.80158912802	777.119995117188
2021.14855209444	776.919982910156
2023.49480278542	777.159973144531
2025.84034150242	776.320007324219
2028.18516854673	775.719970703125
2030.52928421948	777.119995117188
2032.87268882163	776.599975585938
2035.21538265398	776.52001953125
2037.55736601713	777.239990234375
2039.89863921153	776.640014648438
2042.23920253747	777.440002441406
2044.57905629506	776.840026855469
2046.91820078425	777
2049.2566363048	776.760009765625
2051.59436315633	776.719970703125
2053.93138163827	776.760009765625
2056.2676920499	776.320007324219
2058.6032946903	776.880004882813
2060.93818985843	776.52001953125
2063.27237785303	776.640014648438
2065.60585897272	776.52001953125
2067.93863351592	776.760009765625
2070.27070178089	776.599975585938
2072.60206406574	777.47998046875
2074.93272066838	776.919982910156
2077.26267188658	776.880004882813
2079.59191801793	777
2081.92045935985	776.52001953125
2084.24829620962	777.119995117188
2086.57542886431	776.880004882813
2088.90185762087	776.400024414063
2091.22758277604	776.880004882813
2093.55260462643	776.960021972656
2095.87692346845	777
2098.20053959837	777.359985351563
2100.52345331229	777.320007324219
2102.84566490614	777.119995117188
2105.16717467567	777.440002441406
2107.48798291649	777.039978027344
2109.80808992403	776.559997558594
2112.12749599355	777
2114.44620142016	777.280029296875
2116.7642064988	777.400024414063
2119.08151152423	777.320007324219
2121.39811679106	776.880004882813
2123.71402259374	776.440002441406
2126.02922922653	777.559997558594
2128.34373698356	777.440002441406
2130.65754615876	776.840026855469
2132.97065704594	776.760009765625
2135.28306993869	777
2137.59478513047	777.239990234375
2139.90580291459	777.239990234375
2142.21612358416	776.640014648438
2144.52574743214	777.039978027344
2146.83467475134	776.919982910156
2149.1429058344	777.039978027344
2151.45044097377	777.239990234375
2153.75728046178	776.599975585938
2156.06342459057	777.320007324219
2158.36887365212	777.200012207031
2160.67362793825	776.799987792969
2162.97768774061	776.880004882813
2165.28105335071	776.440002441406
2167.58372505987	776.440002441406
2169.88570315926	777.919982910156
2172.18698793988	776.200012207031
2174.48757969258	777.080017089844
2176.78747870805	776.159973144531
2179.08668527679	777.200012207031
2181.38519968917	777.239990234375
2183.68302223538	776.760009765625
2185.98015320547	776.559997558594
2188.27659288929	776.840026855469
2190.57234157656	777.039978027344
2192.86739955682	776.840026855469
2195.16176711948	776.679992675781
2197.45544455375	776.679992675781
2199.74843214869	776.799987792969
2202.04073019322	776.400024414063
2204.33233897607	776.599975585938
2206.62325878583	776.799987792969
2208.91348991093	776.119995117188
2211.20303263961	776.47998046875
2213.49188726	776.200012207031
2215.78005406001	776.719970703125
2218.06753332744	776.47998046875
2220.35432534991	776.359985351563
2222.64043041487	776.320007324219
2224.92584880964	776.960021972656
2227.21058082134	775.760009765625
2229.49462673696	777
2231.77798684332	776.679992675781
2234.06066142709	777
2236.34265077477	776
2238.62395517269	775.760009765625
2240.90457490706	775.880004882813
2243.18451026388	776
2245.46376152904	776.080017089844
2247.74232898823	776.080017089844
2250.02021292701	776.239990234375
2252.29741363077	776.599975585938
2254.57393138475	776.039978027344
2256.849766474	776.039978027344
2259.12491918346	776.640014648438
2261.39938979788	776
2263.67317860185	775.640014648438
2265.94628587983	776.159973144531
2268.2187119161	776.320007324219
2270.49045699478	775.799987792969
2272.76152139985	776
2275.03190541511	775.880004882813
2277.30160932421	775.919982910156
2279.57063341067	776
2281.83897795781	776.400024414063
2284.10664324882	776.359985351563
2286.37362956672	775.840026855469
2288.63993719439	776.200012207031
2290.90556641454	775.840026855469
2293.17051750973	776.119995117188
2295.43479076235	776.080017089844
2297.69838645465	775.840026855469
2299.96130486871	775.919982910156
2302.22354628647	776.039978027344
2304.48511098971	776
2306.74599926003	775.960021972656
2309.00621137891	776.440002441406
2311.26574762765	775.960021972656
2313.52460828741	775.559997558594
2315.78279363917	775.559997558594
2318.04030396379	776.080017089844
2320.29713954195	776.320007324219
2322.55330065418	775.640014648438
2324.80878758085	775.400024414063
2327.06360060219	776.440002441406
2329.31773999826	775.960021972656
2331.57120604897	775.760009765625
2333.82399903409	775.559997558594
2336.0761192332	775.359985351563
2338.32756692577	775.280029296875
2340.57834239108	775.679992675781
2342.82844590827	775.679992675781
2345.07787775633	776
2347.32663821409	775.359985351563
2349.57472756023	775.960021972656
2351.82214607327	776.080017089844
2354.06889403158	775.640014648438
2356.31497171337	776.320007324219
2358.56037939672	775.799987792969
2360.80511735953	775.880004882813
2363.04918587955	775.52001953125
2365.29258523439	775.799987792969
2367.5353157015	775.679992675781
2369.77737755817	775.640014648438
2372.01877108156	775.440002441406
2374.25949654865	775.880004882813
2376.49955423629	775.359985351563
2378.73894442115	775.760009765625
2380.97766737977	775.440002441406
2383.21572338855	775.52001953125
2385.45311272369	775.280029296875
2387.68983566129	775
2389.92589247727	775.159973144531
2392.1612834474	775.760009765625
2394.39600884731	775.760009765625
2396.63006895246	775.880004882813
2398.86346403818	775.239990234375
2401.09619437962	775.320007324219
2403.32826025182	775.52001953125
2405.55966192963	775.440002441406
2407.79039968777	775.080017089844
2410.0204738008	775.640014648438
2412.24988454313	775.599975585938
2414.47863218902	775.559997558594
2416.70671701258	775.640014648438
2418.93413928778	775.080017089844
2421.16089928842	775.47998046875
2423.38699728817	775.799987792969
2425.61243356052	775.599975585938
2427.83720837884	774.919982910156
2430.06132201633	775.119995117188
2432.28477474606	775.080017089844
2434.50756684093	775.640014648438
2436.72969857371	775.640014648438
2438.95117021699	775.47998046875
2441.17198204325	775.599975585938
2443.39213432478	775.280029296875
2445.61162733376	775.47998046875
2447.83046134218	775.47998046875
2450.04863662192	775.679992675781
2452.26615344468	775.679992675781
2454.48301208203	775.52001953125
2456.69921280539	775.039978027344
2458.91475588602	775.359985351563
2461.12964159504	775.039978027344
2463.34387020342	775.440002441406
2465.55744198198	775.320007324219
2467.77035720139	776.039978027344
2469.98261613217	775.760009765625
2472.1942190447	775.080017089844
2474.40516620922	775.919982910156
2476.6154578958	775.440002441406
2478.82509437436	775.47998046875
2481.03407591471	775.52001953125
2483.24240278646	775.599975585938
2485.45007525911	775.599975585938
2487.65709360202	775.47998046875
2489.86345808435	774.840026855469
2492.06916897518	775.200012207031
2494.27422654339	775.52001953125
2496.47863105774	775.880004882813
2498.68238278683	775.599975585938
2500.88548199912	775.239990234375
2503.08792896294	775.559997558594
2505.28972394643	775
2507.49086721763	775.039978027344
2509.6913590444	775.559997558594
2511.89119969447	775.52001953125
2514.09038943543	775.799987792969
2516.2889285347	775.52001953125
2518.48681725957	775.400024414063
2520.6840558772	775.47998046875
2522.88064465456	775.52001953125
2525.07658385852	775.159973144531
2527.27187375578	775.159973144531
2529.4665146129	775.52001953125
2531.66050669629	775.47998046875
2533.85385027222	775.599975585938
2536.04654560681	775.080017089844
2538.23859296605	774.919982910156
2540.42999261577	775.47998046875
2542.62074482166	775.880004882813
2544.81084984925	775.47998046875
2547.00030796395	775.359985351563
2549.18911943101	775.52001953125
2551.37728451555	775.679992675781
2553.56480348252	775.559997558594
2555.75167659675	775.52001953125
2557.93790412292	775.679992675781
2560.12348632556	775.760009765625
2562.30842346905	775.640014648438
2564.49271581764	775.47998046875
2566.67636363544	776
2568.85936718639	775.239990234375
2571.04172673431	775.760009765625
2573.22344254288	775.640014648438
2575.40451487562	775.880004882813
2577.58494399591	775.440002441406
2579.76473016699	775.880004882813
2581.94387365196	775.320007324219
2584.12237471377	775.039978027344
2586.30023361523	775.760009765625
2588.47745061901	774.919982910156
2590.65402598763	775.080017089844
2592.82995998348	775.640014648438
2595.0052528688	775.239990234375
2597.17990490568	775.960021972656
2599.35391635608	775.799987792969
2601.52728748181	775.719970703125
2603.70001854454	775.760009765625
2605.8721098058	775.200012207031
2608.04356152698	775.359985351563
2610.21437396931	775.440002441406
2612.3845473939	775.239990234375
2614.55408206173	775.799987792969
2616.72297823359	775.159973144531
2618.89123617017	776
2621.058856132	775.840026855469
2623.22583837949	776.080017089844
2625.39218317288	776.039978027344
2627.55789077229	776.47998046875
2629.72296143769	775.47998046875
2631.88739542891	775.080017089844
2634.05119300563	775.919982910156
2636.21435442742	775.719970703125
2638.37687995367	775.440002441406
2640.53876984365	776.280029296875
2642.70002435649	775.960021972656
2644.86064375119	775.599975585938
2647.02062828658	775.320007324219
2649.17997822137	776.080017089844
2651.33869381413	775.719970703125
2653.49677532328	774.919982910156
2655.65422300711	776.239990234375
2657.81103712378	776.200012207031
2659.96721793127	775.47998046875
2662.12276568747	775.239990234375
2664.2776806501	776.280029296875
2666.43196307675	775.52001953125
2668.58561322486	775.52001953125
2670.73863135176	775.960021972656
2672.8910177146	776.320007324219
2675.04277257043	776.239990234375
2677.19389617612	775.760009765625
2679.34438878845	776.400024414063
2681.49425066402	776.039978027344
2683.64348205931	776.400024414063
2685.79208323065	776.200012207031
2687.94005443425	775.880004882813
2690.08739592617	775.599975585938
2692.23410796233	776.280029296875
2694.38019079852	775.880004882813
2696.52564469038	776.440002441406
2698.67046989342	776
2700.81466666302	776.719970703125
2702.9582352544	776.039978027344
2705.10117592265	776.440002441406
2707.24348892275	776.760009765625
2709.3851745095	776.52001953125
2711.5262329376	776.640014648438
2713.66666446158	777.159973144531
2715.80646933585	775.760009765625
2717.94564781468	776.52001953125
2720.08420015222	777.200012207031
2722.22212660245	776.679992675781
2724.35942741923	777.159973144531
2726.49610285628	776.559997558594
2728.63215316721	776.679992675781
2730.76757860544	777.080017089844
2732.9023794243	776.960021972656
2735.03655587697	777.080017089844
2737.17010821648	777.359985351563
2739.30303669573	777.080017089844
2741.4353415675	776.679992675781
2743.56702308442	777.400024414063
2745.69808149898	776.960021972656
2747.82851706355	777.080017089844
2749.95833003034	776.960021972656
2752.08752065145	777.039978027344
2754.21608917883	777.200012207031
2756.3440358643	776.919982910156
2758.47136095954	776.880004882813
2760.59806471609	777.080017089844
2762.72414738537	777.039978027344
2764.84960921865	777.440002441406
2766.97445046708	776.200012207031
2769.09867138166	777.159973144531
2771.22227221326	777.400024414063
2773.34525321263	777.400024414063
2775.46761463035	777.320007324219
2777.58935671691	777.47998046875
2779.71047972262	777.280029296875
2781.83098389771	777.359985351563
2783.95086949221	777.239990234375
2786.07013675607	776.760009765625
2788.18878593908	776.559997558594
2790.3068172909	777
2792.42423106106	776.880004882813
2794.54102749895	777.239990234375
2796.65720685384	777.640014648438
2798.77276937486	777.280029296875
2800.88771531098	777.280029296875
2803.00204491107	776.52001953125
2805.11575842387	777.159973144531
2807.22885609796	777.400024414063
2809.34133818179	777.200012207031
2811.4532049237	777.919982910156
2813.56445657189	778.200012207031
2815.6750933744	777.679992675781
2817.78511557916	777.52001953125
2819.89452343398	777.559997558594
2822.00331718652	778.080017089844
2824.11149708429	777.919982910156
2826.2190633747	778.159973144531
2828.32601630502	778.200012207031
2830.43235612237	778.880004882813
2832.53808307375	778.799987792969
2834.64319740603	779
2836.74769936595	780.039978027344
2838.85158920011	781.080017089844
2840.95486715497	780.080017089844
2843.05753347689	780.760009765625
2845.15958841206	781.640014648438
2847.26103220657	782.119995117188
2849.36186510636	782.640014648438
2851.46208735724	784.080017089844
2853.56169920488	784.719970703125
2855.66070089485	785.47998046875
2857.75909267257	785.960021972656
2859.85687478332	787.359985351563
2861.95404747225	789.119995117188
2864.05061098439	790.039978027344
2866.14656556464	791
2868.24191145777	792.320007324219
2870.3366489084	794.200012207031
2872.43077816104	794.119995117188
2874.52429946006	794.280029296875
2876.61721304971	794.799987792969
2878.70951917409	795.039978027344
2880.8012180772	795.200012207031
2882.89231000287	795.599975585938
2884.98279519483	796.47998046875
2887.07267389667	796.320007324219
2889.16194635186	795.679992675781
2891.25061280373	798.52001953125
2893.33867349546	799.320007324219
2895.42612867015	797.679992675781
2897.51297857074	799.840026855469
2899.59922344003	799.719970703125
2901.68486352071	800.640014648438
2903.76989905533	800.559997558594
2905.85433028632	801.320007324219
2907.93815745598	804
2910.02138080648	803.760009765625
2912.10400057985	804.880004882813
2914.186017018	805.880004882813
2916.26743036271	807.400024414063
2918.34824085563	809.47998046875
2920.4284487383	810.599975585938
2922.5080542521	809.52001953125
2924.58705763829	813.919982910156
2926.66545913802	812.039978027344
2928.74325899231	814.440002441406
2930.82045744202	817.119995117188
2932.89705472792	814.799987792969
2934.97305109062	815.880004882813
2937.04844677063	818.880004882813
2939.12324200832	818.880004882813
2941.19743704393	816.239990234375
2943.27103211757	816.47998046875
2945.34402746923	815.679992675781
2947.41642333876	813.039978027344
2949.48821996592	810.599975585938
2951.55941759028	811.320007324219
2953.63001645135	810.400024414063
2955.70001678845	808.400024414063
2957.76941884083	807.640014648438
2959.83822284757	806.880004882813
2961.90642904764	805.559997558594
2963.97403767988	806.760009765625
2966.04104898302	806.719970703125
2968.10746319565	806.320007324219
2970.17328055621	804.52001953125
2972.23850130305	804.200012207031
2974.30312567438	804.599975585938
2976.36715390829	803.159973144531
2978.43058624273	802.159973144531
2980.49342291553	802.52001953125
2982.55566416439	802.52001953125
2984.61731022691	802.640014648438
2986.67836134051	801
2988.73881774255	800.960021972656
2990.79867967021	800.919982910156
2992.85794736058	799.080017089844
2994.9166210506	798.719970703125
2996.97470097711	797.719970703125
2999.03218737679	796.919982910156
3001.08908048622	796.760009765625
3003.14538054186	795.239990234375
3005.20108778002	795.159973144531
3007.25620243691	794.760009765625
3009.3107247486	794.679992675781
3011.36465495104	794.52001953125
3013.41799328004	793.239990234375
3015.47073997133	794.47998046875
3017.52289526045	792.239990234375
3019.57445938288	793.039978027344
3021.62543257393	792.960021972656
3023.6758150688	793.559997558594
3025.72560710258	793.239990234375
3027.77480891021	793.080017089844
3029.82342072652	795.239990234375
3031.87144278622	794.679992675781
3033.91887532389	795.52001953125
3035.96571857399	795.320007324219
3038.01197277084	796.440002441406
3040.05763814867	796.760009765625
3042.10271494154	796.52001953125
3044.14720338344	796.200012207031
3046.19110370818	797.119995117188
3048.2344161495	798.039978027344
3050.27714094097	799.400024414063
3052.31927831608	799.320007324219
3054.36082850816	798.760009765625
3056.40179175044	800.799987792969
3058.44216827602	801.599975585938
3060.48195831786	802.080017089844
3062.52116210884	802
3064.55977988167	801.960021972656
3066.59781186897	802
3068.63525830322	803.080017089844
3070.67211941678	805.320007324219
3072.7083954419	806.52001953125
3074.7440866107	803.440002441406
3076.77919315516	805.239990234375
3078.81371530716	804.960021972656
3080.84765329846	806.359985351563
3082.88100736068	805.719970703125
3084.91377772534	805.599975585938
3086.94596462381	804.320007324219
3088.97756828737	805.359985351563
3091.00858894714	808.799987792969
3093.03902683417	808.47998046875
3095.06888217933	808.359985351563
3097.09815521342	809.559997558594
3099.12684616709	809.880004882813
3101.15495527087	809.919982910156
3103.18248275518	811.320007324219
3105.20942885031	812.880004882813
3107.23579378642	814.119995117188
3109.26157779358	813.640014648438
3111.28678110171	813.760009765625
3113.31140394062	815.880004882813
3115.33544654	820.719970703125
3117.35890912942	819.52001953125
3119.38179193832	817.640014648438
3121.40409519602	820.599975585938
3123.42581913174	821.159973144531
3125.44696397457	818
3127.46752995345	820.440002441406
3129.48751729725	823.280029296875
3131.50692623469	825.52001953125
3133.52575699436	824.200012207031
3135.54400980476	826.400024414063
3137.56168489425	826.760009765625
3139.57878249108	825.719970703125
3141.59530282337	826.47998046875
3143.61124611913	827.440002441406
3145.62661260624	827.640014648438
3147.64140251247	828.799987792969
3149.65561606547	830.679992675781
3151.66925349277	830.359985351563
3153.68231502177	831.880004882813
3155.69480087977	831.599975585938
3157.70671129394	831.960021972656
3159.71804649132	835.400024414063
3161.72880669886	838.119995117188
3163.73899214336	837.359985351563
3165.74860305152	836.840026855469
3167.75763964991	836.119995117188
3169.766102165	839
3171.77399082313	840.359985351563
3173.7813058505	843.080017089844
3175.78804747323	842.080017089844
3177.79421591731	839.47998046875
3179.79981140859	843.440002441406
3181.80483417282	844.760009765625
3183.80928443564	842.280029296875
3185.81316242255	848.760009765625
3187.81646835896	848.799987792969
3189.81920247013	848.320007324219
3191.82136498122	849.440002441406
3193.82295611727	848.679992675781
3195.82397610321	849.840026855469
3197.82442516385	855.239990234375
3199.82430352386	851.159973144531
3201.82361140782	852.919982910156
3203.82234904018	852.799987792969
3205.82051664529	854.239990234375
3207.81811444735	856.52001953125
3209.81514267047	855.840026855469
3211.81160153863	852.919982910156
3213.80749127571	852.960021972656
3215.80281210545	853.119995117188
3217.79756425148	855.359985351563
3219.79174793733	854.919982910156
3221.7853633864	854.200012207031
3223.77841082196	854.400024414063
3225.77089046719	858.039978027344
3227.76280254513	858.559997558594
3229.75414727873	857.719970703125
3231.74492489081	862.880004882813
3233.73513560406	860.679992675781
3235.72477964107	855.640014648438
3237.71385722431	859.039978027344
3239.70236857614	864.239990234375
3241.6903139188	863.760009765625
3243.6776934744	861.119995117188
3245.66450746496	859.52001953125
3247.65075611237	860.840026855469
3249.63643963841	866.52001953125
3251.62155826472	863.080017089844
3253.60611221287	858.159973144531
3255.59010170428	858.080017089844
3257.57352696026	859.840026855469
3259.55638820202	862.559997558594
3261.53868565064	864.52001953125
3263.52041952708	867.440002441406
3265.50159005221	866.47998046875
3267.48219744676	860.880004882813
3269.46224193136	858.960021972656
3271.44172372651	863.359985351563
3273.42064305262	868.080017089844
3275.39900012996	868.640014648438
3277.3767951787	865.359985351563
3279.35402841889	865.159973144531
3281.33070007047	866.880004882813
3283.30681035326	866.679992675781
3285.28235948698	864.440002441406
3287.25734769121	864.640014648438
3289.23177518544	866.760009765625
3291.20564218903	863.960021972656
3293.17894892124	859.559997558594
3295.1516956012	858.159973144531
3297.12388244795	865.200012207031
3299.09550968039	869
3301.06657751732	868.760009765625
3303.03708617743	867.840026855469
3305.00703587929	867.119995117188
3306.97642684135	862.159973144531
3308.94525928196	861.840026855469
3310.91353341935	865.47998046875
3312.88124947164	865.239990234375
3314.84840765683	861.840026855469
3316.81500819282	861.280029296875
3318.78105129738	863.840026855469
3320.74653718818	861.760009765625
3322.71146608278	861.640014648438
3324.67583819861	860.760009765625
3326.639653753	861.919982910156
3328.60291296317	863.719970703125
3330.56561604621	863.159973144531
3332.52776321913	860.960021972656
3334.4893546988	863.47998046875
3336.45039070198	861.159973144531
3338.41087144533	862.080017089844
3340.37079714539	862.039978027344
3342.33016801859	861.559997558594
3344.28898428124	862.159973144531
3346.24724614955	865.400024414063
3348.20495383962	864.280029296875
3350.16210756742	861.080017089844
3352.11870754883	860.960021972656
3354.07475399961	862
3356.03024713539	859.039978027344
3357.98518717173	859
3359.93957432403	861.919982910156
3361.89340880761	862.119995117188
3363.84669083768	862.599975585938
3365.79942062933	861.640014648438
3367.75159839753	860.52001953125
3369.70322435715	862.719970703125
3371.65429872295	864.719970703125
3373.60482170957	867.400024414063
3375.55479353155	868.840026855469
3377.50421440332	867.039978027344
3379.45308453918	861.559997558594
3381.40140415335	863.359985351563
3383.34917345991	861.119995117188
3385.29639267284	859.880004882813
3387.24306200602	865.840026855469
3389.18918167321	870.159973144531
3391.13475188806	868.840026855469
3393.07977286411	868.599975585938
3395.02424481479	862.960021972656
3396.96816795342	864.840026855469
3398.91154249322	866.599975585938
3400.85436864728	866.320007324219
3402.79664662859	866.840026855469
3404.73837665004	867.440002441406
3406.67955892439	864.52001953125
3408.62019366432	867.080017089844
3410.56028108236	867.039978027344
3412.49982139096	868.159973144531
3414.43881480247	867.799987792969
3416.37726152909	867.039978027344
3418.31516178295	869.640014648438
3420.25251577605	866.799987792969
3422.18932372029	866.719970703125
3424.12558582746	867.080017089844
3426.06130230922	867.640014648438
3427.99647337717	865.159973144531
3429.93109924274	863.640014648438
3431.8651801173	860.719970703125
3433.79871621209	861.239990234375
3435.73170773824	861.960021972656
3437.66415490678	867.119995117188
3439.59605792862	865.599975585938
3441.52741701458	863.119995117188
3443.45823237536	866.760009765625
3445.38850422154	863.719970703125
3447.31823276362	860
3449.24741821196	856.239990234375
3451.17606077684	857.280029296875
3453.10416066842	860.760009765625
3455.03171809674	859.760009765625
3456.95873327175	856.52001953125
3458.88520640329	857.359985351563
3460.81113770109	855.200012207031
3462.73652737477	854.440002441406
3464.66137563383	854.080017089844
3466.58568268769	855.280029296875
3468.50944874565	856.119995117188
3470.43267401689	858.320007324219
3472.3553587105	857.760009765625
3474.27750303545	856.039978027344
3476.19910720062	847.400024414063
3478.12017141476	846.840026855469
3480.04069588654	851.52001953125
3481.9606808245	855.080017089844
3483.88012643707	854.039978027344
3485.79903293259	850.719970703125
3487.7174005193	850.200012207031
3489.63522940532	846.320007324219
3491.55251979864	844.880004882813
3493.46927190719	845.840026855469
3495.38548593877	846.52001953125
3497.30116210107	840.960021972656
3499.21630060167	841.47998046875
3501.13090164807	841.52001953125
3503.04496544763	838.52001953125
3504.95849220763	838.880004882813
3506.87148213523	840.159973144531
3508.78393543748	841.159973144531
3510.69585232134	839.52001953125
3512.60723299365	839.039978027344
3514.51807766116	839.320007324219
3516.42838653049	837.840026855469
3518.33815980819	833.320007324219
3520.24739770066	830.919982910156
3522.15610041423	830.400024414063
3524.06426815511	831.119995117188
3525.9719011294	830.159973144531
3527.87899954311	830
3529.78556360213	830.280029296875
3531.69159351225	830.119995117188
3533.59708947916	830.640014648438
3535.50205170844	827.039978027344
3537.40648040556	828.159973144531
3539.3103757759	825.799987792969
3541.21373802472	824
3543.11656735717	821.400024414063
3545.01886397833	819.880004882813
3546.92062809313	821.960021972656
3548.82185990643	824.679992675781
3550.72255962297	823.960021972656
3552.62272744738	821.239990234375
3554.5223635842	818.119995117188
3556.42146823786	815.440002441406
3558.32004161268	816.080017089844
3560.21808391289	814.239990234375
3562.11559534259	813.960021972656
3564.01257610581	812.760009765625
3565.90902640645	813.320007324219
3567.80494644831	812.200012207031
3569.7003364351	812.799987792969
3571.59519657042	811.239990234375
3573.48952705774	812.400024414063
3575.38332810048	813.599975585938
3577.27659990191	812.760009765625
3579.16934266521	812.719970703125
3581.06155659346	812.200012207031
3582.95324188965	809.880004882813
3584.84439875663	811.280029296875
3586.73502739718	808.719970703125
3588.62512801397	807.400024414063
3590.51470080955	807
3592.40374598639	807.47998046875
3594.29226374685	806.719970703125
3596.18025429317	805.679992675781
3598.06771782751	803.880004882813
3599.95465455192	802.559997558594
3601.84106466834	802.919982910156
3603.72694837861	803.320007324219
3605.61230588447	803.52001953125
3607.49713738756	802.320007324219
3609.38144308942	804.599975585938
3611.26522319148	804.280029296875
3613.14847789506	801.679992675781
3615.0312074014	798.919982910156
3616.91341191162	800.080017089844
3618.79509162674	798.760009765625
3620.67624674769	800.200012207031
3622.55687747528	797.799987792969
3624.43698401024	797.47998046875
3626.31656655317	798.760009765625
3628.1956253046	797.359985351563
3630.07416046492	797.679992675781
3631.95217223446	796.320007324219
3633.82966081342	794.880004882813
3635.70662640191	794.359985351563
3637.58306919993	792.960021972656
3639.45898940739	793
3641.33438722409	793.119995117188
3643.20926284973	793.359985351563
3645.08361648392	792.359985351563
3646.95744832614	792
3648.8307585758	792
3650.7035474322	791.440002441406
3652.57581509452	791.599975585938
3654.44756176188	790.119995117188
3656.31878763324	790.679992675781
3658.18949290753	789.919982910156
3660.05967778352	789.039978027344
3661.9293424599	788.52001953125
3663.79848713527	787.960021972656
3665.66711200812	787.039978027344
3667.53521727684	786.52001953125
3669.40280313972	786.239990234375
3671.26986979494	785.239990234375
3673.13641744059	784.080017089844
3675.00244627468	783.679992675781
