-140.373595351881	768.440002441406
-137.335129063906	768.919982910156
-134.297686810867	768.47998046875
-131.261268103955	768.719970703125
-128.225872454677	768.559997558594
-125.191499374839	768.799987792969
-122.158148376567	768.880004882813
-119.125818972292	768.880004882813
-116.094510674759	768.719970703125
-113.064222997021	768.760009765625
-110.034955452443	768.679992675781
-107.006707554687	768.52001953125
-103.979478817741	768.919982910156
-100.95326875589	768.640014648438
-97.928076883731	768.760009765625
-94.9039027161698	768.52001953125
-91.8807457684175	768.47998046875
-88.8586055560018	768.719970703125
-85.8374815947384	768.559997558594
-82.8173734007715	768.47998046875
-79.7982804905411	768.840026855469
-76.7802023807988	768.280029296875
-73.7631385885914	768.679992675781
-70.7470886312892	768.919982910156
-67.732052026553	768.960021972656
-64.7180282923587	768.52001953125
-61.7050169469884	768.679992675781
-58.6930175090183	768.719970703125
-55.6820294973386	768.200012207031
-52.6720524311495	768.640014648438
-49.66308582994	768.679992675781
-46.6551292135171	768.640014648438
-43.6481821019882	768.799987792969
-40.6422440157577	768.440002441406
-37.6373144755424	768.840026855469
-34.6333930023594	768.679992675781
-31.630479117526	769.080017089844
-28.6285723426709	768.559997558594
-25.6276721997107	768.47998046875
-22.6277782108771	768.599975585938
-19.628889898701	769.039978027344
-16.6310067860081	769.280029296875
-13.6341283959385	772.039978027344
-10.6382542519231	783.400024414063
-7.64338387769432	815.080017089844
-4.64951679729502	842.159973144531
-1.65665253506141	840.119995117188
1.33520938438089	811.640014648438
4.32606943608095	779.799987792969
7.315928094803	770.119995117188
10.3047858350146	769
13.2926431308747	768.760009765625
16.2795004562541	768.640014648438
19.2653582847118	768.799987792969
22.2502170895187	768.400024414063
25.2340773436344	768.840026855469
28.216939519735	768.47998046875
31.1988040901939	768.760009765625
34.1796715270814	768.599975585938
37.1595423021732	768.47998046875
40.1384168869468	768.440002441406
43.1162957525854	768.760009765625
46.0931793699786	768.359985351563
49.0690682097059	768.599975585938
52.0439627420619	768
55.0178634370476	768.919982910156
57.9907707643592	768.52001953125
60.9626851933962	768.559997558594
63.9336071932735	769
66.9035372328018	768.359985351563
69.8724757804959	768.440002441406
72.8404233045826	768.440002441406
75.8073802729932	768.679992675781
78.7733471533597	768.760009765625
81.738324413019	768.52001953125
84.702312519025	768.239990234375
87.665311938125	768.679992675781
90.6273231367761	768.359985351563
93.5883465811569	768.599975585938
96.5483827371242	768.359985351563
99.5074320702731	768.320007324219
102.465495045889	768.200012207031
105.422572128961	768.840026855469
108.378663784199	768.159973144531
111.333770476014	768.359985351563
114.287892668528	768.840026855469
117.24103082557	768.799987792969
120.193185410674	769.039978027344
123.144356887097	769.400024414063
126.094545717786	769.159973144531
129.043752365413	769.52001953125
131.991977292355	769.599975585938
134.939220960695	770.559997558594
137.885483832232	770.280029296875
140.83076636847	770.400024414063
143.775069030632	771.52001953125
146.718392279644	771.400024414063
149.660736576149	772.47998046875
152.602102380488	773
155.54249015274	772.799987792969
158.481900352672	774.080017089844
161.420333439765	774.200012207031
164.357789873227	775.080017089844
167.294270111968	775.159973144531
170.229774614617	776.039978027344
173.164303839496	776.719970703125
176.097858244675	777.559997558594
179.030438287908	778.919982910156
181.962044426678	780.359985351563
184.89267711817	779.52001953125
187.822336819302	780.47998046875
190.751023986678	780.840026855469
193.678739076648	781.559997558594
196.605482545255	781.719970703125
199.531254848261	781.799987792969
202.456056441152	781.559997558594
205.379887779119	781.440002441406
208.30274931708	782.119995117188
211.224641509656	782.039978027344
214.145564811189	782.880004882813
217.06551967574	782.840026855469
219.984506557089	782.239990234375
222.902525908723	782.840026855469
225.819578183856	782.039978027344
228.735663835415	782.200012207031
231.650783316047	781.359985351563
234.564937078107	782.280029296875
237.478125573679	782
240.390349254566	782.840026855469
243.301608572278	782.559997558594
246.211903978051	782.52001953125
249.121235922839	783.559997558594
252.029604857321	784.400024414063
254.93701123188	784.760009765625
257.843455496632	784.840026855469
260.748938101415	786.159973144531
263.653459495766	786.599975585938
266.557020128967	786.080017089844
269.459620450005	787.320007324219
272.361260907595	788.039978027344
275.261941950168	787.119995117188
278.161664025874	787.760009765625
281.060427582592	787.280029296875
283.958233067921	788.039978027344
286.855080929176	786.320007324219
289.750971613398	787.119995117188
292.645905567344	786.960021972656
295.539883237503	785.880004882813
298.432905070079	786.640014648438
301.324971511007	786.799987792969
304.216083005931	787.640014648438
307.10624000023	788.239990234375
309.995442939003	792.280029296875
312.883692267071	797.559997558594
315.770988428979	805.840026855469
318.657331869	814.719970703125
321.542723031127	819.200012207031
324.427162359076	814.679992675781
327.310650296293	804.47998046875
330.193187285945	797.119995117188
333.074773770929	792.239990234375
335.955410193855	789.599975585938
338.835096997075	786.760009765625
341.713834622655	785.960021972656
344.59162351239	786.039978027344
347.468464107802	784.039978027344
350.344356850137	784.880004882813
353.219302180373	786.080017089844
356.093300539208	784.440002441406
358.966352367073	784.760009765625
361.838458104123	784.599975585938
364.70961819024	784.200012207031
367.579833065031	783.47998046875
370.449103167837	784.320007324219
373.317428937727	784.320007324219
376.184810813496	784.119995117188
379.051249233659	784.960021972656
381.916744636474	784.679992675781
384.78129745992	783.200012207031
387.644908141706	784.320007324219
390.50757711927	783.599975585938
393.36930482978	784.280029296875
396.23009171014	785.200012207031
399.089938196969	784.440002441406
401.948844726631	783.960021972656
404.806811735214	784.359985351563
407.66383965853	783.559997558594
410.519928932138	785.200012207031
413.375079991314	785.400024414063
416.229293271071	783.679992675781
419.082569206155	785.080017089844
421.934908231031	785.119995117188
424.786310779917	784.320007324219
427.636777286748	783.960021972656
430.486308185189	785.039978027344
433.334903908649	784.640014648438
436.182564890262	785.880004882813
439.029291562898	784.719970703125
441.875084359157	785.200012207031
444.719943711374	784.080017089844
447.563870051618	783.960021972656
450.406863811695	784.400024414063
453.248925423132	784.719970703125
456.090055317208	784.400024414063
458.93025392492	783.919982910156
461.76952167701	783.919982910156
464.60785900395	784.320007324219
467.44526633595	785.320007324219
470.281744102955	785
473.117292734635	783.640014648438
475.951912660415	783.47998046875
478.785604309439	784.359985351563
481.618368110592	785.359985351563
484.450204492499	784.280029296875
487.281113883518	784.280029296875
490.111096711738	783.280029296875
492.940153404999	783.960021972656
495.768284390864	784.47998046875
498.595490096635	784.840026855469
501.421770949366	784.200012207031
504.247127375825	784.760009765625
507.071559802537	785.599975585938
509.89506865575	784.47998046875
512.717654361473	784.960021972656
515.539317345424	784.559997558594
518.360058033083	785.280029296875
521.179876849652	785.119995117188
523.998774220083	784.119995117188
526.816750569068	783.960021972656
529.633806321025	784.280029296875
532.44994190013	785.799987792969
535.265157730284	785.159973144531
538.079454235133	783.919982910156
540.892831838066	784.119995117188
543.705290962208	784.440002441406
546.516832030424	785.200012207031
549.32745546533	784.440002441406
552.137161689268	783.599975585938
554.945951124325	785
557.753824192341	783.52001953125
560.560781314883	783.960021972656
563.36682291327	783.919982910156
566.171949408555	783.400024414063
568.976161221537	784.200012207031
571.779458772759	784.47998046875
574.5818424825	785.039978027344
577.383312770792	784.679992675781
580.183870057402	784.440002441406
582.983514761843	784.47998046875
585.782247303363	785.039978027344
588.580068100976	784.960021972656
591.376977573414	784.239990234375
594.172976139164	784.239990234375
596.968064216463	784.359985351563
599.762242223282	784.080017089844
602.555510577335	784.320007324219
605.347869696099	783.599975585938
608.139319996771	784.039978027344
610.929861896313	783.640014648438
613.719495811421	783.719970703125
616.508222158541	783.719970703125
619.296041353863	783.080017089844
622.082953813324	783.919982910156
624.868959952607	782.679992675781
627.654060187137	783.359985351563
630.438254932094	784.159973144531
633.221544602397	784.080017089844
636.003929612719	784.239990234375
638.785410377468	784
641.565987310814	783.599975585938
644.345660826665	783.559997558594
647.124431338674	784.559997558594
649.902299260252	783.640014648438
652.679265004552	783.039978027344
655.455328984475	784.320007324219
658.230491612671	784.280029296875
661.004753301541	783.52001953125
663.778114463229	783.559997558594
666.550575509631	786
669.322136852395	785.200012207031
672.092798902916	784.840026855469
674.862562072336	784.239990234375
677.631426771548	784.960021972656
680.399393411204	784.200012207031
683.166462401689	783.880004882813
685.93263415315	784
688.697909075486	784.200012207031
691.462287578337	783.640014648438
694.225770071098	783.440002441406
696.988356962926	784.080017089844
699.750048662705	783.799987792969
702.5108455791	784.080017089844
705.270748120503	783.919982910156
708.029756695068	784.159973144531
710.787871710705	784.039978027344
713.545093575065	784.039978027344
716.301422695566	784.840026855469
719.056859479364	783.760009765625
721.811404333376	784.760009765625
724.56505766427	784.719970703125
727.317819878473	785.679992675781
730.069691382148	783.799987792969
732.820672581226	784
735.570763881396	783.440002441406
738.319965688092	784.960021972656
741.068278406496	784.679992675781
743.815702441559	785.320007324219
746.562238197974	785.119995117188
749.307886080196	784.760009765625
752.052646492436	785.280029296875
754.796519838656	785.159973144531
757.539506522567	784.52001953125
760.28160694765	785.359985351563
763.022821517128	785.599975585938
765.76315063399	785.080017089844
768.502594700972	785.400024414063
771.241154120572	784.760009765625
773.978829295045	785.320007324219
776.715620626397	785.440002441406
779.451528516396	785.400024414063
782.186553366565	785.760009765625
784.920695578179	786.200012207031
787.653955552283	787
790.386333689662	785.840026855469
793.117830390877	786.200012207031
795.848446056227	784.880004882813
798.578181085792	784.159973144531
801.307035879389	785.280029296875
804.035010836599	784.559997558594
806.762106356774	784.559997558594
809.488322839013	784.280029296875
812.213660682169	783.840026855469
814.938120284866	785.119995117188
817.661702045482	784.400024414063
820.384406362153	784.719970703125
823.10623363278	784.640014648438
825.827184255014	785.159973144531
828.547258626283	784.559997558594
831.266457143747	785.200012207031
833.984780204358	784.239990234375
836.702228204804	784.799987792969
839.418801541552	784.880004882813
842.134500610814	784.559997558594
844.849325808575	784.799987792969
847.563277530579	785.52001953125
850.276356172319	785.200012207031
852.988562129066	786.200012207031
855.69989579585	786.080017089844
858.410357567456	785.080017089844
861.119947838428	784.840026855469
863.828667003087	784.919982910156
866.536515455503	784.119995117188
869.243493589517	782.640014648438
871.949601798728	784.799987792969
874.654840476504	784.880004882813
877.359210015961	784
880.062710810003	784.719970703125
882.765343251273	784.47998046875
885.467107732191	784.320007324219
888.168004644938	783.559997558594
890.868034381467	783.320007324219
893.567197333476	783.159973144531
896.265493892445	784.640014648438
898.962924449614	784.679992675781
901.659489395985	785.200012207031
904.355189122325	784.599975585938
907.050024019165	784.159973144531
909.743994476809	783.919982910156
912.437100885322	783.599975585938
915.129343634532	784.640014648438
917.820723114032	784
920.511239713189	783.840026855469
923.200893821127	784.039978027344
925.889685826744	784.239990234375
928.577616118699	784.799987792969
931.264685085419	785.599975585938
933.950893115098	783.52001953125
936.6362405957	785.52001953125
939.320727914956	784.679992675781
942.004355460359	784.400024414063
944.687123619173	784.919982910156
947.369032778431	784.359985351563
950.050083324934	784.559997558594
952.730275645247	784.919982910156
955.409610125711	784.239990234375
958.088087152423	785.52001953125
960.765707111263	784.760009765625
963.442470387871	784.47998046875
966.118377367657	784.239990234375
968.793428435798	784.559997558594
971.467623977254	784.960021972656
974.140964376739	784.559997558594
976.813450018737	784.400024414063
979.485081287511	784.960021972656
982.155858567087	784.400024414063
984.825782241271	784.359985351563
987.494852693624	784.200012207031
990.163070307487	784.159973144531
992.830435465978	784.080017089844
995.496948551973	785
998.162609948122	785.719970703125
1000.82742003685	787.280029296875
1003.49137920036	788.440002441406
1006.15448782061	788.359985351563
1008.81674627934	786.640014648438
1011.47815495806	785.359985351563
1014.13871423805	783.760009765625
1016.79842450037	783.960021972656
1019.45728612586	784.119995117188
1022.11529949509	783.47998046875
1024.77246498846	782.799987792969
1027.4287829861	783.440002441406
1030.08425386792	784.119995117188
1032.73887801363	784.840026855469
1035.3926558027	783.840026855469
1038.04558761435	784.52001953125
1040.69767382761	783.719970703125
1043.34891482125	783.919982910156
1045.99931097384	783.400024414063
1048.64886266371	784.52001953125
1051.29757026898	784.280029296875
1053.94543416753	784.119995117188
1056.59245473701	783.52001953125
1059.23863235486	783.52001953125
1061.8839673983	784.599975585938
1064.5284602443	783.799987792969
1067.17211126962	784
1069.8149208508	784
1072.45688936415	783.840026855469
1075.09801718577	783.840026855469
1077.7383046915	784.640014648438
1080.377752257	785.640014648438
1083.01636025767	784.880004882813
1085.65412906872	784.640014648438
1088.2910590651	784.200012207031
1090.92715062157	784.799987792969
1093.56240411266	784.719970703125
1096.19681991265	785.239990234375
1098.83039839564	785.440002441406
1101.46313993547	785.47998046875
1104.09504490579	784.320007324219
1106.72611368	783.799987792969
1109.35634663129	784.599975585938
1111.98574413263	784.280029296875
1114.61430655677	784.039978027344
1117.24203427624	782.840026855469
1119.86892766333	783.200012207031
1122.49498709014	782.719970703125
1125.12021292851	782.840026855469
1127.74460555011	784.640014648438
1130.36816532634	783.960021972656
1132.99089262841	782.840026855469
1135.6127878273	781.919982910156
1138.23385129376	782
1140.85408339834	781.679992675781
1143.47348451137	781.599975585938
1146.09205500294	781.559997558594
1148.70979524293	782.320007324219
1151.326705601	781.679992675781
1153.9427864466	782.440002441406
1156.55803814896	782.440002441406
1159.17246107707	783.359985351563
1161.78605559974	782.960021972656
1164.39882208551	781.840026855469
1167.01076090276	782.440002441406
1169.6218724196	783
1172.23215700396	782.280029296875
1174.84161502352	782.440002441406
1177.45024684578	782.47998046875
1180.05805283799	782.47998046875
1182.66503336719	783.239990234375
1185.27118880021	783.200012207031
1187.87651950367	782.760009765625
1190.48102584395	782.960021972656
1193.08470818723	783
1195.68756689948	782.400024414063
1198.28960234643	782.960021972656
1200.89081489363	783
1203.49120490636	784.880004882813
1206.09077274974	784.840026855469
1208.68951878864	783.799987792969
1211.28744338773	783.760009765625
1213.88454691145	783.52001953125
1216.48082972404	784.080017089844
1219.07629218953	785.239990234375
1221.6709346717	784.52001953125
1224.26475753416	785.119995117188
1226.85776114028	784.799987792969
1229.44994585322	785.280029296875
1232.04131203592	786.840026855469
1234.63186005112	787.440002441406
1237.22159026133	787.760009765625
1239.81050302886	787.200012207031
1242.3985987158	786.919982910156
1244.98587768402	786.679992675781
1247.5723402952	787.280029296875
1250.15798691078	788.039978027344
1252.74281789199	787.400024414063
1255.32683359987	787.760009765625
1257.91003439523	788.599975585938
1260.49242063865	787.400024414063
1263.07399269055	787.799987792969
1265.65475091108	787.200012207031
1268.23469566021	786.599975585938
1270.81382729769	786.599975585938
1273.39214618306	786.52001953125
1275.96965267566	785.440002441406
1278.54634713458	785.679992675781
1281.12222991875	785.320007324219
1283.69730138685	786.119995117188
1286.27156189737	785.679992675781
1288.84501180858	786.679992675781
1291.41765147853	785.640014648438
1293.98948126509	785.640014648438
1296.56050152589	787.039978027344
1299.13071261837	786.599975585938
1301.70011489973	787.280029296875
1304.268708727	787.400024414063
1306.83649445698	786.440002441406
1309.40347244625	786.960021972656
1311.96964305119	786.559997558594
1314.53500662799	787.440002441406
1317.0995635326	788.039978027344
1319.66331412077	787.400024414063
1322.22625874806	787.280029296875
1324.7883977698	788.400024414063
1327.34973154112	787.719970703125
1329.91026041694	786.47998046875
1332.46998475197	787.200012207031
1335.0289049007	788.239990234375
1337.58702121746	787.960021972656
1340.14433405631	787.559997558594
1342.70084377115	788.280029296875
1345.25655071563	787.599975585938
1347.81145524323	786.840026855469
1350.36555770721	785.559997558594
1352.91885846062	783.880004882813
1355.47135785631	785.119995117188
1358.02305624691	784
1360.57395398486	783.799987792969
1363.12405142237	783.919982910156
1365.67334891148	782.47998046875
1368.22184680399	782.599975585938
1370.76954545151	783.400024414063
1373.31644520545	782.880004882813
1375.86254641699	783.52001953125
1378.40784943713	783.400024414063
1380.95235461666	783
1383.49606230615	782.159973144531
1386.03897285598	783.080017089844
1388.58108661632	783.440002441406
1391.12240393713	781.400024414063
1393.66292516818	782.719970703125
1396.20265065903	782.47998046875
1398.74158075901	782.880004882813
1401.2797158173	782.919982910156
1403.81705618282	783.52001953125
1406.35360220431	782.080017089844
1408.88935423032	783.119995117188
1411.42431260919	782.840026855469
1413.95847768903	783.239990234375
1416.49184981777	783.039978027344
1419.02442934314	783.47998046875
1421.55621661266	783.559997558594
1424.08721197364	783.159973144531
1426.61741577321	783.200012207031
1429.14682835828	783.559997558594
1431.67545007555	783.559997558594
1434.20328127153	783.760009765625
1436.73032229253	784.280029296875
1439.25657348466	785.440002441406
1441.78203519381	786.200012207031
1444.3067077657	787.080017089844
1446.83059154581	787.880004882813
1449.35368687944	787.719970703125
1451.8759941117	788.080017089844
1454.39751358748	787.719970703125
1456.91824565148	787.599975585938
1459.43819064818	786.599975585938
1461.95734892189	786.320007324219
1464.4757208167	786.200012207031
1466.99330667649	786.440002441406
1469.51010684497	785.400024414063
1472.02612166564	784.039978027344
1474.54135148177	783.960021972656
1477.05579663646	783.440002441406
1479.56945747262	783.200012207031
1482.08233433293	783.359985351563
1484.59442755989	783.039978027344
1487.10573749579	782.880004882813
1489.61626448275	782.080017089844
1492.12600886264	780.880004882813
1494.63497097718	781.119995117188
1497.14315116786	779.320007324219
1499.65054977599	779.679992675781
1502.15716714267	779.440002441406
1504.66300360881	779.919982910156
1507.16805951512	779.47998046875
1509.67233520211	779.599975585938
1512.1758310101	778.880004882813
1514.67854727919	778.719970703125
1517.18048434931	779.080017089844
1519.68164256018	778.880004882813
1522.18202225132	778.559997558594
1524.68162376207	778.52001953125
1527.18044743155	779.47998046875
1529.67849359869	778.719970703125
1532.17576260224	779.559997558594
1534.67225478072	779.919982910156
1537.1679704725	779.320007324219
1539.66291001572	779.400024414063
1542.15707374832	779.640014648438
1544.65046200807	779
1547.14307513254	779.559997558594
1549.63491345907	779.679992675781
1552.12597732485	780.440002441406
1554.61626706685	780.039978027344
1557.10578302185	781.119995117188
1559.59452552644	780.760009765625
1562.082494917	781.119995117188
1564.56969152973	780.919982910156
1567.05611570064	781.280029296875
1569.54176776552	782.039978027344
1572.02664806	781.719970703125
1574.51075691949	781.880004882813
1576.99409467921	782
1579.4766616742	781.880004882813
1581.95845823929	782.47998046875
1584.43948470912	782.679992675781
1586.91974141815	781.919982910156
1589.39922870064	781.840026855469
1591.87794689064	781.47998046875
1594.35589632202	781.47998046875
1596.83307732848	781.799987792969
1599.30949024348	781.52001953125
1601.78513540033	783.039978027344
1604.26001313211	782.280029296875
1606.73412377175	782.799987792969
1609.20746765196	783.320007324219
1611.68004510526	783
1614.15185646398	782.679992675781
1616.62290206026	783.159973144531
1619.09318222605	783.840026855469
1621.56269729311	783.840026855469
1624.031447593	783.400024414063
1626.4994334571	783.47998046875
1628.9666552166	784.039978027344
1631.43311320248	785.559997558594
1633.89880774554	783.960021972656
1636.3637391764	785.159973144531
1638.82790782548	784.960021972656
1641.29131402301	785.359985351563
1643.75395809903	785.799987792969
1646.21584038339	786.320007324219
1648.67696120575	786.880004882813
1651.13732089558	788.159973144531
1653.59691978216	787.840026855469
1656.05575819459	787.440002441406
1658.51383646175	787.47998046875
1660.97115491238	788.400024414063
1663.42771387498	787.599975585938
1665.8835136779	786.640014648438
1668.33855464928	786.799987792969
1670.79283711708	787.239990234375
1673.24636140907	786.880004882813
1675.69912785282	785.679992675781
1678.15113677572	785
1680.602388505	783.960021972656
1683.05288336764	784.320007324219
1685.50262169049	782.919982910156
1687.95160380019	782.400024414063
1690.39983002318	782.239990234375
1692.84730068573	781.840026855469
1695.29401611392	779.919982910156
1697.73997663364	779.880004882813
1700.18518257059	779.200012207031
1702.6296342503	779.119995117188
1705.07333199807	779.119995117188
1707.51627613907	778.960021972656
1709.95846699824	777.280029296875
1712.39990490036	777.719970703125
1714.84059017001	778.200012207031
1717.28052313159	777.239990234375
1719.7197041093	778.320007324219
1722.15813342718	777.679992675781
1724.59581140906	777.080017089844
1727.03273837859	776.47998046875
1729.46891465926	776.119995117188
1731.90434057432	777.280029296875
1734.3390164469	776.960021972656
1736.7729425999	776.719970703125
1739.20611935604	776.359985351563
1741.63854703787	775.880004882813
1744.07022596776	776.239990234375
1746.50115646787	775.960021972656
1748.93133886019	775.960021972656
1751.36077346652	775.52001953125
1753.7894606085	775.559997558594
1756.21740060755	775.359985351563
1758.64459378494	776.200012207031
1761.07104046172	774.799987792969
1763.49674095879	775.559997558594
1765.92169559684	776.039978027344
1768.3459046964	775.760009765625
1770.7693685778	775.280029296875
1773.1920875612	774.760009765625
1775.61406196656	775.52001953125
1778.03529211367	775.559997558594
1780.45577832214	775.359985351563
1782.87552091138	775
1785.29452020064	775.159973144531
1787.71277650897	775.119995117188
1790.13029015525	774.919982910156
1792.54706145817	775.119995117188
1794.96309073625	774.47998046875
1797.3783783078	774.960021972656
1799.79292449097	774.52001953125
1802.20672960375	775.47998046875
1804.61979396389	775.239990234375
1807.03211788902	774.559997558594
1809.44370169655	775.159973144531
1811.85454570373	774.919982910156
1814.2646502276	774.280029296875
1816.67401558506	774.960021972656
1819.0826420928	774.320007324219
1821.49053006734	775.080017089844
1823.89767982501	775
1826.30409168198	775.280029296875
1828.70976595422	775.080017089844
1831.11470295753	775.599975585938
1833.51890300752	775.119995117188
1835.92236641964	774.52001953125
1838.32509350914	774.52001953125
1840.72708459111	774.719970703125
1843.12833998044	774.159973144531
1845.52885999184	774.919982910156
1847.92864493987	774.52001953125
1850.32769513889	774.960021972656
1852.72601090307	774.760009765625
1855.12359254642	774.840026855469
1857.52044038278	775.239990234375
1859.91655472578	774.52001953125
1862.31193588889	774.760009765625
1864.70658418542	774
1867.10049992847	774.960021972656
1869.49368343096	774.719970703125
1871.88613500568	774.280029296875
1874.27785496518	774.159973144531
1876.66884362188	774.440002441406
1879.059101288	774.559997558594
1881.44862827559	774.640014648438
1883.8374248965	774.880004882813
1886.22549146246	774.880004882813
1888.61282828495	774.640014648438
1890.99943567534	774.679992675781
1893.38531394477	774.440002441406
1895.77046340424	775
1898.15488436455	774.840026855469
1900.53857713634	774.919982910156
1902.92154203006	774.400024414063
1905.303779356	774.52001953125
1907.68528942426	774.080017089844
1910.06607254477	774.320007324219
1912.44612902729	774.080017089844
1914.82545918139	774.799987792969
1917.20406331648	775
1919.58194174178	774.599975585938
1921.95909476634	774.719970703125
1924.33552269905	774.599975585938
1926.71122584861	774.559997558594
1929.08620452353	774.320007324219
1931.46045903219	774.679992675781
1933.83398968275	774.47998046875
1936.20679678322	775.159973144531
1938.57888064142	775.039978027344
1940.95024156502	775.080017089844
1943.3208798615	775.359985351563
1945.69079583816	774.960021972656
1948.05998980213	774.719970703125
1950.42846206038	774.640014648438
1952.79621291969	774.679992675781
1955.16324268668	775.039978027344
1957.52955166778	774.559997558594
1959.89514016927	774.200012207031
1962.26000849723	774.760009765625
1964.62415695759	774.47998046875
1966.98758585609	774.039978027344
1969.3502954983	774.599975585938
1971.71228618964	775
1974.07355823532	774.760009765625
1976.43411194042	774.119995117188
1978.79394760981	775.280029296875
1981.1530655482	774.47998046875
1983.51146606014	774.960021972656
1985.86914944999	775
1988.22611602196	774.599975585938
1990.58236608007	774.760009765625
1992.93789992817	774.719970703125
1995.29271786995	775.159973144531
1997.64682020892	774.799987792969
2000.00020724843	774.719970703125
2002.35287929162	773.799987792969
2004.70483664152	775.039978027344
2007.05607960095	774.919982910156
2009.40660847256	774.52001953125
2011.75642355884	774.679992675781
2014.1055251621	774.400024414063
2016.4539135845	774.280029296875
2018.80158912802	774.440002441406
2021.14855209444	774.799987792969
2023.49480278542	774.559997558594
2025.84034150242	775.919982910156
2028.18516854673	774.719970703125
2030.52928421948	775.159973144531
2032.87268882163	775.200012207031
2035.21538265398	775.080017089844
2037.55736601713	775.039978027344
2039.89863921153	775.080017089844
2042.23920253747	774.400024414063
2044.57905629506	775.400024414063
2046.91820078425	775.239990234375
2049.2566363048	774.679992675781
2051.59436315633	775.159973144531
2053.93138163827	774.799987792969
2056.2676920499	775.080017089844
2058.6032946903	774.760009765625
2060.93818985843	775.320007324219
2063.27237785303	774.840026855469
2065.60585897272	775.440002441406
2067.93863351592	775.039978027344
2070.27070178089	775.080017089844
2072.60206406574	774.719970703125
2074.93272066838	774.719970703125
2077.26267188658	774.559997558594
2079.59191801793	774.719970703125
2081.92045935985	775.280029296875
2084.24829620962	775.080017089844
2086.57542886431	775.52001953125
2088.90185762087	775.440002441406
2091.22758277604	774.880004882813
2093.55260462643	775.080017089844
2095.87692346845	775
2098.20053959837	774.880004882813
2100.52345331229	775.400024414063
2102.84566490614	774.599975585938
2105.16717467567	775.039978027344
2107.48798291649	774.799987792969
2109.80808992403	774.960021972656
2112.12749599355	775.159973144531
2114.44620142016	775.280029296875
2116.7642064988	774.880004882813
2119.08151152423	775.280029296875
2121.39811679106	775.119995117188
2123.71402259374	775.080017089844
2126.02922922653	775.359985351563
2128.34373698356	775.039978027344
2130.65754615876	774.880004882813
2132.97065704594	774.760009765625
2135.28306993869	775.039978027344
2137.59478513047	775.200012207031
2139.90580291459	774.719970703125
2142.21612358416	775.799987792969
2144.52574743214	775.239990234375
2146.83467475134	774.719970703125
2149.1429058344	774.840026855469
2151.45044097377	774.719970703125
2153.75728046178	775.280029296875
2156.06342459057	774.640014648438
2158.36887365212	775.159973144531
2160.67362793825	775.080017089844
2162.97768774061	775.239990234375
2165.28105335071	774.760009765625
2167.58372505987	775.280029296875
2169.88570315926	774.960021972656
2172.18698793988	774.960021972656
2174.48757969258	774.559997558594
2176.78747870805	775.200012207031
2179.08668527679	775.359985351563
2181.38519968917	774.47998046875
2183.68302223538	775.359985351563
2185.98015320547	774.359985351563
2188.27659288929	774.640014648438
2190.57234157656	774.599975585938
2192.86739955682	774.200012207031
2195.16176711948	774.880004882813
2197.45544455375	774.799987792969
2199.74843214869	774.47998046875
2202.04073019322	774.440002441406
2204.33233897607	774.52001953125
2206.62325878583	773.760009765625
2208.91348991093	774.599975585938
2211.20303263961	775.159973144531
2213.49188726	774.52001953125
2215.78005406001	774.760009765625
2218.06753332744	774.400024414063
2220.35432534991	774.280029296875
2222.64043041487	774.559997558594
2224.92584880964	773.640014648438
2227.21058082134	774.359985351563
2229.49462673696	774.400024414063
2231.77798684332	774.400024414063
2234.06066142709	774.679992675781
2236.34265077477	774.200012207031
2238.62395517269	774.400024414063
2240.90457490706	773.400024414063
2243.18451026388	774.200012207031
2245.46376152904	774.320007324219
2247.74232898823	774.200012207031
2250.02021292701	774.799987792969
2252.29741363077	774.039978027344
2254.57393138475	774.039978027344
2256.849766474	774.200012207031
2259.12491918346	774.080017089844
2261.39938979788	774.159973144531
2263.67317860185	774.039978027344
2265.94628587983	774.599975585938
2268.2187119161	773.840026855469
2270.49045699478	774.960021972656
2272.76152139985	774.559997558594
2275.03190541511	774.440002441406
2277.30160932421	773.719970703125
2279.57063341067	773.760009765625
2281.83897795781	773.719970703125
2284.10664324882	773.52001953125
2286.37362956672	774.080017089844
2288.63993719439	774.320007324219
2290.90556641454	774.080017089844
2293.17051750973	773.840026855469
2295.43479076235	774.239990234375
2297.69838645465	773.960021972656
2299.96130486871	774.640014648438
2302.22354628647	774.239990234375
2304.48511098971	774.039978027344
2306.74599926003	773.679992675781
2309.00621137891	774
2311.26574762765	774
2313.52460828741	773.840026855469
2315.78279363917	774.400024414063
2318.04030396379	773.640014648438
2320.29713954195	774
2322.55330065418	774.159973144531
2324.80878758085	774.080017089844
2327.06360060219	773.47998046875
2329.31773999826	773.359985351563
2331.57120604897	774.080017089844
2333.82399903409	773.719970703125
2336.0761192332	773.760009765625
2338.32756692577	773.640014648438
2340.57834239108	773.440002441406
2342.82844590827	773.960021972656
2345.07787775633	773.52001953125
2347.32663821409	774.200012207031
2349.57472756023	773.960021972656
2351.82214607327	773.960021972656
2354.06889403158	774.47998046875
2356.31497171337	773.159973144531
2358.56037939672	773.640014648438
2360.80511735953	773.239990234375
2363.04918587955	773.960021972656
2365.29258523439	773.039978027344
2367.5353157015	773.280029296875
2369.77737755817	773.039978027344
2372.01877108156	773.280029296875
2374.25949654865	772.919982910156
2376.49955423629	773.039978027344
2378.73894442115	773.200012207031
2380.97766737977	773.880004882813
2383.21572338855	773.760009765625
2385.45311272369	773.400024414063
2387.68983566129	773.039978027344
2389.92589247727	772.919982910156
2392.1612834474	773.080017089844
2394.39600884731	773.640014648438
2396.63006895246	773.200012207031
2398.86346403818	774.080017089844
2401.09619437962	773.039978027344
2403.32826025182	773.559997558594
2405.55966192963	773.280029296875
2407.79039968777	772.960021972656
2410.0204738008	773.400024414063
2412.24988454313	772.960021972656
2414.47863218902	773.880004882813
2416.70671701258	773.320007324219
2418.93413928778	773.280029296875
2421.16089928842	772.640014648438
2423.38699728817	773.359985351563
2425.61243356052	773.679992675781
2427.83720837884	772.640014648438
2430.06132201633	774
2432.28477474606	772.919982910156
2434.50756684093	773.200012207031
2436.72969857371	773.159973144531
2438.95117021699	773.320007324219
2441.17198204325	773.320007324219
2443.39213432478	772.919982910156
2445.61162733376	773.080017089844
2447.83046134218	772.799987792969
2450.04863662192	773.359985351563
2452.26615344468	773.400024414063
2454.48301208203	773.359985351563
2456.69921280539	773.400024414063
2458.91475588602	773.159973144531
2461.12964159504	773.320007324219
2463.34387020342	773.200012207031
2465.55744198198	773.599975585938
2467.77035720139	773.159973144531
2469.98261613217	773.280029296875
2472.1942190447	773.400024414063
2474.40516620922	773.119995117188
2476.6154578958	773.640014648438
2478.82509437436	773.799987792969
2481.03407591471	773.52001953125
2483.24240278646	773.200012207031
2485.45007525911	773.239990234375
2487.65709360202	773.47998046875
2489.86345808435	773.239990234375
2492.06916897518	773.52001953125
2494.27422654339	773.400024414063
2496.47863105774	773.760009765625
2498.68238278683	772.919982910156
2500.88548199912	773.400024414063
2503.08792896294	772.52001953125
2505.28972394643	773.119995117188
2507.49086721763	773
2509.6913590444	772.840026855469
2511.89119969447	773.440002441406
2514.09038943543	773.359985351563
2516.2889285347	773.52001953125
2518.48681725957	772.880004882813
2520.6840558772	773.280029296875
2522.88064465456	773.52001953125
2525.07658385852	773.47998046875
2527.27187375578	772.840026855469
2529.4665146129	773.679992675781
2531.66050669629	773.200012207031
2533.85385027222	773.440002441406
2536.04654560681	773.799987792969
2538.23859296605	773.239990234375
2540.42999261577	772.840026855469
2542.62074482166	773.239990234375
2544.81084984925	773.52001953125
2547.00030796395	773.719970703125
2549.18911943101	773.320007324219
2551.37728451555	773.400024414063
2553.56480348252	772.919982910156
2555.75167659675	773.640014648438
2557.93790412292	773.960021972656
2560.12348632556	773.640014648438
2562.30842346905	772.960021972656
2564.49271581764	773.440002441406
2566.67636363544	773.52001953125
2568.85936718639	773.039978027344
2571.04172673431	773.280029296875
2573.22344254288	773.239990234375
2575.40451487562	772.559997558594
2577.58494399591	773.359985351563
2579.76473016699	773.159973144531
2581.94387365196	773.200012207031
2584.12237471377	772.679992675781
2586.30023361523	772.840026855469
2588.47745061901	773.320007324219
2590.65402598763	773.119995117188
2592.82995998348	772.640014648438
2595.0052528688	773.440002441406
2597.17990490568	772.799987792969
2599.35391635608	773.640014648438
2601.52728748181	773.159973144531
2603.70001854454	773.359985351563
2605.8721098058	773.280029296875
2608.04356152698	773.119995117188
2610.21437396931	773.760009765625
2612.3845473939	773.119995117188
2614.55408206173	772.960021972656
2616.72297823359	773.239990234375
2618.89123617017	773.440002441406
2621.058856132	773.200012207031
2623.22583837949	773.239990234375
2625.39218317288	773.840026855469
2627.55789077229	773.440002441406
2629.72296143769	773.080017089844
2631.88739542891	773.359985351563
2634.05119300563	773.239990234375
2636.21435442742	773.280029296875
2638.37687995367	773.599975585938
2640.53876984365	773.559997558594
2642.70002435649	773.119995117188
2644.86064375119	773
2647.02062828658	773.52001953125
2649.17997822137	773.359985351563
2651.33869381413	773.559997558594
2653.49677532328	773.200012207031
2655.65422300711	773.039978027344
2657.81103712378	773.760009765625
2659.96721793127	773.760009765625
2662.12276568747	773.760009765625
2664.2776806501	773.320007324219
2666.43196307675	773.280029296875
2668.58561322486	773.919982910156
2670.73863135176	773.719970703125
2672.8910177146	773.840026855469
2675.04277257043	773.880004882813
2677.19389617612	773.679992675781
2679.34438878845	773.960021972656
2681.49425066402	773.559997558594
2683.64348205931	774.320007324219
2685.79208323065	774.159973144531
2687.94005443425	773.440002441406
2690.08739592617	773.640014648438
2692.23410796233	774.119995117188
2694.38019079852	773.679992675781
2696.52564469038	774.799987792969
2698.67046989342	773.200012207031
2700.81466666302	774.760009765625
2702.9582352544	773.799987792969
2705.10117592265	774.400024414063
2707.24348892275	773.880004882813
2709.3851745095	774.719970703125
2711.5262329376	774.640014648438
2713.66666446158	774.799987792969
2715.80646933585	774.640014648438
2717.94564781468	774.200012207031
2720.08420015222	774
2722.22212660245	774.320007324219
2724.35942741923	775.359985351563
2726.49610285628	773.880004882813
2728.63215316721	774.159973144531
2730.76757860544	774.760009765625
2732.9023794243	775.159973144531
2735.03655587697	774.039978027344
2737.17010821648	774.760009765625
2739.30303669573	774.960021972656
2741.4353415675	775.080017089844
2743.56702308442	774.559997558594
2745.69808149898	774.119995117188
2747.82851706355	774.239990234375
2749.95833003034	774.679992675781
2752.08752065145	774.47998046875
2754.21608917883	774.400024414063
2756.3440358643	774.039978027344
2758.47136095954	774.320007324219
2760.59806471609	774.320007324219
2762.72414738537	774.440002441406
2764.84960921865	775.039978027344
2766.97445046708	774.320007324219
2769.09867138166	774.440002441406
2771.22227221326	774
2773.34525321263	773.760009765625
2775.46761463035	774.880004882813
2777.58935671691	774.039978027344
2779.71047972262	774.640014648438
2781.83098389771	774.320007324219
2783.95086949221	774.200012207031
2786.07013675607	774.119995117188
2788.18878593908	773.880004882813
2790.3068172909	774.719970703125
2792.42423106106	774.159973144531
2794.54102749895	774.52001953125
2796.65720685384	775.039978027344
2798.77276937486	774.840026855469
2800.88771531098	775.200012207031
2803.00204491107	775
2805.11575842387	774.719970703125
2807.22885609796	774.760009765625
2809.34133818179	774.840026855469
2811.4532049237	775
2813.56445657189	774.47998046875
2815.6750933744	775
2817.78511557916	775.47998046875
2819.89452343398	776.119995117188
2822.00331718652	775.679992675781
2824.11149708429	775.52001953125
2826.2190633747	776.200012207031
2828.32601630502	776.280029296875
2830.43235612237	776.159973144531
2832.53808307375	776.599975585938
2834.64319740603	776.320007324219
2836.74769936595	777.47998046875
2838.85158920011	778.679992675781
2840.95486715497	779.159973144531
2843.05753347689	780.200012207031
2845.15958841206	781.320007324219
2847.26103220657	783.039978027344
2849.36186510636	784.280029296875
2851.46208735724	784.880004882813
2853.56169920488	784.200012207031
2855.66070089485	784.840026855469
2857.75909267257	784.679992675781
2859.85687478332	785.880004882813
2861.95404747225	786.440002441406
2864.05061098439	788.719970703125
2866.14656556464	789.640014648438
2868.24191145777	791.599975585938
2870.3366489084	791.640014648438
2872.43077816104	791.880004882813
2874.52429946006	793.280029296875
2876.61721304971	791.919982910156
2878.70951917409	793.47998046875
2880.8012180772	792.919982910156
2882.89231000287	794.320007324219
2884.98279519483	795.280029296875
2887.07267389667	793.840026855469
2889.16194635186	794.200012207031
2891.25061280373	795.080017089844
2893.33867349546	794.679992675781
2895.42612867015	795.280029296875
2897.51297857074	795.400024414063
2899.59922344003	796.760009765625
2901.68486352071	797.799987792969
2903.76989905533	796.919982910156
2905.85433028632	798.640014648438
2907.93815745598	798.840026855469
2910.02138080648	799.640014648438
2912.10400057985	799.799987792969
2914.186017018	800.080017089844
2916.26743036271	803.119995117188
2918.34824085563	803.52001953125
2920.4284487383	804.119995117188
2922.5080542521	804.359985351563
2924.58705763829	804.840026855469
2926.66545913802	805.679992675781
2928.74325899231	806.400024414063
2930.82045744202	808.47998046875
2932.89705472792	807.239990234375
2934.97305109062	808.960021972656
2937.04844677063	811.359985351563
2939.12324200832	809.719970703125
2941.19743704393	809.159973144531
2943.27103211757	808.559997558594
2945.34402746923	807.159973144531
2947.41642333876	804.719970703125
2949.48821996592	803.039978027344
2951.55941759028	802.760009765625
2953.63001645135	801.47998046875
2955.70001678845	800.52001953125
2957.76941884083	801.039978027344
2959.83822284757	800.719970703125
2961.90642904764	797.559997558594
2963.97403767988	799.599975585938
2966.04104898302	798.52001953125
2968.10746319565	799.760009765625
2970.17328055621	797.320007324219
2972.23850130305	796.200012207031
2974.30312567438	795.719970703125
2976.36715390829	795.320007324219
2978.43058624273	796.280029296875
2980.49342291553	796.239990234375
2982.55566416439	794.47998046875
2984.61731022691	795.640014648438
2986.67836134051	793.359985351563
2988.73881774255	794.239990234375
2990.79867967021	794.52001953125
2992.85794736058	792.599975585938
2994.9166210506	792.919982910156
2996.97470097711	791.159973144531
2999.03218737679	790.039978027344
3001.08908048622	790.239990234375
3003.14538054186	790.679992675781
3005.20108778002	790.280029296875
3007.25620243691	789.239990234375
3009.3107247486	788.880004882813
3011.36465495104	788.919982910156
3013.41799328004	788.880004882813
3015.47073997133	787.119995117188
3017.52289526045	786.47998046875
3019.57445938288	788.359985351563
3021.62543257393	786.679992675781
3023.6758150688	787
3025.72560710258	789.239990234375
3027.77480891021	788.400024414063
3029.82342072652	788.280029296875
3031.87144278622	788.640014648438
3033.91887532389	789
3035.96571857399	788.840026855469
3038.01197277084	789.840026855469
3040.05763814867	789.960021972656
3042.10271494154	790.359985351563
3044.14720338344	791.559997558594
3046.19110370818	791.320007324219
3048.2344161495	792.320007324219
3050.27714094097	792.440002441406
3052.31927831608	793.719970703125
3054.36082850816	793.440002441406
3056.40179175044	794.080017089844
3058.44216827602	794.799987792969
3060.48195831786	794.239990234375
3062.52116210884	794.280029296875
3064.55977988167	793.760009765625
3066.59781186897	792.960021972656
3068.63525830322	796.52001953125
3070.67211941678	797.960021972656
3072.7083954419	798.080017089844
3074.7440866107	796.400024414063
3076.77919315516	797.799987792969
3078.81371530716	797.400024414063
3080.84765329846	797.960021972656
3082.88100736068	799.559997558594
3084.91377772534	797.080017089844
3086.94596462381	796.919982910156
3088.97756828737	797.080017089844
3091.00858894714	800
3093.03902683417	800.200012207031
3095.06888217933	800.039978027344
3097.09815521342	801.960021972656
3099.12684616709	801.799987792969
3101.15495527087	801.719970703125
3103.18248275518	802.039978027344
3105.20942885031	803.159973144531
3107.23579378642	804.559997558594
3109.26157779358	805.280029296875
3111.28678110171	805.320007324219
3113.31140394062	808.799987792969
3115.33544654	810.960021972656
3117.35890912942	808.719970703125
3119.38179193832	809
3121.40409519602	810.840026855469
3123.42581913174	812.280029296875
3125.44696397457	808.799987792969
3127.46752995345	810.719970703125
3129.48751729725	811.840026855469
3131.50692623469	814
3133.52575699436	813.559997558594
3135.54400980476	814.400024414063
3137.56168489425	814.880004882813
3139.57878249108	815.080017089844
3141.59530282337	815.400024414063
3143.61124611913	816.52001953125
3145.62661260624	816.679992675781
3147.64140251247	816.719970703125
3149.65561606547	817.52001953125
3151.66925349277	817.280029296875
3153.68231502177	818.400024414063
3155.69480087977	819.359985351563
3157.70671129394	817.280029296875
3159.71804649132	823.760009765625
3161.72880669886	823
3163.73899214336	823.400024414063
3165.74860305152	825
3167.75763964991	825.280029296875
3169.766102165	824.440002441406
3171.77399082313	826.400024414063
3173.7813058505	828.640014648438
3175.78804747323	826.760009765625
3177.79421591731	825.880004882813
3179.79981140859	828.960021972656
3181.80483417282	828.960021972656
3183.80928443564	827.960021972656
3185.81316242255	832.359985351563
3187.81646835896	835.919982910156
3189.81920247013	834.080017089844
3191.82136498122	834.599975585938
3193.82295611727	834.640014648438
3195.82397610321	833.880004882813
3197.82442516385	835.840026855469
3199.82430352386	831.640014648438
3201.82361140782	835.799987792969
3203.82234904018	837.47998046875
3205.82051664529	836.679992675781
3207.81811444735	839.320007324219
3209.81514267047	838.919982910156
3211.81160153863	835.239990234375
3213.80749127571	836.840026855469
3215.80281210545	838.679992675781
3217.79756425148	839.119995117188
3219.79174793733	837.280029296875
3221.7853633864	838.359985351563
3223.77841082196	837.039978027344
3225.77089046719	840.640014648438
3227.76280254513	838
3229.75414727873	840.119995117188
3231.74492489081	844.119995117188
3233.73513560406	843.640014648438
3235.72477964107	839.440002441406
3237.71385722431	842.359985351563
3239.70236857614	846.52001953125
3241.6903139188	844.919982910156
3243.6776934744	841.039978027344
3245.66450746496	842.47998046875
3247.65075611237	846.200012207031
3249.63643963841	844.840026855469
3251.62155826472	843.559997558594
3253.60611221287	839.760009765625
3255.59010170428	840.280029296875
3257.57352696026	843.039978027344
3259.55638820202	845.719970703125
3261.53868565064	847.239990234375
3263.52041952708	846.960021972656
3265.50159005221	845.799987792969
3267.48219744676	843.47998046875
3269.46224193136	842.320007324219
3271.44172372651	846.880004882813
3273.42064305262	850.400024414063
3275.39900012996	847.919982910156
3277.3767951787	847.320007324219
3279.35402841889	847.239990234375
3281.33070007047	848
3283.30681035326	847.119995117188
3285.28235948698	847.159973144531
3287.25734769121	845.440002441406
3289.23177518544	847.119995117188
3291.20564218903	845.640014648438
3293.17894892124	842.760009765625
3295.1516956012	840.760009765625
3297.12388244795	844
3299.09550968039	846.559997558594
3301.06657751732	851.440002441406
3303.03708617743	849.280029296875
3305.00703587929	845.679992675781
3306.97642684135	844.159973144531
3308.94525928196	845.039978027344
3310.91353341935	848.799987792969
3312.88124947164	844.880004882813
3314.84840765683	842.840026855469
3316.81500819282	846.280029296875
3318.78105129738	846
3320.74653718818	845.080017089844
3322.71146608278	843.280029296875
3324.67583819861	842.559997558594
3326.639653753	842.719970703125
3328.60291296317	842.760009765625
3330.56561604621	841.960021972656
3332.52776321913	841.200012207031
3334.4893546988	844.239990234375
3336.45039070198	842.799987792969
3338.41087144533	841.640014648438
3340.37079714539	844.47998046875
3342.33016801859	840.960021972656
3344.28898428124	842.840026855469
3346.24724614955	845.840026855469
3348.20495383962	843.760009765625
3350.16210756742	841.760009765625
3352.11870754883	844
3354.07475399961	842.760009765625
3356.03024713539	841.400024414063
3357.98518717173	841.359985351563
3359.93957432403	843.280029296875
3361.89340880761	843.799987792969
3363.84669083768	843.919982910156
3365.79942062933	843.280029296875
3367.75159839753	842
3369.70322435715	842.679992675781
3371.65429872295	842.719970703125
3373.60482170957	848.239990234375
3375.55479353155	849.320007324219
3377.50421440332	843.599975585938
3379.45308453918	842.840026855469
3381.40140415335	842.640014648438
3383.34917345991	841.719970703125
3385.29639267284	842.119995117188
3387.24306200602	846.960021972656
3389.18918167321	846.080017089844
3391.13475188806	847.080017089844
3393.07977286411	846.359985351563
3395.02424481479	842.039978027344
3396.96816795342	844.760009765625
3398.91154249322	845.080017089844
3400.85436864728	842.239990234375
3402.79664662859	847.320007324219
3404.73837665004	847.799987792969
3406.67955892439	846.47998046875
3408.62019366432	844.119995117188
3410.56028108236	844.719970703125
3412.49982139096	847.919982910156
3414.43881480247	845.679992675781
3416.37726152909	846.840026855469
3418.31516178295	848.840026855469
3420.25251577605	847.280029296875
3422.18932372029	847.679992675781
3424.12558582746	846.960021972656
3426.06130230922	848.320007324219
3427.99647337717	844.640014648438
3429.93109924274	843.559997558594
3431.8651801173	841.400024414063
3433.79871621209	842.239990234375
3435.73170773824	842.640014648438
3437.66415490678	844.200012207031
3439.59605792862	844.719970703125
3441.52741701458	845.719970703125
3443.45823237536	847.320007324219
3445.38850422154	844.159973144531
3447.31823276362	838
3449.24741821196	836.039978027344
3451.17606077684	836.239990234375
3453.10416066842	838.719970703125
3455.03171809674	839.400024414063
3456.95873327175	841.239990234375
3458.88520640329	839.52001953125
3460.81113770109	837.440002441406
3462.73652737477	837.400024414063
3464.66137563383	836.799987792969
3466.58568268769	835.919982910156
3468.50944874565	836.159973144531
3470.43267401689	835.880004882813
3472.3553587105	838.239990234375
3474.27750303545	835.200012207031
3476.19910720062	830.159973144531
3478.12017141476	830.760009765625
3480.04069588654	833
3481.9606808245	836.359985351563
3483.88012643707	835
3485.79903293259	832.039978027344
3487.7174005193	830.640014648438
3489.63522940532	828.119995117188
3491.55251979864	826.400024414063
3493.46927190719	828.47998046875
3495.38548593877	825.559997558594
3497.30116210107	822.760009765625
3499.21630060167	824.239990234375
3501.13090164807	824.559997558594
3503.04496544763	820.52001953125
3504.95849220763	823.760009765625
3506.87148213523	823.799987792969
3508.78393543748	824.359985351563
3510.69585232134	824.640014648438
3512.60723299365	823.799987792969
3514.51807766116	823.719970703125
3516.42838653049	822.799987792969
3518.33815980819	820.119995117188
3520.24739770066	816.640014648438
3522.15610041423	815.919982910156
3524.06426815511	816.159973144531
3525.9719011294	815.719970703125
3527.87899954311	816.719970703125
3529.78556360213	816.119995117188
3531.69159351225	815.200012207031
3533.59708947916	814.47998046875
3535.50205170844	813.320007324219
3537.40648040556	813.919982910156
3539.3103757759	813.280029296875
3541.21373802472	810.919982910156
3543.11656735717	809
3545.01886397833	808.239990234375
3546.92062809313	809.599975585938
3548.82185990643	811.880004882813
3550.72255962297	811.960021972656
3552.62272744738	809.880004882813
3554.5223635842	807.159973144531
3556.42146823786	804.52001953125
3558.32004161268	805.119995117188
3560.21808391289	803.840026855469
3562.11559534259	802.52001953125
3564.01257610581	800.640014648438
3565.90902640645	802.640014648438
3567.80494644831	801.880004882813
3569.7003364351	801.880004882813
3571.59519657042	802.359985351563
3573.48952705774	803.159973144531
3575.38332810048	802.280029296875
3577.27659990191	802.440002441406
3579.16934266521	801.47998046875
3581.06155659346	803.080017089844
3582.95324188965	800.679992675781
3584.84439875663	798.599975585938
3586.73502739718	798.280029296875
3588.62512801397	797.760009765625
3590.51470080955	797.760009765625
3592.40374598639	796.119995117188
3594.29226374685	796.200012207031
3596.18025429317	796.119995117188
3598.06771782751	794.880004882813
3599.95465455192	794.159973144531
3601.84106466834	793.47998046875
3603.72694837861	794.320007324219
3605.61230588447	794.47998046875
3607.49713738756	794.200012207031
3609.38144308942	794.919982910156
3611.26522319148	794.440002441406
3613.14847789506	792.640014648438
3615.0312074014	790.52001953125
3616.91341191162	790.679992675781
3618.79509162674	791.559997558594
3620.67624674769	790.880004882813
3622.55687747528	789.200012207031
3624.43698401024	789.559997558594
3626.31656655317	790.320007324219
3628.1956253046	790.840026855469
3630.07416046492	789.320007324219
3631.95217223446	788.119995117188
3633.82966081342	787.719970703125
3635.70662640191	787.440002441406
3637.58306919993	786.400024414063
3639.45898940739	785.159973144531
3641.33438722409	785.760009765625
3643.20926284973	786.039978027344
3645.08361648392	784.679992675781
3646.95744832614	784.760009765625
3648.8307585758	785.559997558594
3650.7035474322	783.760009765625
3652.57581509452	783.359985351563
3654.44756176188	783.559997558594
3656.31878763324	784.159973144531
3658.18949290753	783.440002441406
3660.05967778352	781.880004882813
3661.9293424599	782.039978027344
3663.79848713527	781.679992675781
3665.66711200812	781.640014648438
3667.53521727684	781.039978027344
3669.40280313972	780.039978027344
3671.26986979494	780.280029296875
3673.13641744059	778.919982910156
3675.00244627468	778.799987792969
