-140.373595351881	773
-137.335129063906	772.679992675781
-134.297686810867	772.919982910156
-131.261268103955	773
-128.225872454677	772.840026855469
-125.191499374839	772.960021972656
-122.158148376567	772.719970703125
-119.125818972292	772.840026855469
-116.094510674759	772.840026855469
-113.064222997021	772.719970703125
-110.034955452443	772.559997558594
-107.006707554687	772.799987792969
-103.979478817741	772.799987792969
-100.95326875589	773.119995117188
-97.928076883731	772.47998046875
-94.9039027161698	773
-91.8807457684175	772.719970703125
-88.8586055560018	772.760009765625
-85.8374815947384	772.880004882813
-82.8173734007715	772.840026855469
-79.7982804905411	773.119995117188
-76.7802023807988	772.760009765625
-73.7631385885914	773.119995117188
-70.7470886312892	772.760009765625
-67.732052026553	772.919982910156
-64.7180282923587	772.719970703125
-61.7050169469884	772.840026855469
-58.6930175090183	772.880004882813
-55.6820294973386	772.919982910156
-52.6720524311495	772.799987792969
-49.66308582994	772.760009765625
-46.6551292135171	772.359985351563
-43.6481821019882	772.919982910156
-40.6422440157577	772.719970703125
-37.6373144755424	772.760009765625
-34.6333930023594	772.640014648438
-31.630479117526	772.559997558594
-28.6285723426709	772.919982910156
-25.6276721997107	773.119995117188
-22.6277782108771	773.119995117188
-19.628889898701	772.719970703125
-16.6310067860081	773.200012207031
-13.6341283959385	774.440002441406
-10.6382542519231	780.280029296875
-7.64338387769432	800.760009765625
-4.64951679729502	838.080017089844
-1.65665253506141	851.919982910156
1.33520938438089	823.159973144531
4.32606943608095	784.719970703125
7.315928094803	774.200012207031
10.3047858350146	773.440002441406
13.2926431308747	772.599975585938
16.2795004562541	772.679992675781
19.2653582847118	772.599975585938
22.2502170895187	772.799987792969
25.2340773436344	772.880004882813
28.216939519735	772.47998046875
31.1988040901939	773.359985351563
34.1796715270814	772.679992675781
37.1595423021732	772.559997558594
40.1384168869468	772.52001953125
43.1162957525854	772.599975585938
46.0931793699786	772.919982910156
49.0690682097059	772.799987792969
52.0439627420619	773
55.0178634370476	773.280029296875
57.9907707643592	772.919982910156
60.9626851933962	772.400024414063
63.9336071932735	772.320007324219
66.9035372328018	772.400024414063
69.8724757804959	772.599975585938
72.8404233045826	772.559997558594
75.8073802729932	773.280029296875
78.7733471533597	772.840026855469
81.738324413019	773.280029296875
84.702312519025	772.760009765625
87.665311938125	773
90.6273231367761	773.159973144531
93.5883465811569	772.799987792969
96.5483827371242	772.400024414063
99.5074320702731	772.599975585938
102.465495045889	772.599975585938
105.422572128961	773
108.378663784199	773
111.333770476014	773.200012207031
114.287892668528	773.320007324219
117.24103082557	772.960021972656
120.193185410674	773
123.144356887097	772.880004882813
126.094545717786	773.159973144531
129.043752365413	773.799987792969
131.991977292355	773.840026855469
134.939220960695	774.159973144531
137.885483832232	774.679992675781
140.83076636847	775.280029296875
143.775069030632	775.200012207031
146.718392279644	775.559997558594
149.660736576149	775.52001953125
152.602102380488	776.080017089844
155.54249015274	776.640014648438
158.481900352672	777.440002441406
161.420333439765	777.280029296875
164.357789873227	778.440002441406
167.294270111968	779.039978027344
170.229774614617	779.119995117188
173.164303839496	779.919982910156
176.097858244675	781.080017089844
179.030438287908	781.679992675781
181.962044426678	782.359985351563
184.89267711817	782.080017089844
187.822336819302	783.47998046875
190.751023986678	783.52001953125
193.678739076648	784.119995117188
196.605482545255	784.640014648438
199.531254848261	784.599975585938
202.456056441152	785.039978027344
205.379887779119	784.679992675781
208.30274931708	784.52001953125
211.224641509656	785
214.145564811189	784.080017089844
217.06551967574	785.119995117188
219.984506557089	785.640014648438
222.902525908723	784.919982910156
225.819578183856	785.039978027344
228.735663835415	785.039978027344
231.650783316047	785.52001953125
234.564937078107	784.719970703125
237.478125573679	784.359985351563
240.390349254566	784.760009765625
243.301608572278	785
246.211903978051	785.47998046875
249.121235922839	785.919982910156
252.029604857321	786.200012207031
254.93701123188	787.559997558594
257.843455496632	787.119995117188
260.748938101415	788.559997558594
263.653459495766	786.840026855469
266.557020128967	788.919982910156
269.459620450005	789.200012207031
272.361260907595	789.840026855469
275.261941950168	789.47998046875
278.161664025874	790.440002441406
281.060427582592	790.599975585938
283.958233067921	789.47998046875
286.855080929176	788.440002441406
289.750971613398	789.320007324219
292.645905567344	789.760009765625
295.539883237503	789.080017089844
298.432905070079	788
301.324971511007	789.119995117188
304.216083005931	789.47998046875
307.10624000023	789.799987792969
309.995442939003	791.960021972656
312.883692267071	795.47998046875
315.770988428979	801
318.657331869	809.799987792969
321.542723031127	810.679992675781
324.427162359076	809.47998046875
327.310650296293	803.440002441406
330.193187285945	798.119995117188
333.074773770929	792.760009765625
335.955410193855	791.359985351563
338.835096997075	789.200012207031
341.713834622655	787.039978027344
344.59162351239	787.799987792969
347.468464107802	786.919982910156
350.344356850137	786.280029296875
353.219302180373	786.880004882813
356.093300539208	786.960021972656
358.966352367073	787.760009765625
361.838458104123	786.880004882813
364.70961819024	786.119995117188
367.579833065031	786.52001953125
370.449103167837	786.159973144531
373.317428937727	786.320007324219
376.184810813496	785.200012207031
379.051249233659	786.840026855469
381.916744636474	785.559997558594
384.78129745992	786.919982910156
387.644908141706	787.47998046875
390.50757711927	786.119995117188
393.36930482978	785.919982910156
396.23009171014	786.52001953125
399.089938196969	786.239990234375
401.948844726631	786.200012207031
404.806811735214	786.919982910156
407.66383965853	786.47998046875
410.519928932138	786
413.375079991314	785.760009765625
416.229293271071	785.880004882813
419.082569206155	786.47998046875
421.934908231031	786.960021972656
424.786310779917	787.039978027344
427.636777286748	786.52001953125
430.486308185189	786.640014648438
433.334903908649	786.47998046875
436.182564890262	787
439.029291562898	786.640014648438
441.875084359157	786.440002441406
444.719943711374	786.559997558594
447.563870051618	786.320007324219
450.406863811695	785.840026855469
453.248925423132	786.599975585938
456.090055317208	787
458.93025392492	786.159973144531
461.76952167701	785.919982910156
464.60785900395	786.119995117188
467.44526633595	785.559997558594
470.281744102955	786.47998046875
473.117292734635	785.960021972656
475.951912660415	786.119995117188
478.785604309439	786.159973144531
481.618368110592	785.400024414063
484.450204492499	785.799987792969
487.281113883518	785.679992675781
490.111096711738	786.080017089844
492.940153404999	785.400024414063
495.768284390864	785.440002441406
498.595490096635	786.239990234375
501.421770949366	786.080017089844
504.247127375825	787.159973144531
507.071559802537	787.880004882813
509.89506865575	785.840026855469
512.717654361473	786
515.539317345424	786.840026855469
518.360058033083	787.47998046875
521.179876849652	786.880004882813
523.998774220083	786.080017089844
526.816750569068	786
529.633806321025	786.52001953125
532.44994190013	786.960021972656
535.265157730284	786.400024414063
538.079454235133	785.840026855469
540.892831838066	786.080017089844
543.705290962208	786.280029296875
546.516832030424	786.200012207031
549.32745546533	786.760009765625
552.137161689268	786.159973144531
554.945951124325	786.239990234375
557.753824192341	786.119995117188
560.560781314883	785.919982910156
563.36682291327	786.159973144531
566.171949408555	785.640014648438
568.976161221537	786
571.779458772759	785.47998046875
574.5818424825	785.52001953125
577.383312770792	786.239990234375
580.183870057402	786.52001953125
582.983514761843	786
585.782247303363	787.239990234375
588.580068100976	786.52001953125
591.376977573414	786.719970703125
594.172976139164	786.280029296875
596.968064216463	785.599975585938
599.762242223282	785.960021972656
602.555510577335	785.559997558594
605.347869696099	785.280029296875
608.139319996771	785.320007324219
610.929861896313	785.400024414063
613.719495811421	785.760009765625
616.508222158541	785.239990234375
619.296041353863	785.559997558594
622.082953813324	785.200012207031
624.868959952607	784.799987792969
627.654060187137	785.239990234375
630.438254932094	785.280029296875
633.221544602397	785.679992675781
636.003929612719	785.559997558594
638.785410377468	785.799987792969
641.565987310814	786.640014648438
644.345660826665	785.799987792969
647.124431338674	786.719970703125
649.902299260252	785.559997558594
652.679265004552	785.880004882813
655.455328984475	785.119995117188
658.230491612671	785.400024414063
661.004753301541	785.599975585938
663.778114463229	786.840026855469
666.550575509631	786.880004882813
669.322136852395	786.559997558594
672.092798902916	786.47998046875
674.862562072336	785.719970703125
677.631426771548	785.320007324219
680.399393411204	785.440002441406
683.166462401689	785.52001953125
685.93263415315	785.880004882813
688.697909075486	785.960021972656
691.462287578337	785.640014648438
694.225770071098	784.679992675781
696.988356962926	785.760009765625
699.750048662705	784.840026855469
702.5108455791	785.880004882813
705.270748120503	785.159973144531
708.029756695068	784.919982910156
710.787871710705	785.200012207031
713.545093575065	785.599975585938
716.301422695566	786.119995117188
719.056859479364	785.47998046875
721.811404333376	786.640014648438
724.56505766427	785.880004882813
727.317819878473	786.599975585938
730.069691382148	786.200012207031
732.820672581226	785.679992675781
735.570763881396	784.599975585938
738.319965688092	785.440002441406
741.068278406496	786.47998046875
743.815702441559	786.840026855469
746.562238197974	787.280029296875
749.307886080196	786.239990234375
752.052646492436	786.320007324219
754.796519838656	786.119995117188
757.539506522567	786
760.28160694765	786.799987792969
763.022821517128	787
765.76315063399	787
768.502594700972	786.640014648438
771.241154120572	786.719970703125
773.978829295045	787.080017089844
776.715620626397	786.239990234375
779.451528516396	787.880004882813
782.186553366565	788.159973144531
784.920695578179	788.039978027344
787.653955552283	788.200012207031
790.386333689662	788.400024414063
793.117830390877	787.559997558594
795.848446056227	786.960021972656
798.578181085792	786.239990234375
801.307035879389	786.440002441406
804.035010836599	785.559997558594
806.762106356774	785.919982910156
809.488322839013	786.239990234375
812.213660682169	787.239990234375
814.938120284866	786
817.661702045482	786.239990234375
820.384406362153	786.080017089844
823.10623363278	786.080017089844
825.827184255014	786.47998046875
828.547258626283	785.719970703125
831.266457143747	786.239990234375
833.984780204358	786.47998046875
836.702228204804	785.400024414063
839.418801541552	786.239990234375
842.134500610814	786.080017089844
844.849325808575	785.47998046875
847.563277530579	785.880004882813
850.276356172319	787.200012207031
852.988562129066	787.119995117188
855.69989579585	786.640014648438
858.410357567456	787
861.119947838428	786
863.828667003087	786.280029296875
866.536515455503	785.52001953125
869.243493589517	786.239990234375
871.949601798728	785.47998046875
874.654840476504	784.880004882813
877.359210015961	785.640014648438
880.062710810003	786.239990234375
882.765343251273	787.159973144531
885.467107732191	787
888.168004644938	786.359985351563
890.868034381467	785.840026855469
893.567197333476	786.559997558594
896.265493892445	786.599975585938
898.962924449614	786.52001953125
901.659489395985	786.119995117188
904.355189122325	786
907.050024019165	786.679992675781
909.743994476809	785.280029296875
912.437100885322	786.039978027344
915.129343634532	785.919982910156
917.820723114032	786.200012207031
920.511239713189	785.760009765625
923.200893821127	786.159973144531
925.889685826744	785.960021972656
928.577616118699	786.280029296875
931.264685085419	786.599975585938
933.950893115098	786.760009765625
936.6362405957	786.799987792969
939.320727914956	785.919982910156
942.004355460359	786.039978027344
944.687123619173	785.960021972656
947.369032778431	786.159973144531
950.050083324934	786.039978027344
952.730275645247	786.039978027344
955.409610125711	785.840026855469
958.088087152423	787.119995117188
960.765707111263	786.359985351563
963.442470387871	785.359985351563
966.118377367657	786.039978027344
968.793428435798	786.239990234375
971.467623977254	786.52001953125
974.140964376739	785.840026855469
976.813450018737	786
979.485081287511	785.640014648438
982.155858567087	786.599975585938
984.825782241271	785.47998046875
987.494852693624	786.320007324219
990.163070307487	786.119995117188
992.830435465978	786.52001953125
995.496948551973	786.47998046875
998.162609948122	787.599975585938
1000.82742003685	788.359985351563
1003.49137920036	789.719970703125
1006.15448782061	790.119995117188
1008.81674627934	788.359985351563
1011.47815495806	787
1014.13871423805	785.359985351563
1016.79842450037	785.640014648438
1019.45728612586	785.080017089844
1022.11529949509	785.760009765625
1024.77246498846	785.840026855469
1027.4287829861	785.840026855469
1030.08425386792	786.52001953125
1032.73887801363	786.640014648438
1035.3926558027	784.960021972656
1038.04558761435	785.919982910156
1040.69767382761	785.919982910156
1043.34891482125	784.52001953125
1045.99931097384	786
1048.64886266371	785.200012207031
1051.29757026898	786.159973144531
1053.94543416753	785.640014648438
1056.59245473701	785.719970703125
1059.23863235486	785.559997558594
1061.8839673983	786.880004882813
1064.5284602443	785.400024414063
1067.17211126962	785.760009765625
1069.8149208508	786.280029296875
1072.45688936415	786.080017089844
1075.09801718577	786.080017089844
1077.7383046915	786.039978027344
1080.377752257	786.559997558594
1083.01636025767	786.960021972656
1085.65412906872	787.359985351563
1088.2910590651	786.760009765625
1090.92715062157	786.47998046875
1093.56240411266	787.760009765625
1096.19681991265	787.919982910156
1098.83039839564	787
1101.46313993547	787.440002441406
1104.09504490579	787.47998046875
1106.72611368	786.640014648438
1109.35634663129	785.559997558594
1111.98574413263	784.799987792969
1114.61430655677	785.559997558594
1117.24203427624	785.080017089844
1119.86892766333	785.599975585938
1122.49498709014	785.559997558594
1125.12021292851	786
1127.74460555011	785.960021972656
1130.36816532634	786.239990234375
1132.99089262841	785.679992675781
1135.6127878273	785.039978027344
1138.23385129376	784.239990234375
1140.85408339834	784.159973144531
1143.47348451137	783.919982910156
1146.09205500294	783.960021972656
1148.70979524293	783.52001953125
1151.326705601	784.559997558594
1153.9427864466	784.320007324219
1156.55803814896	784
1159.17246107707	785.039978027344
1161.78605559974	784.47998046875
1164.39882208551	784.760009765625
1167.01076090276	784.52001953125
1169.6218724196	784.799987792969
1172.23215700396	785.679992675781
1174.84161502352	784.400024414063
1177.45024684578	784.599975585938
1180.05805283799	784.280029296875
1182.66503336719	785.159973144531
1185.27118880021	784.960021972656
1187.87651950367	784.039978027344
1190.48102584395	784.080017089844
1193.08470818723	784.320007324219
1195.68756689948	784.640014648438
1198.28960234643	784.960021972656
1200.89081489363	785.280029296875
1203.49120490636	786.320007324219
1206.09077274974	785.799987792969
1208.68951878864	786.039978027344
1211.28744338773	786.880004882813
1213.88454691145	786.200012207031
1216.48082972404	786
1219.07629218953	786.239990234375
1221.6709346717	786.760009765625
1224.26475753416	786.799987792969
1226.85776114028	787.239990234375
1229.44994585322	787.919982910156
1232.04131203592	788.47998046875
1234.63186005112	788.440002441406
1237.22159026133	788.47998046875
1239.81050302886	789.47998046875
1242.3985987158	789.640014648438
1244.98587768402	789.320007324219
1247.5723402952	789.239990234375
1250.15798691078	788.719970703125
1252.74281789199	789.440002441406
1255.32683359987	790.080017089844
1257.91003439523	789.599975585938
1260.49242063865	789.080017089844
1263.07399269055	789.119995117188
1265.65475091108	789.280029296875
1268.23469566021	789.640014648438
1270.81382729769	788.880004882813
1273.39214618306	787.960021972656
1275.96965267566	788.640014648438
1278.54634713458	787.880004882813
1281.12222991875	787.359985351563
1283.69730138685	788.080017089844
1286.27156189737	787.799987792969
1288.84501180858	787.760009765625
1291.41765147853	788.760009765625
1293.98948126509	788.440002441406
1296.56050152589	788.400024414063
1299.13071261837	788.760009765625
1301.70011489973	788.640014648438
1304.268708727	789.840026855469
1306.83649445698	789.359985351563
1309.40347244625	788.799987792969
1311.96964305119	789.679992675781
1314.53500662799	789.919982910156
1317.0995635326	790.52001953125
1319.66331412077	789.840026855469
1322.22625874806	789.760009765625
1324.7883977698	788.919982910156
1327.34973154112	789.719970703125
1329.91026041694	788.799987792969
1332.46998475197	789.320007324219
1335.0289049007	790.320007324219
1337.58702121746	790.280029296875
1340.14433405631	789.640014648438
1342.70084377115	789.359985351563
1345.25655071563	789.159973144531
1347.81145524323	788.440002441406
1350.36555770721	788
1352.91885846062	787.400024414063
1355.47135785631	787.320007324219
1358.02305624691	786.640014648438
1360.57395398486	786.080017089844
1363.12405142237	786.200012207031
1365.67334891148	786.47998046875
1368.22184680399	785.640014648438
1370.76954545151	786.119995117188
1373.31644520545	786.080017089844
1375.86254641699	786.719970703125
1378.40784943713	785.719970703125
1380.95235461666	785.52001953125
1383.49606230615	784.960021972656
1386.03897285598	784.159973144531
1388.58108661632	786.080017089844
1391.12240393713	785.359985351563
1393.66292516818	785.159973144531
1396.20265065903	785.280029296875
1398.74158075901	785.359985351563
1401.2797158173	785.640014648438
1403.81705618282	785.640014648438
1406.35360220431	785.599975585938
1408.88935423032	785.799987792969
1411.42431260919	785.320007324219
1413.95847768903	785.159973144531
1416.49184981777	785.039978027344
1419.02442934314	784.599975585938
1421.55621661266	785.640014648438
1424.08721197364	784.799987792969
1426.61741577321	785.359985351563
1429.14682835828	785.159973144531
1431.67545007555	785.679992675781
1434.20328127153	785.159973144531
1436.73032229253	786.359985351563
1439.25657348466	786.640014648438
1441.78203519381	788.359985351563
1444.3067077657	789
1446.83059154581	789.280029296875
1449.35368687944	790.239990234375
1451.8759941117	790.47998046875
1454.39751358748	790.400024414063
1456.91824565148	788.840026855469
1459.43819064818	790
1461.95734892189	788.799987792969
1464.4757208167	788.840026855469
1466.99330667649	788
1469.51010684497	787.640014648438
1472.02612166564	786.119995117188
1474.54135148177	786.119995117188
1477.05579663646	786.599975585938
1479.56945747262	785.799987792969
1482.08233433293	786.200012207031
1484.59442755989	784.880004882813
1487.10573749579	785.599975585938
1489.61626448275	784.840026855469
1492.12600886264	784.760009765625
1494.63497097718	784.400024414063
1497.14315116786	783.280029296875
1499.65054977599	782.159973144531
1502.15716714267	782.719970703125
1504.66300360881	781.679992675781
1507.16805951512	782.080017089844
1509.67233520211	782.159973144531
1512.1758310101	782
1514.67854727919	782.119995117188
1517.18048434931	781.280029296875
1519.68164256018	781.239990234375
1522.18202225132	782.280029296875
1524.68162376207	782.359985351563
1527.18044743155	781.47998046875
1529.67849359869	781.960021972656
1532.17576260224	781.719970703125
1534.67225478072	781.679992675781
1537.1679704725	782.080017089844
1539.66291001572	781.359985351563
1542.15707374832	782.47998046875
1544.65046200807	782.159973144531
1547.14307513254	782.359985351563
1549.63491345907	782.840026855469
1552.12597732485	783.039978027344
1554.61626706685	782.960021972656
1557.10578302185	783.359985351563
1559.59452552644	783.559997558594
1562.082494917	784.200012207031
1564.56969152973	783.880004882813
1567.05611570064	783.719970703125
1569.54176776552	784
1572.02664806	785
1574.51075691949	785.320007324219
1576.99409467921	785.52001953125
1579.4766616742	785.080017089844
1581.95845823929	785.359985351563
1584.43948470912	784.880004882813
1586.91974141815	785.159973144531
1589.39922870064	784.719970703125
1591.87794689064	784.719970703125
1594.35589632202	785.039978027344
1596.83307732848	783.880004882813
1599.30949024348	784.840026855469
1601.78513540033	785.559997558594
1604.26001313211	785
1606.73412377175	785.52001953125
1609.20746765196	784.919982910156
1611.68004510526	785.080017089844
1614.15185646398	786.039978027344
1616.62290206026	786.119995117188
1619.09318222605	785.840026855469
1621.56269729311	786.200012207031
1624.031447593	785.119995117188
1626.4994334571	785.359985351563
1628.9666552166	786.159973144531
1631.43311320248	787.080017089844
1633.89880774554	787.119995117188
1636.3637391764	787.559997558594
1638.82790782548	787.039978027344
1641.29131402301	786.47998046875
1643.75395809903	787.239990234375
1646.21584038339	788.359985351563
1648.67696120575	787.919982910156
1651.13732089558	789.359985351563
1653.59691978216	789.679992675781
1656.05575819459	790
1658.51383646175	789.640014648438
1660.97115491238	789.559997558594
1663.42771387498	789.599975585938
1665.8835136779	789.52001953125
1668.33855464928	789.559997558594
1670.79283711708	789.039978027344
1673.24636140907	788.840026855469
1675.69912785282	788.039978027344
1678.15113677572	787.52001953125
1680.602388505	786.960021972656
1683.05288336764	786.679992675781
1685.50262169049	786.039978027344
1687.95160380019	785.400024414063
1690.39983002318	784.359985351563
1692.84730068573	783.599975585938
1695.29401611392	782.960021972656
1697.73997663364	782.960021972656
1700.18518257059	782.47998046875
1702.6296342503	781.640014648438
1705.07333199807	781.400024414063
1707.51627613907	781.359985351563
1709.95846699824	780.799987792969
1712.39990490036	780.359985351563
1714.84059017001	780.840026855469
1717.28052313159	781.039978027344
1719.7197041093	780
1722.15813342718	779.719970703125
1724.59581140906	779.960021972656
1727.03273837859	780.47998046875
1729.46891465926	779.960021972656
1731.90434057432	779.599975585938
1734.3390164469	779.880004882813
1736.7729425999	779
1739.20611935604	778.239990234375
1741.63854703787	778.280029296875
1744.07022596776	778.960021972656
1746.50115646787	778.599975585938
1748.93133886019	779.080017089844
1751.36077346652	778.919982910156
1753.7894606085	779
1756.21740060755	778.840026855469
1758.64459378494	778.119995117188
1761.07104046172	778.440002441406
1763.49674095879	778.440002441406
1765.92169559684	778.599975585938
1768.3459046964	777.880004882813
1770.7693685778	778.039978027344
1773.1920875612	778.47998046875
1775.61406196656	778.679992675781
1778.03529211367	778.47998046875
1780.45577832214	778.47998046875
1782.87552091138	778.719970703125
1785.29452020064	778.679992675781
1787.71277650897	777.919982910156
1790.13029015525	777.280029296875
1792.54706145817	778
1794.96309073625	778.200012207031
1797.3783783078	778.119995117188
1799.79292449097	778.320007324219
1802.20672960375	777.799987792969
1804.61979396389	777.719970703125
1807.03211788902	778.239990234375
1809.44370169655	778
1811.85454570373	777.960021972656
1814.2646502276	778.039978027344
1816.67401558506	777.679992675781
1819.0826420928	778.440002441406
1821.49053006734	777.919982910156
1823.89767982501	777.919982910156
1826.30409168198	778.599975585938
1828.70976595422	778.320007324219
1831.11470295753	777.559997558594
1833.51890300752	777.599975585938
1835.92236641964	777.400024414063
1838.32509350914	778.200012207031
1840.72708459111	777.919982910156
1843.12833998044	777.880004882813
1845.52885999184	777.47998046875
1847.92864493987	777.679992675781
1850.32769513889	778.320007324219
1852.72601090307	777.880004882813
1855.12359254642	778.320007324219
1857.52044038278	777.640014648438
1859.91655472578	777.400024414063
1862.31193588889	777.719970703125
1864.70658418542	777.760009765625
1867.10049992847	777.799987792969
1869.49368343096	777.159973144531
1871.88613500568	777.400024414063
1874.27785496518	777.440002441406
1876.66884362188	778.239990234375
1879.059101288	778.280029296875
1881.44862827559	777.47998046875
1883.8374248965	777.559997558594
1886.22549146246	777.640014648438
1888.61282828495	777.640014648438
1890.99943567534	777.52001953125
1893.38531394477	777.760009765625
1895.77046340424	778.239990234375
1898.15488436455	777.47998046875
1900.53857713634	777.599975585938
1902.92154203006	777.679992675781
1905.303779356	778.119995117188
1907.68528942426	777.719970703125
1910.06607254477	777.400024414063
1912.44612902729	777.440002441406
1914.82545918139	778.239990234375
1917.20406331648	778.280029296875
1919.58194174178	777.52001953125
1921.95909476634	778.039978027344
1924.33552269905	777.880004882813
1926.71122584861	777.559997558594
1929.08620452353	778.159973144531
1931.46045903219	777.599975585938
1933.83398968275	777.080017089844
1936.20679678322	777.640014648438
1938.57888064142	778.200012207031
1940.95024156502	777.47998046875
1943.3208798615	777.919982910156
1945.69079583816	777
1948.05998980213	777.640014648438
1950.42846206038	777.960021972656
1952.79621291969	778.47998046875
1955.16324268668	777.280029296875
1957.52955166778	777.599975585938
1959.89514016927	777.52001953125
1962.26000849723	777.200012207031
1964.62415695759	777.559997558594
1966.98758585609	777.359985351563
1969.3502954983	778.559997558594
1971.71228618964	777.559997558594
1974.07355823532	777.799987792969
1976.43411194042	777.359985351563
1978.79394760981	777.719970703125
1981.1530655482	777.280029296875
1983.51146606014	778.239990234375
1985.86914944999	777.760009765625
1988.22611602196	778.159973144531
1990.58236608007	777.840026855469
1992.93789992817	777.400024414063
1995.29271786995	777.960021972656
1997.64682020892	778.239990234375
2000.00020724843	777.799987792969
2002.35287929162	778.239990234375
2004.70483664152	778.039978027344
2007.05607960095	778
2009.40660847256	778
2011.75642355884	777.679992675781
2014.1055251621	777.320007324219
2016.4539135845	777.799987792969
2018.80158912802	778.200012207031
2021.14855209444	777.799987792969
2023.49480278542	778.039978027344
2025.84034150242	778.280029296875
2028.18516854673	777.200012207031
2030.52928421948	777.960021972656
2032.87268882163	778
2035.21538265398	777.599975585938
2037.55736601713	777.960021972656
2039.89863921153	777.400024414063
2042.23920253747	777.960021972656
2044.57905629506	778.840026855469
2046.91820078425	778
2049.2566363048	777.919982910156
2051.59436315633	777.799987792969
2053.93138163827	778.640014648438
2056.2676920499	778.119995117188
2058.6032946903	778.119995117188
2060.93818985843	778.159973144531
2063.27237785303	778.440002441406
2065.60585897272	777.760009765625
2067.93863351592	777.840026855469
2070.27070178089	777.440002441406
2072.60206406574	778.119995117188
2074.93272066838	777.919982910156
2077.26267188658	777.640014648438
2079.59191801793	777.760009765625
2081.92045935985	778.440002441406
2084.24829620962	778.799987792969
2086.57542886431	778.52001953125
2088.90185762087	777.840026855469
2091.22758277604	778.280029296875
2093.55260462643	778.47998046875
2095.87692346845	778.159973144531
2098.20053959837	778.239990234375
2100.52345331229	777.719970703125
2102.84566490614	777.47998046875
2105.16717467567	778.280029296875
2107.48798291649	778.359985351563
2109.80808992403	778.320007324219
2112.12749599355	778
2114.44620142016	778.359985351563
2116.7642064988	777.599975585938
2119.08151152423	778.559997558594
2121.39811679106	778.239990234375
2123.71402259374	778.080017089844
2126.02922922653	778.200012207031
2128.34373698356	778
2130.65754615876	778.239990234375
2132.97065704594	778.47998046875
2135.28306993869	777.919982910156
2137.59478513047	778.280029296875
2139.90580291459	777.840026855469
2142.21612358416	778.719970703125
2144.52574743214	777.599975585938
2146.83467475134	778.400024414063
2149.1429058344	778.320007324219
2151.45044097377	777.880004882813
2153.75728046178	777.599975585938
2156.06342459057	778.320007324219
2158.36887365212	778.039978027344
2160.67362793825	777.719970703125
2162.97768774061	777.799987792969
2165.28105335071	777.640014648438
2167.58372505987	778
2169.88570315926	778
2172.18698793988	778.559997558594
2174.48757969258	778.440002441406
2176.78747870805	778
2179.08668527679	778.320007324219
2181.38519968917	778.159973144531
2183.68302223538	778.039978027344
2185.98015320547	778.359985351563
2188.27659288929	777.880004882813
2190.57234157656	777.840026855469
2192.86739955682	778.559997558594
2195.16176711948	777.679992675781
2197.45544455375	778.559997558594
2199.74843214869	777.719970703125
2202.04073019322	777.599975585938
2204.33233897607	777.400024414063
2206.62325878583	778.320007324219
2208.91348991093	777.799987792969
2211.20303263961	778.080017089844
2213.49188726	778.039978027344
2215.78005406001	777.760009765625
2218.06753332744	777.640014648438
2220.35432534991	777.200012207031
2222.64043041487	777.320007324219
2224.92584880964	777.320007324219
2227.21058082134	777.440002441406
2229.49462673696	778.119995117188
2231.77798684332	777.919982910156
2234.06066142709	777.760009765625
2236.34265077477	777.239990234375
2238.62395517269	777.679992675781
2240.90457490706	777.159973144531
2243.18451026388	777.559997558594
2245.46376152904	777.679992675781
2247.74232898823	777.47998046875
2250.02021292701	777.400024414063
2252.29741363077	777.280029296875
2254.57393138475	776.960021972656
2256.849766474	777.080017089844
2259.12491918346	777.320007324219
2261.39938979788	777.679992675781
2263.67317860185	777.400024414063
2265.94628587983	777.719970703125
2268.2187119161	777.200012207031
2270.49045699478	776.640014648438
2272.76152139985	777.080017089844
2275.03190541511	777.239990234375
2277.30160932421	777.320007324219
2279.57063341067	777.47998046875
2281.83897795781	777.719970703125
2284.10664324882	777.679992675781
2286.37362956672	776.840026855469
2288.63993719439	776.679992675781
2290.90556641454	776.799987792969
2293.17051750973	777.239990234375
2295.43479076235	776.919982910156
2297.69838645465	777.47998046875
2299.96130486871	777.559997558594
2302.22354628647	776.960021972656
2304.48511098971	777
2306.74599926003	777.039978027344
2309.00621137891	777.599975585938
2311.26574762765	777.159973144531
2313.52460828741	777.200012207031
2315.78279363917	777.719970703125
2318.04030396379	777.359985351563
2320.29713954195	777.440002441406
2322.55330065418	777.440002441406
2324.80878758085	776.960021972656
2327.06360060219	776.880004882813
2329.31773999826	777.440002441406
2331.57120604897	777.039978027344
2333.82399903409	777.559997558594
2336.0761192332	777.119995117188
2338.32756692577	776.919982910156
2340.57834239108	777.320007324219
2342.82844590827	777.039978027344
2345.07787775633	777.039978027344
2347.32663821409	777.119995117188
2349.57472756023	777.239990234375
2351.82214607327	777.080017089844
2354.06889403158	776.799987792969
2356.31497171337	776.400024414063
2358.56037939672	777.280029296875
2360.80511735953	776.039978027344
2363.04918587955	777
2365.29258523439	776.880004882813
2367.5353157015	776.719970703125
2369.77737755817	776.679992675781
2372.01877108156	777.239990234375
2374.25949654865	777.359985351563
2376.49955423629	777.039978027344
2378.73894442115	776.440002441406
2380.97766737977	777.080017089844
2383.21572338855	776.960021972656
2385.45311272369	776.880004882813
2387.68983566129	776.880004882813
2389.92589247727	777.119995117188
2392.1612834474	777.119995117188
2394.39600884731	776.559997558594
2396.63006895246	777
2398.86346403818	777.039978027344
2401.09619437962	776.679992675781
2403.32826025182	777.159973144531
2405.55966192963	776.119995117188
2407.79039968777	776.599975585938
2410.0204738008	776.719970703125
2412.24988454313	776.880004882813
2414.47863218902	776.559997558594
2416.70671701258	776.640014648438
2418.93413928778	776.400024414063
2421.16089928842	776.52001953125
2423.38699728817	776.840026855469
2425.61243356052	777.159973144531
2427.83720837884	776.679992675781
2430.06132201633	777.200012207031
2432.28477474606	776.320007324219
2434.50756684093	776.640014648438
2436.72969857371	777.200012207031
2438.95117021699	776.599975585938
2441.17198204325	776.320007324219
2443.39213432478	777
2445.61162733376	776.320007324219
2447.83046134218	776.640014648438
2450.04863662192	776.599975585938
2452.26615344468	776.919982910156
2454.48301208203	776.599975585938
2456.69921280539	776.960021972656
2458.91475588602	776.760009765625
2461.12964159504	776.52001953125
2463.34387020342	776.200012207031
2465.55744198198	777.200012207031
2467.77035720139	776.840026855469
2469.98261613217	776.599975585938
2472.1942190447	777.200012207031
2474.40516620922	776.359985351563
2476.6154578958	776.52001953125
2478.82509437436	776.599975585938
2481.03407591471	776.840026855469
2483.24240278646	776.840026855469
2485.45007525911	776.440002441406
2487.65709360202	776.559997558594
2489.86345808435	776.400024414063
2492.06916897518	776.52001953125
2494.27422654339	776.880004882813
2496.47863105774	776.559997558594
2498.68238278683	776.359985351563
2500.88548199912	776.039978027344
2503.08792896294	776.119995117188
2505.28972394643	776.880004882813
2507.49086721763	776.719970703125
2509.6913590444	776.400024414063
2511.89119969447	776.840026855469
2514.09038943543	776.679992675781
2516.2889285347	775.880004882813
2518.48681725957	776.359985351563
2520.6840558772	776.400024414063
2522.88064465456	776.440002441406
2525.07658385852	776.039978027344
2527.27187375578	776.640014648438
2529.4665146129	777.080017089844
2531.66050669629	776.880004882813
2533.85385027222	777
2536.04654560681	776.359985351563
2538.23859296605	776.599975585938
2540.42999261577	776.679992675781
2542.62074482166	776
2544.81084984925	777.280029296875
2547.00030796395	776.359985351563
2549.18911943101	776.760009765625
2551.37728451555	777
2553.56480348252	776.919982910156
2555.75167659675	777
2557.93790412292	777.200012207031
2560.12348632556	776.719970703125
2562.30842346905	776.679992675781
2564.49271581764	777.559997558594
2566.67636363544	776.799987792969
2568.85936718639	776.440002441406
2571.04172673431	776
2573.22344254288	776.440002441406
2575.40451487562	776.679992675781
2577.58494399591	776.52001953125
2579.76473016699	777.159973144531
2581.94387365196	776.679992675781
2584.12237471377	776.47998046875
2586.30023361523	776.679992675781
2588.47745061901	777.039978027344
2590.65402598763	776.880004882813
2592.82995998348	776.960021972656
2595.0052528688	776.359985351563
2597.17990490568	776.599975585938
2599.35391635608	776.880004882813
2601.52728748181	776.320007324219
2603.70001854454	776.200012207031
2605.8721098058	776.52001953125
2608.04356152698	776
2610.21437396931	777
2612.3845473939	776.400024414063
2614.55408206173	776.880004882813
2616.72297823359	776.880004882813
2618.89123617017	776.47998046875
2621.058856132	777.280029296875
2623.22583837949	776.440002441406
2625.39218317288	776.719970703125
2627.55789077229	777.119995117188
2629.72296143769	776.880004882813
2631.88739542891	776.599975585938
2634.05119300563	775.960021972656
2636.21435442742	776.840026855469
2638.37687995367	776.559997558594
2640.53876984365	777.119995117188
2642.70002435649	776.880004882813
2644.86064375119	776.799987792969
2647.02062828658	776.760009765625
2649.17997822137	777.440002441406
2651.33869381413	777.119995117188
2653.49677532328	777
2655.65422300711	777
2657.81103712378	776.679992675781
2659.96721793127	776.919982910156
2662.12276568747	777
2664.2776806501	777.119995117188
2666.43196307675	776.840026855469
2668.58561322486	777.559997558594
2670.73863135176	777.039978027344
2672.8910177146	776.919982910156
2675.04277257043	777.559997558594
2677.19389617612	776.880004882813
2679.34438878845	777.200012207031
2681.49425066402	776.599975585938
2683.64348205931	776.679992675781
2685.79208323065	776.679992675781
2687.94005443425	776.919982910156
2690.08739592617	777.200012207031
2692.23410796233	777.719970703125
2694.38019079852	777.280029296875
2696.52564469038	777.280029296875
2698.67046989342	777.159973144531
2700.81466666302	777.559997558594
2702.9582352544	777.719970703125
2705.10117592265	777.47998046875
2707.24348892275	776.919982910156
2709.3851745095	778.080017089844
2711.5262329376	777.919982910156
2713.66666446158	777.359985351563
2715.80646933585	777.320007324219
2717.94564781468	777.280029296875
2720.08420015222	777.919982910156
2722.22212660245	777.599975585938
2724.35942741923	778.280029296875
2726.49610285628	778.159973144531
2728.63215316721	777.320007324219
2730.76757860544	777.559997558594
2732.9023794243	778.52001953125
2735.03655587697	777.679992675781
2737.17010821648	778.039978027344
2739.30303669573	778.320007324219
2741.4353415675	777.599975585938
2743.56702308442	777.760009765625
2745.69808149898	777.919982910156
2747.82851706355	778.239990234375
2749.95833003034	778.320007324219
2752.08752065145	778.559997558594
2754.21608917883	777.919982910156
2756.3440358643	777.320007324219
2758.47136095954	778.159973144531
2760.59806471609	777.280029296875
2762.72414738537	778.080017089844
2764.84960921865	778.599975585938
2766.97445046708	778
2769.09867138166	777.52001953125
2771.22227221326	777.760009765625
2773.34525321263	777.119995117188
2775.46761463035	778.320007324219
2777.58935671691	777.719970703125
2779.71047972262	778.159973144531
2781.83098389771	777.47998046875
2783.95086949221	778.080017089844
2786.07013675607	778.039978027344
2788.18878593908	777.400024414063
2790.3068172909	777.280029296875
2792.42423106106	778.52001953125
2794.54102749895	778.47998046875
2796.65720685384	778
2798.77276937486	778.239990234375
2800.88771531098	777.47998046875
2803.00204491107	778.440002441406
2805.11575842387	777.919982910156
2807.22885609796	777.719970703125
2809.34133818179	778.080017089844
2811.4532049237	777.960021972656
2813.56445657189	778.599975585938
2815.6750933744	778.320007324219
2817.78511557916	778.760009765625
2819.89452343398	778.599975585938
2822.00331718652	778.840026855469
2824.11149708429	779.359985351563
2826.2190633747	778.47998046875
2828.32601630502	779.080017089844
2830.43235612237	778.559997558594
2832.53808307375	779.080017089844
2834.64319740603	779.640014648438
2836.74769936595	780.919982910156
2838.85158920011	781.159973144531
2840.95486715497	781.280029296875
2843.05753347689	782.440002441406
2845.15958841206	783.679992675781
2847.26103220657	783.599975585938
2849.36186510636	784.239990234375
2851.46208735724	784.840026855469
2853.56169920488	786.280029296875
2855.66070089485	785.919982910156
2857.75909267257	786.400024414063
2859.85687478332	787.799987792969
2861.95404747225	788.440002441406
2864.05061098439	788.960021972656
2866.14656556464	790.200012207031
2868.24191145777	791.400024414063
2870.3366489084	792.919982910156
2872.43077816104	793.440002441406
2874.52429946006	795.080017089844
2876.61721304971	794.760009765625
2878.70951917409	794.919982910156
2880.8012180772	794.799987792969
2882.89231000287	794.719970703125
2884.98279519483	794.559997558594
2887.07267389667	794.599975585938
2889.16194635186	795
2891.25061280373	795.719970703125
2893.33867349546	796.679992675781
2895.42612867015	796.440002441406
2897.51297857074	797.039978027344
2899.59922344003	797.359985351563
2901.68486352071	796.799987792969
2903.76989905533	797.320007324219
2905.85433028632	800
2907.93815745598	801.47998046875
2910.02138080648	800.119995117188
2912.10400057985	801.119995117188
2914.186017018	801.47998046875
2916.26743036271	803.840026855469
2918.34824085563	803.760009765625
2920.4284487383	805.119995117188
2922.5080542521	805.359985351563
2924.58705763829	807.320007324219
2926.66545913802	808.599975585938
2928.74325899231	807.320007324219
2930.82045744202	808.320007324219
2932.89705472792	808.47998046875
2934.97305109062	809.47998046875
2937.04844677063	811.799987792969
2939.12324200832	811.679992675781
2941.19743704393	811.200012207031
2943.27103211757	810.719970703125
2945.34402746923	808.880004882813
2947.41642333876	807.200012207031
2949.48821996592	803.840026855469
2951.55941759028	803.880004882813
2953.63001645135	804.080017089844
2955.70001678845	802.52001953125
2957.76941884083	802.679992675781
2959.83822284757	801.760009765625
2961.90642904764	800.400024414063
2963.97403767988	801.280029296875
2966.04104898302	801.320007324219
2968.10746319565	801.119995117188
2970.17328055621	799.159973144531
2972.23850130305	797.679992675781
2974.30312567438	799.320007324219
2976.36715390829	797.599975585938
2978.43058624273	798.119995117188
2980.49342291553	797.799987792969
2982.55566416439	797.200012207031
2984.61731022691	796.799987792969
2986.67836134051	795.960021972656
2988.73881774255	797.080017089844
2990.79867967021	796.039978027344
2992.85794736058	794.200012207031
2994.9166210506	793.440002441406
2996.97470097711	792.320007324219
2999.03218737679	793.159973144531
3001.08908048622	791.880004882813
3003.14538054186	792.080017089844
3005.20108778002	792.440002441406
3007.25620243691	791.119995117188
3009.3107247486	790.52001953125
3011.36465495104	791.039978027344
3013.41799328004	791.239990234375
3015.47073997133	790.239990234375
3017.52289526045	790.159973144531
3019.57445938288	789.200012207031
3021.62543257393	789.039978027344
3023.6758150688	789.559997558594
3025.72560710258	789.640014648438
3027.77480891021	790.719970703125
3029.82342072652	790.960021972656
3031.87144278622	790.840026855469
3033.91887532389	790.960021972656
3035.96571857399	791.919982910156
3038.01197277084	790.47998046875
3040.05763814867	791.47998046875
3042.10271494154	792.159973144531
3044.14720338344	791.919982910156
3046.19110370818	793.080017089844
3048.2344161495	791.880004882813
3050.27714094097	793.320007324219
3052.31927831608	794.400024414063
3054.36082850816	794.159973144531
3056.40179175044	795.919982910156
3058.44216827602	795.239990234375
3060.48195831786	796.599975585938
3062.52116210884	796.52001953125
3064.55977988167	795.880004882813
3066.59781186897	795.159973144531
3068.63525830322	796.320007324219
3070.67211941678	797.640014648438
3072.7083954419	798.880004882813
3074.7440866107	798.119995117188
3076.77919315516	798.239990234375
3078.81371530716	799
3080.84765329846	799.559997558594
3082.88100736068	799.440002441406
3084.91377772534	797.440002441406
3086.94596462381	797.960021972656
3088.97756828737	798.52001953125
3091.00858894714	800.760009765625
3093.03902683417	801.080017089844
3095.06888217933	800.880004882813
3097.09815521342	800.719970703125
3099.12684616709	800.440002441406
3101.15495527087	801.559997558594
3103.18248275518	803.320007324219
3105.20942885031	803.320007324219
3107.23579378642	804.200012207031
3109.26157779358	803.52001953125
3111.28678110171	804.47998046875
3113.31140394062	806.320007324219
3115.33544654	808.159973144531
3117.35890912942	808.200012207031
3119.38179193832	807.47998046875
3121.40409519602	809.47998046875
3123.42581913174	808.799987792969
3125.44696397457	809.039978027344
3127.46752995345	809.119995117188
3129.48751729725	810.960021972656
3131.50692623469	814.119995117188
3133.52575699436	812.47998046875
3135.54400980476	812.880004882813
3137.56168489425	812.559997558594
3139.57878249108	812.640014648438
3141.59530282337	813.599975585938
3143.61124611913	813.799987792969
3145.62661260624	814.47998046875
3147.64140251247	814.159973144531
3149.65561606547	815.760009765625
3151.66925349277	817.200012207031
3153.68231502177	816.919982910156
3155.69480087977	818.239990234375
3157.70671129394	817.119995117188
3159.71804649132	821.47998046875
3161.72880669886	821.359985351563
3163.73899214336	821.599975585938
3165.74860305152	820.960021972656
3167.75763964991	821.599975585938
3169.766102165	822.080017089844
3171.77399082313	826
3173.7813058505	826.52001953125
3175.78804747323	824.760009765625
3177.79421591731	823.400024414063
3179.79981140859	827.080017089844
3181.80483417282	827.320007324219
3183.80928443564	825.640014648438
3185.81316242255	829.840026855469
3187.81646835896	830.440002441406
3189.81920247013	829.559997558594
3191.82136498122	829.440002441406
3193.82295611727	830.840026855469
3195.82397610321	832
3197.82442516385	834
3199.82430352386	830.880004882813
3201.82361140782	830.159973144531
3203.82234904018	830.599975585938
3205.82051664529	832.640014648438
3207.81811444735	834.559997558594
3209.81514267047	835.640014648438
3211.81160153863	834.440002441406
3213.80749127571	831.960021972656
3215.80281210545	833.919982910156
3217.79756425148	835.359985351563
3219.79174793733	834.880004882813
3221.7853633864	834.080017089844
3223.77841082196	833.52001953125
3225.77089046719	836.039978027344
3227.76280254513	838.119995117188
3229.75414727873	836.200012207031
3231.74492489081	841.880004882813
3233.73513560406	838.400024414063
3235.72477964107	835.719970703125
3237.71385722431	836.52001953125
3239.70236857614	841.559997558594
3241.6903139188	841.559997558594
3243.6776934744	838.47998046875
3245.66450746496	835.559997558594
3247.65075611237	838.400024414063
3249.63643963841	842.159973144531
3251.62155826472	840.47998046875
3253.60611221287	838
3255.59010170428	834.359985351563
3257.57352696026	839.960021972656
3259.55638820202	840.719970703125
3261.53868565064	841.599975585938
3263.52041952708	841.799987792969
3265.50159005221	843
3267.48219744676	838.760009765625
3269.46224193136	837.400024414063
3271.44172372651	840.640014648438
3273.42064305262	843.119995117188
3275.39900012996	843.47998046875
3277.3767951787	843.119995117188
3279.35402841889	842.440002441406
3281.33070007047	842.320007324219
3283.30681035326	843.159973144531
3285.28235948698	841.799987792969
3287.25734769121	840.039978027344
3289.23177518544	842.159973144531
3291.20564218903	840.52001953125
3293.17894892124	835.559997558594
3295.1516956012	837.320007324219
3297.12388244795	840.559997558594
3299.09550968039	841.320007324219
3301.06657751732	842.880004882813
3303.03708617743	844.640014648438
3305.00703587929	842.440002441406
3306.97642684135	840.039978027344
3308.94525928196	840
3310.91353341935	842.359985351563
3312.88124947164	841.760009765625
3314.84840765683	839.080017089844
3316.81500819282	839.119995117188
3318.78105129738	839.880004882813
3320.74653718818	840.280029296875
3322.71146608278	840.080017089844
3324.67583819861	839.280029296875
3326.639653753	839.799987792969
3328.60291296317	842.320007324219
3330.56561604621	840.280029296875
3332.52776321913	839
3334.4893546988	842.679992675781
3336.45039070198	839.440002441406
3338.41087144533	837.840026855469
3340.37079714539	842.799987792969
3342.33016801859	838.640014648438
3344.28898428124	839.159973144531
3346.24724614955	840.880004882813
3348.20495383962	839.880004882813
3350.16210756742	836.47998046875
3352.11870754883	838.47998046875
3354.07475399961	838.919982910156
3356.03024713539	837.440002441406
3357.98518717173	836.919982910156
3359.93957432403	839.52001953125
3361.89340880761	839.919982910156
3363.84669083768	839.599975585938
3365.79942062933	837.080017089844
3367.75159839753	837.159973144531
3369.70322435715	839.119995117188
3371.65429872295	840.239990234375
3373.60482170957	838.960021972656
3375.55479353155	843
3377.50421440332	842.599975585938
3379.45308453918	839.760009765625
3381.40140415335	840.679992675781
3383.34917345991	838.200012207031
3385.29639267284	837.960021972656
3387.24306200602	840.239990234375
3389.18918167321	843.039978027344
3391.13475188806	841.840026855469
3393.07977286411	841.119995117188
3395.02424481479	840.320007324219
3396.96816795342	839.599975585938
3398.91154249322	841.799987792969
3400.85436864728	841.679992675781
3402.79664662859	840.640014648438
3404.73837665004	843.080017089844
3406.67955892439	842.200012207031
3408.62019366432	840.840026855469
3410.56028108236	843.080017089844
3412.49982139096	844.919982910156
3414.43881480247	841.559997558594
3416.37726152909	843.719970703125
3418.31516178295	843.119995117188
3420.25251577605	842.880004882813
3422.18932372029	842.52001953125
3424.12558582746	842.039978027344
3426.06130230922	842.239990234375
3427.99647337717	839.280029296875
3429.93109924274	841.039978027344
3431.8651801173	838.679992675781
3433.79871621209	836.799987792969
3435.73170773824	837
3437.66415490678	840.280029296875
3439.59605792862	839.47998046875
3441.52741701458	839.359985351563
3443.45823237536	843.320007324219
3445.38850422154	839.640014648438
3447.31823276362	837.280029296875
3449.24741821196	834.960021972656
3451.17606077684	834.640014648438
3453.10416066842	836.640014648438
3455.03171809674	836.679992675781
3456.95873327175	837.119995117188
3458.88520640329	835.47998046875
3460.81113770109	833
3462.73652737477	831.239990234375
3464.66137563383	833
3466.58568268769	834.840026855469
3468.50944874565	834.599975585938
3470.43267401689	836.400024414063
3472.3553587105	837.359985351563
3474.27750303545	834.47998046875
3476.19910720062	827.960021972656
3478.12017141476	827.919982910156
3480.04069588654	830.840026855469
3481.9606808245	831.320007324219
3483.88012643707	831.840026855469
3485.79903293259	829.640014648438
3487.7174005193	828.960021972656
3489.63522940532	827.52001953125
3491.55251979864	824.359985351563
3493.46927190719	825.239990234375
3495.38548593877	824.640014648438
3497.30116210107	821.359985351563
3499.21630060167	822.559997558594
3501.13090164807	822.599975585938
3503.04496544763	820.200012207031
3504.95849220763	821.440002441406
3506.87148213523	822.919982910156
3508.78393543748	822.960021972656
3510.69585232134	823.440002441406
3512.60723299365	821.719970703125
3514.51807766116	820.119995117188
3516.42838653049	819.760009765625
3518.33815980819	819.799987792969
3520.24739770066	812.960021972656
3522.15610041423	816
3524.06426815511	816.799987792969
3525.9719011294	815.159973144531
3527.87899954311	816.679992675781
3529.78556360213	816.159973144531
3531.69159351225	816.159973144531
3533.59708947916	814.239990234375
3535.50205170844	814.239990234375
3537.40648040556	813.280029296875
3539.3103757759	811.640014648438
3541.21373802472	810.239990234375
3543.11656735717	809.599975585938
3545.01886397833	807.960021972656
3546.92062809313	808.119995117188
3548.82185990643	809.919982910156
3550.72255962297	811.280029296875
3552.62272744738	809.400024414063
3554.5223635842	805.47998046875
3556.42146823786	804.559997558594
3558.32004161268	804.239990234375
3560.21808391289	803.679992675781
3562.11559534259	803.960021972656
3564.01257610581	802.760009765625
3565.90902640645	802.159973144531
3567.80494644831	802.880004882813
3569.7003364351	801.400024414063
3571.59519657042	802.400024414063
3573.48952705774	802.559997558594
3575.38332810048	802.440002441406
3577.27659990191	802.880004882813
3579.16934266521	803.280029296875
3581.06155659346	802.47998046875
3582.95324188965	800.599975585938
3584.84439875663	799.599975585938
3586.73502739718	800.359985351563
3588.62512801397	798.239990234375
3590.51470080955	798.359985351563
3592.40374598639	798.880004882813
3594.29226374685	798.080017089844
3596.18025429317	798.200012207031
3598.06771782751	796.200012207031
3599.95465455192	795.080017089844
3601.84106466834	794.840026855469
3603.72694837861	795.840026855469
3605.61230588447	795.119995117188
3607.49713738756	795.400024414063
3609.38144308942	796.359985351563
3611.26522319148	796.840026855469
3613.14847789506	794.159973144531
3615.0312074014	794.640014648438
3616.91341191162	793.440002441406
3618.79509162674	792.359985351563
3620.67624674769	793.640014648438
3622.55687747528	792.719970703125
3624.43698401024	793.039978027344
3626.31656655317	792.52001953125
3628.1956253046	791.239990234375
3630.07416046492	791.760009765625
3631.95217223446	790.47998046875
3633.82966081342	789.880004882813
3635.70662640191	789.280029296875
3637.58306919993	787.919982910156
3639.45898940739	787.119995117188
3641.33438722409	788.119995117188
3643.20926284973	788.080017089844
3645.08361648392	787.679992675781
3646.95744832614	787.679992675781
3648.8307585758	788.359985351563
3650.7035474322	787.799987792969
3652.57581509452	786.960021972656
3654.44756176188	786.640014648438
3656.31878763324	785.840026855469
3658.18949290753	785.52001953125
3660.05967778352	785
3661.9293424599	784.159973144531
3663.79848713527	784.719970703125
3665.66711200812	784
3667.53521727684	783.599975585938
3669.40280313972	783.320007324219
3671.26986979494	782.080017089844
3673.13641744059	781.400024414063
3675.00244627468	782.159973144531
