-140.373595351881	772.440002441406
-137.335129063906	772.200012207031
-134.297686810867	772.320007324219
-131.261268103955	772.559997558594
-128.225872454677	772.719970703125
-125.191499374839	772.760009765625
-122.158148376567	772.640014648438
-119.125818972292	772.359985351563
-116.094510674759	772.47998046875
-113.064222997021	772.320007324219
-110.034955452443	772.559997558594
-107.006707554687	772.640014648438
-103.979478817741	772.320007324219
-100.95326875589	772.719970703125
-97.928076883731	772.679992675781
-94.9039027161698	772.719970703125
-91.8807457684175	772.440002441406
-88.8586055560018	772.719970703125
-85.8374815947384	772.880004882813
-82.8173734007715	772.640014648438
-79.7982804905411	772.760009765625
-76.7802023807988	772.200012207031
-73.7631385885914	772.52001953125
-70.7470886312892	772.599975585938
-67.732052026553	772.559997558594
-64.7180282923587	772
-61.7050169469884	772.599975585938
-58.6930175090183	772.799987792969
-55.6820294973386	772.52001953125
-52.6720524311495	772.400024414063
-49.66308582994	772.799987792969
-46.6551292135171	772.919982910156
-43.6481821019882	772.960021972656
-40.6422440157577	773.159973144531
-37.6373144755424	772.640014648438
-34.6333930023594	772.640014648438
-31.630479117526	772.919982910156
-28.6285723426709	772.599975585938
-25.6276721997107	772.760009765625
-22.6277782108771	772.760009765625
-19.628889898701	773.119995117188
-16.6310067860081	773.320007324219
-13.6341283959385	774.679992675781
-10.6382542519231	782.400024414063
-7.64338387769432	806.400024414063
-4.64951679729502	846.320007324219
-1.65665253506141	857.359985351563
1.33520938438089	823.280029296875
4.32606943608095	785.359985351563
7.315928094803	774.080017089844
10.3047858350146	772.880004882813
13.2926431308747	772.599975585938
16.2795004562541	772.760009765625
19.2653582847118	772.719970703125
22.2502170895187	772.599975585938
25.2340773436344	772.52001953125
28.216939519735	772.679992675781
31.1988040901939	772.719970703125
34.1796715270814	772.799987792969
37.1595423021732	772.320007324219
40.1384168869468	772.280029296875
43.1162957525854	772.320007324219
46.0931793699786	772.239990234375
49.0690682097059	772.760009765625
52.0439627420619	772.559997558594
55.0178634370476	772.52001953125
57.9907707643592	772.719970703125
60.9626851933962	772.239990234375
63.9336071932735	772.840026855469
66.9035372328018	772.760009765625
69.8724757804959	772.080017089844
72.8404233045826	772.400024414063
75.8073802729932	772.52001953125
78.7733471533597	772.599975585938
81.738324413019	772.599975585938
84.702312519025	772.400024414063
87.665311938125	772.320007324219
90.6273231367761	772.640014648438
93.5883465811569	772.640014648438
96.5483827371242	772.359985351563
99.5074320702731	772.400024414063
102.465495045889	772.880004882813
105.422572128961	772.679992675781
108.378663784199	772.280029296875
111.333770476014	772.52001953125
114.287892668528	772.52001953125
117.24103082557	772.47998046875
120.193185410674	772.760009765625
123.144356887097	772.799987792969
126.094545717786	772.799987792969
129.043752365413	773.559997558594
131.991977292355	773.840026855469
134.939220960695	774
137.885483832232	774.640014648438
140.83076636847	774.640014648438
143.775069030632	774.400024414063
146.718392279644	775.400024414063
149.660736576149	775.880004882813
152.602102380488	776.599975585938
155.54249015274	776.799987792969
158.481900352672	777.880004882813
161.420333439765	777.559997558594
164.357789873227	778.239990234375
167.294270111968	779.039978027344
170.229774614617	779.440002441406
173.164303839496	780.080017089844
176.097858244675	780.559997558594
179.030438287908	781.159973144531
181.962044426678	780.919982910156
184.89267711817	782.239990234375
187.822336819302	783.200012207031
190.751023986678	783.400024414063
193.678739076648	783.719970703125
196.605482545255	784.200012207031
199.531254848261	784.640014648438
202.456056441152	785.119995117188
205.379887779119	784.760009765625
208.30274931708	784.760009765625
211.224641509656	784.159973144531
214.145564811189	784.280029296875
217.06551967574	785.200012207031
219.984506557089	785.719970703125
222.902525908723	784.679992675781
225.819578183856	785.159973144531
228.735663835415	784.080017089844
231.650783316047	784
234.564937078107	784.320007324219
237.478125573679	785.320007324219
240.390349254566	784.359985351563
243.301608572278	784.640014648438
246.211903978051	784.880004882813
249.121235922839	786.47998046875
252.029604857321	786.880004882813
254.93701123188	786.760009765625
257.843455496632	786.400024414063
260.748938101415	786.919982910156
263.653459495766	787.840026855469
266.557020128967	788.280029296875
269.459620450005	789.559997558594
272.361260907595	788.840026855469
275.261941950168	789.799987792969
278.161664025874	789.679992675781
281.060427582592	788.679992675781
283.958233067921	789.200012207031
286.855080929176	788.799987792969
289.750971613398	789.840026855469
292.645905567344	789.52001953125
295.539883237503	788
298.432905070079	788.119995117188
301.324971511007	787.52001953125
304.216083005931	788.599975585938
307.10624000023	789.799987792969
309.995442939003	792.039978027344
312.883692267071	796.400024414063
315.770988428979	803.400024414063
318.657331869	810.039978027344
321.542723031127	814.159973144531
324.427162359076	813.440002441406
327.310650296293	804.400024414063
330.193187285945	797.239990234375
333.074773770929	792.719970703125
335.955410193855	790.799987792969
338.835096997075	789.239990234375
341.713834622655	788
344.59162351239	787.880004882813
347.468464107802	787.440002441406
350.344356850137	786.320007324219
353.219302180373	787.119995117188
356.093300539208	786.840026855469
358.966352367073	786.799987792969
361.838458104123	786.640014648438
364.70961819024	786.919982910156
367.579833065031	786.960021972656
370.449103167837	787.119995117188
373.317428937727	785.799987792969
376.184810813496	786.52001953125
379.051249233659	785.960021972656
381.916744636474	785.599975585938
384.78129745992	785.719970703125
387.644908141706	785.239990234375
390.50757711927	786.760009765625
393.36930482978	786.280029296875
396.23009171014	785.799987792969
399.089938196969	786.599975585938
401.948844726631	785.880004882813
404.806811735214	786.239990234375
407.66383965853	785.47998046875
410.519928932138	786
413.375079991314	786.840026855469
416.229293271071	786
419.082569206155	786.440002441406
421.934908231031	786.039978027344
424.786310779917	785.840026855469
427.636777286748	785.880004882813
430.486308185189	786.119995117188
433.334903908649	786.080017089844
436.182564890262	787.280029296875
439.029291562898	786.599975585938
441.875084359157	785.760009765625
444.719943711374	785.799987792969
447.563870051618	785.960021972656
450.406863811695	786.840026855469
453.248925423132	786.239990234375
456.090055317208	786.119995117188
458.93025392492	785.559997558594
461.76952167701	785.280029296875
464.60785900395	785.359985351563
467.44526633595	785.760009765625
470.281744102955	785.47998046875
473.117292734635	785.080017089844
475.951912660415	786.200012207031
478.785604309439	785.640014648438
481.618368110592	785.280029296875
484.450204492499	785.159973144531
487.281113883518	785.599975585938
490.111096711738	785.799987792969
492.940153404999	786.200012207031
495.768284390864	785.719970703125
498.595490096635	786.599975585938
501.421770949366	786.679992675781
504.247127375825	787.400024414063
507.071559802537	786.280029296875
509.89506865575	786.400024414063
512.717654361473	786.719970703125
515.539317345424	785.719970703125
518.360058033083	786.840026855469
521.179876849652	785.52001953125
523.998774220083	785.280029296875
526.816750569068	786.400024414063
529.633806321025	785.52001953125
532.44994190013	786.400024414063
535.265157730284	785.919982910156
538.079454235133	786.200012207031
540.892831838066	785.080017089844
543.705290962208	786.320007324219
546.516832030424	786
549.32745546533	786.400024414063
552.137161689268	785.840026855469
554.945951124325	786.559997558594
557.753824192341	785.119995117188
560.560781314883	786.359985351563
563.36682291327	785.719970703125
566.171949408555	786.359985351563
568.976161221537	785.719970703125
571.779458772759	785.119995117188
574.5818424825	785.200012207031
577.383312770792	785.840026855469
580.183870057402	786.239990234375
582.983514761843	786.599975585938
585.782247303363	785.919982910156
588.580068100976	785.159973144531
591.376977573414	785.919982910156
594.172976139164	785.960021972656
596.968064216463	785.119995117188
599.762242223282	785.960021972656
602.555510577335	785.039978027344
605.347869696099	784.719970703125
608.139319996771	785.359985351563
610.929861896313	785.559997558594
613.719495811421	785.119995117188
616.508222158541	784.840026855469
619.296041353863	784.880004882813
622.082953813324	785.760009765625
624.868959952607	784.679992675781
627.654060187137	785.52001953125
630.438254932094	785.760009765625
633.221544602397	785.719970703125
636.003929612719	784.599975585938
638.785410377468	785.47998046875
641.565987310814	786.119995117188
644.345660826665	785.840026855469
647.124431338674	785.440002441406
649.902299260252	785.440002441406
652.679265004552	783.960021972656
655.455328984475	784.52001953125
658.230491612671	785.52001953125
661.004753301541	785.960021972656
663.778114463229	785.760009765625
666.550575509631	786.159973144531
669.322136852395	787
672.092798902916	785.719970703125
674.862562072336	785.320007324219
677.631426771548	786
680.399393411204	784.919982910156
683.166462401689	785.960021972656
685.93263415315	785.599975585938
688.697909075486	785.559997558594
691.462287578337	785.719970703125
694.225770071098	785.559997558594
696.988356962926	784.599975585938
699.750048662705	785.599975585938
702.5108455791	785.119995117188
705.270748120503	785.320007324219
708.029756695068	784.960021972656
710.787871710705	785.200012207031
713.545093575065	785.080017089844
716.301422695566	785.799987792969
719.056859479364	786.640014648438
721.811404333376	786.400024414063
724.56505766427	786.47998046875
727.317819878473	785.679992675781
730.069691382148	785.760009765625
732.820672581226	786.599975585938
735.570763881396	786.359985351563
738.319965688092	785.47998046875
741.068278406496	786.400024414063
743.815702441559	787.159973144531
746.562238197974	786.239990234375
749.307886080196	785.880004882813
752.052646492436	785.840026855469
754.796519838656	785.840026855469
757.539506522567	787.359985351563
760.28160694765	787
763.022821517128	787.119995117188
765.76315063399	786.840026855469
768.502594700972	786.039978027344
771.241154120572	785.760009765625
773.978829295045	786.200012207031
776.715620626397	787
779.451528516396	787.760009765625
782.186553366565	787.52001953125
784.920695578179	788.080017089844
787.653955552283	788.880004882813
790.386333689662	788.52001953125
793.117830390877	787.239990234375
795.848446056227	787.159973144531
798.578181085792	787.320007324219
801.307035879389	786.119995117188
804.035010836599	786.039978027344
806.762106356774	786.159973144531
809.488322839013	785.119995117188
812.213660682169	786.039978027344
814.938120284866	786.280029296875
817.661702045482	785.52001953125
820.384406362153	786.080017089844
823.10623363278	786.880004882813
825.827184255014	787.080017089844
828.547258626283	785.640014648438
831.266457143747	785.599975585938
833.984780204358	786.039978027344
836.702228204804	785.719970703125
839.418801541552	786.599975585938
842.134500610814	786.47998046875
844.849325808575	786
847.563277530579	786.280029296875
850.276356172319	786.119995117188
852.988562129066	786.719970703125
855.69989579585	786
858.410357567456	787.080017089844
861.119947838428	786.640014648438
863.828667003087	785.919982910156
866.536515455503	786.200012207031
869.243493589517	785.280029296875
871.949601798728	786.239990234375
874.654840476504	785.280029296875
877.359210015961	785.200012207031
880.062710810003	785.799987792969
882.765343251273	786.239990234375
885.467107732191	786
888.168004644938	785.719970703125
890.868034381467	785.599975585938
893.567197333476	785.359985351563
896.265493892445	785.880004882813
898.962924449614	785.719970703125
901.659489395985	786.280029296875
904.355189122325	786.280029296875
907.050024019165	785.799987792969
909.743994476809	785.719970703125
912.437100885322	785.960021972656
915.129343634532	785.159973144531
917.820723114032	786.440002441406
920.511239713189	786.359985351563
923.200893821127	786.159973144531
925.889685826744	786.640014648438
928.577616118699	786.320007324219
931.264685085419	786.719970703125
933.950893115098	786.52001953125
936.6362405957	786.719970703125
939.320727914956	786.320007324219
942.004355460359	785.640014648438
944.687123619173	786.679992675781
947.369032778431	786.239990234375
950.050083324934	786.119995117188
952.730275645247	785.760009765625
955.409610125711	786.47998046875
958.088087152423	786.52001953125
960.765707111263	785.799987792969
963.442470387871	785.280029296875
966.118377367657	785.440002441406
968.793428435798	786.239990234375
971.467623977254	786.080017089844
974.140964376739	785.719970703125
976.813450018737	784.840026855469
979.485081287511	785.679992675781
982.155858567087	785.080017089844
984.825782241271	786.080017089844
987.494852693624	785.599975585938
990.163070307487	786.280029296875
992.830435465978	785.799987792969
995.496948551973	786.080017089844
998.162609948122	787.239990234375
1000.82742003685	787.760009765625
1003.49137920036	788.960021972656
1006.15448782061	788.719970703125
1008.81674627934	787.880004882813
1011.47815495806	786.200012207031
1014.13871423805	785.52001953125
1016.79842450037	785.440002441406
1019.45728612586	785.239990234375
1022.11529949509	784.52001953125
1024.77246498846	785
1027.4287829861	784.599975585938
1030.08425386792	785.280029296875
1032.73887801363	785.47998046875
1035.3926558027	785.719970703125
1038.04558761435	784.840026855469
1040.69767382761	785.080017089844
1043.34891482125	785.039978027344
1045.99931097384	785.320007324219
1048.64886266371	785
1051.29757026898	786.280029296875
1053.94543416753	785.400024414063
1056.59245473701	786.440002441406
1059.23863235486	786.119995117188
1061.8839673983	786.119995117188
1064.5284602443	785.840026855469
1067.17211126962	786.159973144531
1069.8149208508	785.320007324219
1072.45688936415	785.440002441406
1075.09801718577	786.239990234375
1077.7383046915	785.799987792969
1080.377752257	786.320007324219
1083.01636025767	787.039978027344
1085.65412906872	786.760009765625
1088.2910590651	787.280029296875
1090.92715062157	786.52001953125
1093.56240411266	787.239990234375
1096.19681991265	786.719970703125
1098.83039839564	787.039978027344
1101.46313993547	787.719970703125
1104.09504490579	786.880004882813
1106.72611368	786.320007324219
1109.35634663129	785.880004882813
1111.98574413263	786.640014648438
1114.61430655677	785.840026855469
1117.24203427624	785.47998046875
1119.86892766333	784.719970703125
1122.49498709014	785.119995117188
1125.12021292851	785.47998046875
1127.74460555011	786.599975585938
1130.36816532634	785.719970703125
1132.99089262841	785.159973144531
1135.6127878273	785
1138.23385129376	783.719970703125
1140.85408339834	784.200012207031
1143.47348451137	784
1146.09205500294	784.200012207031
1148.70979524293	784.320007324219
1151.326705601	783.880004882813
1153.9427864466	784.679992675781
1156.55803814896	784.640014648438
1159.17246107707	784.719970703125
1161.78605559974	784.719970703125
1164.39882208551	785.080017089844
1167.01076090276	784.760009765625
1169.6218724196	784.919982910156
1172.23215700396	785.359985351563
1174.84161502352	784.280029296875
1177.45024684578	785
1180.05805283799	783.880004882813
1182.66503336719	783.960021972656
1185.27118880021	784.840026855469
1187.87651950367	784.52001953125
1190.48102584395	784.47998046875
1193.08470818723	784.039978027344
1195.68756689948	784.440002441406
1198.28960234643	785.359985351563
1200.89081489363	785.039978027344
1203.49120490636	785.400024414063
1206.09077274974	785.599975585938
1208.68951878864	785.47998046875
1211.28744338773	786.159973144531
1213.88454691145	786.640014648438
1216.48082972404	786.039978027344
1219.07629218953	785.679992675781
1221.6709346717	786.919982910156
1224.26475753416	786.320007324219
1226.85776114028	787.119995117188
1229.44994585322	787.799987792969
1232.04131203592	788.119995117188
1234.63186005112	788.280029296875
1237.22159026133	788.760009765625
1239.81050302886	789.640014648438
1242.3985987158	789.919982910156
1244.98587768402	789.320007324219
1247.5723402952	788.52001953125
1250.15798691078	789.159973144531
1252.74281789199	789.799987792969
1255.32683359987	788.919982910156
1257.91003439523	789.760009765625
1260.49242063865	789.039978027344
1263.07399269055	788.599975585938
1265.65475091108	788.559997558594
1268.23469566021	788.559997558594
1270.81382729769	787.719970703125
1273.39214618306	787.52001953125
1275.96965267566	787.799987792969
1278.54634713458	787.440002441406
1281.12222991875	787.840026855469
1283.69730138685	787.280029296875
1286.27156189737	788.359985351563
1288.84501180858	788.039978027344
1291.41765147853	788.320007324219
1293.98948126509	787.52001953125
1296.56050152589	788.239990234375
1299.13071261837	788.599975585938
1301.70011489973	788.559997558594
1304.268708727	790.239990234375
1306.83649445698	789.320007324219
1309.40347244625	788.559997558594
1311.96964305119	789.039978027344
1314.53500662799	789.159973144531
1317.0995635326	789.760009765625
1319.66331412077	789.760009765625
1322.22625874806	789.52001953125
1324.7883977698	789.52001953125
1327.34973154112	788.799987792969
1329.91026041694	788.559997558594
1332.46998475197	788.400024414063
1335.0289049007	789.239990234375
1337.58702121746	789.400024414063
1340.14433405631	789.359985351563
1342.70084377115	789.280029296875
1345.25655071563	788.599975585938
1347.81145524323	788.239990234375
1350.36555770721	787.599975585938
1352.91885846062	787.080017089844
1355.47135785631	785.599975585938
1358.02305624691	786.599975585938
1360.57395398486	786.280029296875
1363.12405142237	785.440002441406
1365.67334891148	786.320007324219
1368.22184680399	784.919982910156
1370.76954545151	784.559997558594
1373.31644520545	785.799987792969
1375.86254641699	785.239990234375
1378.40784943713	785.52001953125
1380.95235461666	784.880004882813
1383.49606230615	785.239990234375
1386.03897285598	786
1388.58108661632	785.719970703125
1391.12240393713	786.039978027344
1393.66292516818	785.359985351563
1396.20265065903	785
1398.74158075901	784.960021972656
1401.2797158173	784.880004882813
1403.81705618282	784.440002441406
1406.35360220431	785.119995117188
1408.88935423032	784.960021972656
1411.42431260919	785.679992675781
1413.95847768903	785.760009765625
1416.49184981777	784.440002441406
1419.02442934314	785.679992675781
1421.55621661266	786.239990234375
1424.08721197364	785.599975585938
1426.61741577321	784.919982910156
1429.14682835828	785.760009765625
1431.67545007555	786.080017089844
1434.20328127153	786.159973144531
1436.73032229253	786.359985351563
1439.25657348466	787.440002441406
1441.78203519381	788.47998046875
1444.3067077657	789.200012207031
1446.83059154581	789.400024414063
1449.35368687944	790.760009765625
1451.8759941117	789.840026855469
1454.39751358748	790.400024414063
1456.91824565148	789.440002441406
1459.43819064818	788.799987792969
1461.95734892189	789.039978027344
1464.4757208167	788.760009765625
1466.99330667649	787.719970703125
1469.51010684497	786.919982910156
1472.02612166564	786.039978027344
1474.54135148177	786.119995117188
1477.05579663646	785.200012207031
1479.56945747262	785.960021972656
1482.08233433293	786.080017089844
1484.59442755989	784.359985351563
1487.10573749579	785.200012207031
1489.61626448275	783.919982910156
1492.12600886264	784.52001953125
1494.63497097718	783.919982910156
1497.14315116786	783.359985351563
1499.65054977599	782.400024414063
1502.15716714267	782.679992675781
1504.66300360881	781.400024414063
1507.16805951512	782.159973144531
1509.67233520211	781.960021972656
1512.1758310101	782.320007324219
1514.67854727919	781.840026855469
1517.18048434931	781.200012207031
1519.68164256018	782.52001953125
1522.18202225132	781
1524.68162376207	781.359985351563
1527.18044743155	780.840026855469
1529.67849359869	781.640014648438
1532.17576260224	780.919982910156
1534.67225478072	781.559997558594
1537.1679704725	781.919982910156
1539.66291001572	782.119995117188
1542.15707374832	781.880004882813
1544.65046200807	781.960021972656
1547.14307513254	782.080017089844
1549.63491345907	782.599975585938
1552.12597732485	782.919982910156
1554.61626706685	782.359985351563
1557.10578302185	783.119995117188
1559.59452552644	783.200012207031
1562.082494917	783.119995117188
1564.56969152973	783.760009765625
1567.05611570064	783.760009765625
1569.54176776552	784.640014648438
1572.02664806	784.719970703125
1574.51075691949	784.239990234375
1576.99409467921	784.400024414063
1579.4766616742	785.320007324219
1581.95845823929	785.359985351563
1584.43948470912	784.840026855469
1586.91974141815	785.52001953125
1589.39922870064	784.400024414063
1591.87794689064	785.119995117188
1594.35589632202	784.599975585938
1596.83307732848	784.760009765625
1599.30949024348	785.640014648438
1601.78513540033	785.080017089844
1604.26001313211	784.760009765625
1606.73412377175	784.640014648438
1609.20746765196	785.599975585938
1611.68004510526	785.440002441406
1614.15185646398	785.359985351563
1616.62290206026	786.400024414063
1619.09318222605	786.239990234375
1621.56269729311	785.799987792969
1624.031447593	786.080017089844
1626.4994334571	786.400024414063
1628.9666552166	785.52001953125
1631.43311320248	786.359985351563
1633.89880774554	787
1636.3637391764	786.760009765625
1638.82790782548	786.799987792969
1641.29131402301	786.960021972656
1643.75395809903	787.880004882813
1646.21584038339	787.880004882813
1648.67696120575	788.840026855469
1651.13732089558	789.47998046875
1653.59691978216	790.440002441406
1656.05575819459	790.039978027344
1658.51383646175	789.719970703125
1660.97115491238	791
1663.42771387498	788.919982910156
1665.8835136779	789.47998046875
1668.33855464928	789.760009765625
1670.79283711708	787.559997558594
1673.24636140907	787.799987792969
1675.69912785282	787.320007324219
1678.15113677572	786.960021972656
1680.602388505	786.760009765625
1683.05288336764	786.559997558594
1685.50262169049	785.359985351563
1687.95160380019	784.47998046875
1690.39983002318	784.400024414063
1692.84730068573	784.200012207031
1695.29401611392	783.159973144531
1697.73997663364	782.679992675781
1700.18518257059	782.52001953125
1702.6296342503	781.799987792969
1705.07333199807	781.320007324219
1707.51627613907	781.400024414063
1709.95846699824	780.719970703125
1712.39990490036	780.080017089844
1714.84059017001	781.119995117188
1717.28052313159	780
1719.7197041093	780.039978027344
1722.15813342718	780.47998046875
1724.59581140906	780.159973144531
1727.03273837859	779.599975585938
1729.46891465926	779.239990234375
1731.90434057432	779.840026855469
1734.3390164469	779.52001953125
1736.7729425999	779.159973144531
1739.20611935604	778.919982910156
1741.63854703787	779.840026855469
1744.07022596776	779.119995117188
1746.50115646787	778.840026855469
1748.93133886019	778.359985351563
1751.36077346652	779.119995117188
1753.7894606085	778.440002441406
1756.21740060755	778.960021972656
1758.64459378494	778.640014648438
1761.07104046172	777.960021972656
1763.49674095879	778.640014648438
1765.92169559684	778.159973144531
1768.3459046964	778.440002441406
1770.7693685778	778.47998046875
1773.1920875612	778.760009765625
1775.61406196656	778.440002441406
1778.03529211367	778.359985351563
1780.45577832214	778.159973144531
1782.87552091138	778.52001953125
1785.29452020064	778.760009765625
1787.71277650897	777.760009765625
1790.13029015525	778.440002441406
1792.54706145817	778.320007324219
1794.96309073625	778.119995117188
1797.3783783078	777.52001953125
1799.79292449097	778.039978027344
1802.20672960375	778.119995117188
1804.61979396389	778.280029296875
1807.03211788902	778.359985351563
1809.44370169655	778.239990234375
1811.85454570373	777.960021972656
1814.2646502276	777.760009765625
1816.67401558506	777.640014648438
1819.0826420928	776.679992675781
1821.49053006734	777.440002441406
1823.89767982501	777.919982910156
1826.30409168198	777.760009765625
1828.70976595422	778.200012207031
1831.11470295753	778.080017089844
1833.51890300752	777.400024414063
1835.92236641964	777.239990234375
1838.32509350914	777.679992675781
1840.72708459111	777.799987792969
1843.12833998044	778.080017089844
1845.52885999184	778.239990234375
1847.92864493987	777.640014648438
1850.32769513889	777.640014648438
1852.72601090307	777.359985351563
1855.12359254642	778.239990234375
1857.52044038278	777.799987792969
1859.91655472578	777.760009765625
1862.31193588889	777.280029296875
1864.70658418542	777.52001953125
1867.10049992847	777.880004882813
1869.49368343096	777.52001953125
1871.88613500568	776.719970703125
1874.27785496518	777.880004882813
1876.66884362188	777.799987792969
1879.059101288	777.840026855469
1881.44862827559	778.200012207031
1883.8374248965	777.960021972656
1886.22549146246	778.159973144531
1888.61282828495	777.559997558594
1890.99943567534	777.679992675781
1893.38531394477	777.840026855469
1895.77046340424	778.080017089844
1898.15488436455	777.679992675781
1900.53857713634	778.159973144531
1902.92154203006	777.760009765625
1905.303779356	777.719970703125
1907.68528942426	777.280029296875
1910.06607254477	777.559997558594
1912.44612902729	777.400024414063
1914.82545918139	777.919982910156
1917.20406331648	777.799987792969
1919.58194174178	777.799987792969
1921.95909476634	777.719970703125
1924.33552269905	777.359985351563
1926.71122584861	777.880004882813
1929.08620452353	777.599975585938
1931.46045903219	777.400024414063
1933.83398968275	778
1936.20679678322	777.760009765625
1938.57888064142	777.799987792969
1940.95024156502	778.200012207031
1943.3208798615	778.039978027344
1945.69079583816	777.840026855469
1948.05998980213	777.679992675781
1950.42846206038	778.280029296875
1952.79621291969	777.47998046875
1955.16324268668	777.760009765625
1957.52955166778	777.559997558594
1959.89514016927	777.880004882813
1962.26000849723	777.919982910156
1964.62415695759	777.719970703125
1966.98758585609	778.280029296875
1969.3502954983	778
1971.71228618964	777.919982910156
1974.07355823532	778.359985351563
1976.43411194042	778.080017089844
1978.79394760981	777.52001953125
1981.1530655482	777.400024414063
1983.51146606014	777.52001953125
1985.86914944999	777.880004882813
1988.22611602196	777.679992675781
1990.58236608007	777.760009765625
1992.93789992817	778.239990234375
1995.29271786995	777.52001953125
1997.64682020892	778.52001953125
2000.00020724843	777.679992675781
2002.35287929162	777.799987792969
2004.70483664152	778.119995117188
2007.05607960095	777.960021972656
2009.40660847256	777.760009765625
2011.75642355884	777.599975585938
2014.1055251621	777.960021972656
2016.4539135845	778.239990234375
2018.80158912802	778.039978027344
2021.14855209444	778.119995117188
2023.49480278542	778.47998046875
2025.84034150242	778.159973144531
2028.18516854673	778.440002441406
2030.52928421948	777.960021972656
2032.87268882163	777.799987792969
2035.21538265398	778
2037.55736601713	777.799987792969
2039.89863921153	778.080017089844
2042.23920253747	778.440002441406
2044.57905629506	778.359985351563
2046.91820078425	777.599975585938
2049.2566363048	778.200012207031
2051.59436315633	778.280029296875
2053.93138163827	777.919982910156
2056.2676920499	778.640014648438
2058.6032946903	777.599975585938
2060.93818985843	777.840026855469
2063.27237785303	777.799987792969
2065.60585897272	778.039978027344
2067.93863351592	777.840026855469
2070.27070178089	777.719970703125
2072.60206406574	778.200012207031
2074.93272066838	778.200012207031
2077.26267188658	778.47998046875
2079.59191801793	778.039978027344
2081.92045935985	778.640014648438
2084.24829620962	778.359985351563
2086.57542886431	778.679992675781
2088.90185762087	778.47998046875
2091.22758277604	778
2093.55260462643	777.760009765625
2095.87692346845	778.280029296875
2098.20053959837	777.840026855469
2100.52345331229	777.840026855469
2102.84566490614	778.239990234375
2105.16717467567	778.559997558594
2107.48798291649	778.159973144531
2109.80808992403	778.080017089844
2112.12749599355	778
2114.44620142016	778.559997558594
2116.7642064988	778.440002441406
2119.08151152423	777.400024414063
2121.39811679106	777.640014648438
2123.71402259374	777.599975585938
2126.02922922653	777.960021972656
2128.34373698356	777.960021972656
2130.65754615876	778.719970703125
2132.97065704594	778
2135.28306993869	777.799987792969
2137.59478513047	778.320007324219
2139.90580291459	778.239990234375
2142.21612358416	778.559997558594
2144.52574743214	778.320007324219
2146.83467475134	777.960021972656
2149.1429058344	778.200012207031
2151.45044097377	777.799987792969
2153.75728046178	778.359985351563
2156.06342459057	777.640014648438
2158.36887365212	778.440002441406
2160.67362793825	778.119995117188
2162.97768774061	777.440002441406
2165.28105335071	777.760009765625
2167.58372505987	778.359985351563
2169.88570315926	778.200012207031
2172.18698793988	778
2174.48757969258	777.799987792969
2176.78747870805	778.400024414063
2179.08668527679	777.880004882813
2181.38519968917	777.47998046875
2183.68302223538	777.960021972656
2185.98015320547	777.960021972656
2188.27659288929	777.280029296875
2190.57234157656	777.840026855469
2192.86739955682	777.47998046875
2195.16176711948	778.159973144531
2197.45544455375	778.239990234375
2199.74843214869	777.799987792969
2202.04073019322	777.960021972656
2204.33233897607	777.719970703125
2206.62325878583	777.359985351563
2208.91348991093	777.159973144531
2211.20303263961	778.200012207031
2213.49188726	777.919982910156
2215.78005406001	777.559997558594
2218.06753332744	777.880004882813
2220.35432534991	777.599975585938
2222.64043041487	777.280029296875
2224.92584880964	777.400024414063
2227.21058082134	777.239990234375
2229.49462673696	777.559997558594
2231.77798684332	777.919982910156
2234.06066142709	778
2236.34265077477	777.320007324219
2238.62395517269	777.599975585938
2240.90457490706	777.159973144531
2243.18451026388	777.400024414063
2245.46376152904	777.320007324219
2247.74232898823	777.719970703125
2250.02021292701	778.039978027344
2252.29741363077	776.960021972656
2254.57393138475	777.359985351563
2256.849766474	777.719970703125
2259.12491918346	777.159973144531
2261.39938979788	777.679992675781
2263.67317860185	777.679992675781
2265.94628587983	777.400024414063
2268.2187119161	777.320007324219
2270.49045699478	776.799987792969
2272.76152139985	777.440002441406
2275.03190541511	776.960021972656
2277.30160932421	777.239990234375
2279.57063341067	777.359985351563
2281.83897795781	777.280029296875
2284.10664324882	777.719970703125
2286.37362956672	777
2288.63993719439	776.840026855469
2290.90556641454	777.239990234375
2293.17051750973	776.799987792969
2295.43479076235	776.919982910156
2297.69838645465	776.960021972656
2299.96130486871	777.640014648438
2302.22354628647	777.239990234375
2304.48511098971	777.559997558594
2306.74599926003	777.119995117188
2309.00621137891	777.320007324219
2311.26574762765	777.080017089844
2313.52460828741	776.719970703125
2315.78279363917	776.280029296875
2318.04030396379	777.239990234375
2320.29713954195	776.880004882813
2322.55330065418	777.799987792969
2324.80878758085	777.159973144531
2327.06360060219	777.239990234375
2329.31773999826	777.119995117188
2331.57120604897	777.280029296875
2333.82399903409	777.159973144531
2336.0761192332	777
2338.32756692577	777.239990234375
2340.57834239108	776.47998046875
2342.82844590827	776.880004882813
2345.07787775633	776.760009765625
2347.32663821409	776.47998046875
2349.57472756023	776.880004882813
2351.82214607327	776.919982910156
2354.06889403158	777.080017089844
2356.31497171337	776.760009765625
2358.56037939672	776.47998046875
2360.80511735953	776.719970703125
2363.04918587955	776.880004882813
2365.29258523439	777.159973144531
2367.5353157015	777
2369.77737755817	776.840026855469
2372.01877108156	776.200012207031
2374.25949654865	777.359985351563
2376.49955423629	777.119995117188
2378.73894442115	776.400024414063
2380.97766737977	777.080017089844
2383.21572338855	777.320007324219
2385.45311272369	776.359985351563
2387.68983566129	776.760009765625
2389.92589247727	776.559997558594
2392.1612834474	777.039978027344
2394.39600884731	776.840026855469
2396.63006895246	777.159973144531
2398.86346403818	776.719970703125
2401.09619437962	776.47998046875
2403.32826025182	776.559997558594
2405.55966192963	776.640014648438
2407.79039968777	777.159973144531
2410.0204738008	776.679992675781
2412.24988454313	776.47998046875
2414.47863218902	776.47998046875
2416.70671701258	777
2418.93413928778	776.039978027344
2421.16089928842	776.719970703125
2423.38699728817	776.919982910156
2425.61243356052	776.880004882813
2427.83720837884	776.960021972656
2430.06132201633	776.47998046875
2432.28477474606	777.039978027344
2434.50756684093	776.47998046875
2436.72969857371	776.359985351563
2438.95117021699	776.599975585938
2441.17198204325	776.919982910156
2443.39213432478	776.080017089844
2445.61162733376	776.880004882813
2447.83046134218	776.719970703125
2450.04863662192	777.080017089844
2452.26615344468	776.760009765625
2454.48301208203	776.280029296875
2456.69921280539	776.599975585938
2458.91475588602	776.359985351563
2461.12964159504	776.159973144531
2463.34387020342	776.47998046875
2465.55744198198	776.919982910156
2467.77035720139	776.679992675781
2469.98261613217	776.719970703125
2472.1942190447	776.919982910156
2474.40516620922	776.679992675781
2476.6154578958	776.280029296875
2478.82509437436	776.52001953125
2481.03407591471	777
2483.24240278646	776.440002441406
2485.45007525911	776.359985351563
2487.65709360202	776.359985351563
2489.86345808435	776.52001953125
2492.06916897518	776.52001953125
2494.27422654339	776.599975585938
2496.47863105774	776.799987792969
2498.68238278683	776.559997558594
2500.88548199912	777.119995117188
2503.08792896294	777.039978027344
2505.28972394643	776.52001953125
2507.49086721763	776.039978027344
2509.6913590444	776.119995117188
2511.89119969447	776.440002441406
2514.09038943543	776.47998046875
2516.2889285347	776.52001953125
2518.48681725957	776.599975585938
2520.6840558772	777.039978027344
2522.88064465456	777.239990234375
2525.07658385852	776.280029296875
2527.27187375578	776.719970703125
2529.4665146129	776.359985351563
2531.66050669629	776.880004882813
2533.85385027222	776.640014648438
2536.04654560681	777
2538.23859296605	776.200012207031
2540.42999261577	776.559997558594
2542.62074482166	776.440002441406
2544.81084984925	776.47998046875
2547.00030796395	776.799987792969
2549.18911943101	776.840026855469
2551.37728451555	776.080017089844
2553.56480348252	776.640014648438
2555.75167659675	777.280029296875
2557.93790412292	777
2560.12348632556	776.640014648438
2562.30842346905	777.039978027344
2564.49271581764	777.080017089844
2566.67636363544	775.960021972656
2568.85936718639	776.320007324219
2571.04172673431	776.679992675781
2573.22344254288	776.799987792969
2575.40451487562	776.960021972656
2577.58494399591	776.719970703125
2579.76473016699	776.719970703125
2581.94387365196	776.599975585938
2584.12237471377	776.640014648438
2586.30023361523	776.880004882813
2588.47745061901	776.119995117188
2590.65402598763	776.679992675781
2592.82995998348	776.840026855469
2595.0052528688	775.960021972656
2597.17990490568	776.799987792969
2599.35391635608	776.679992675781
2601.52728748181	776.799987792969
2603.70001854454	776.840026855469
2605.8721098058	776.559997558594
2608.04356152698	777.080017089844
2610.21437396931	776.919982910156
2612.3845473939	776.159973144531
2614.55408206173	776.719970703125
2616.72297823359	776.52001953125
2618.89123617017	776.47998046875
2621.058856132	776
2623.22583837949	777.039978027344
2625.39218317288	776.840026855469
2627.55789077229	777.039978027344
2629.72296143769	777.119995117188
2631.88739542891	777.119995117188
2634.05119300563	776.919982910156
2636.21435442742	777.440002441406
2638.37687995367	776.440002441406
2640.53876984365	777.080017089844
2642.70002435649	776.880004882813
2644.86064375119	776.960021972656
2647.02062828658	777.080017089844
2649.17997822137	777.280029296875
2651.33869381413	777.039978027344
2653.49677532328	776.440002441406
2655.65422300711	777.200012207031
2657.81103712378	776.880004882813
2659.96721793127	776.719970703125
2662.12276568747	776.239990234375
2664.2776806501	777.159973144531
2666.43196307675	776.760009765625
2668.58561322486	776.400024414063
2670.73863135176	776.840026855469
2672.8910177146	776.320007324219
2675.04277257043	776.880004882813
2677.19389617612	776.320007324219
2679.34438878845	776.640014648438
2681.49425066402	777.400024414063
2683.64348205931	777.119995117188
2685.79208323065	777.039978027344
2687.94005443425	777.080017089844
2690.08739592617	776.559997558594
2692.23410796233	777.200012207031
2694.38019079852	777.280029296875
2696.52564469038	776.880004882813
2698.67046989342	777.400024414063
2700.81466666302	777.559997558594
2702.9582352544	777.119995117188
2705.10117592265	777.400024414063
2707.24348892275	777.52001953125
2709.3851745095	777.919982910156
2711.5262329376	777.679992675781
2713.66666446158	777.47998046875
2715.80646933585	777.840026855469
2717.94564781468	778.440002441406
2720.08420015222	777.559997558594
2722.22212660245	777.640014648438
2724.35942741923	778.400024414063
2726.49610285628	778.239990234375
2728.63215316721	777.799987792969
2730.76757860544	777.799987792969
2732.9023794243	778.320007324219
2735.03655587697	778.080017089844
2737.17010821648	777.880004882813
2739.30303669573	778.280029296875
2741.4353415675	778.280029296875
2743.56702308442	778.080017089844
2745.69808149898	778
2747.82851706355	777.359985351563
2749.95833003034	777.840026855469
2752.08752065145	777.47998046875
2754.21608917883	777.039978027344
2756.3440358643	777.679992675781
2758.47136095954	777.599975585938
2760.59806471609	777.760009765625
2762.72414738537	778
2764.84960921865	777.52001953125
2766.97445046708	778.080017089844
2769.09867138166	777.679992675781
2771.22227221326	777.679992675781
2773.34525321263	777.960021972656
2775.46761463035	777.719970703125
2777.58935671691	777.47998046875
2779.71047972262	778
2781.83098389771	777.320007324219
2783.95086949221	777.640014648438
2786.07013675607	778.039978027344
2788.18878593908	778.119995117188
2790.3068172909	778
2792.42423106106	777.840026855469
2794.54102749895	777.599975585938
2796.65720685384	778.039978027344
2798.77276937486	778.400024414063
2800.88771531098	778.080017089844
2803.00204491107	777.719970703125
2805.11575842387	778.039978027344
2807.22885609796	777.960021972656
2809.34133818179	777.47998046875
2811.4532049237	778.200012207031
2813.56445657189	778.400024414063
2815.6750933744	779.080017089844
2817.78511557916	778.919982910156
2819.89452343398	778.719970703125
2822.00331718652	778.440002441406
2824.11149708429	778.599975585938
2826.2190633747	778.599975585938
2828.32601630502	779.200012207031
2830.43235612237	778.679992675781
2832.53808307375	779.52001953125
2834.64319740603	780.119995117188
2836.74769936595	781.080017089844
2838.85158920011	782.239990234375
2840.95486715497	782.359985351563
2843.05753347689	783.719970703125
2845.15958841206	784.039978027344
2847.26103220657	785.280029296875
2849.36186510636	786.200012207031
2851.46208735724	786.960021972656
2853.56169920488	786.239990234375
2855.66070089485	786
2857.75909267257	788.52001953125
2859.85687478332	788.919982910156
2861.95404747225	789.039978027344
2864.05061098439	791.52001953125
2866.14656556464	790.679992675781
2868.24191145777	792.239990234375
2870.3366489084	793.440002441406
2872.43077816104	793.599975585938
2874.52429946006	794.760009765625
2876.61721304971	794.640014648438
2878.70951917409	794.200012207031
2880.8012180772	793.640014648438
2882.89231000287	794.880004882813
2884.98279519483	795.47998046875
2887.07267389667	795.719970703125
2889.16194635186	796.200012207031
2891.25061280373	796.719970703125
2893.33867349546	797.559997558594
2895.42612867015	797.280029296875
2897.51297857074	796.960021972656
2899.59922344003	796.47998046875
2901.68486352071	797.840026855469
2903.76989905533	798.760009765625
2905.85433028632	798.880004882813
2907.93815745598	800.400024414063
2910.02138080648	800.880004882813
2912.10400057985	801.559997558594
2914.186017018	801.200012207031
2916.26743036271	803.239990234375
2918.34824085563	803.47998046875
2920.4284487383	805.039978027344
2922.5080542521	804.239990234375
2924.58705763829	806.52001953125
2926.66545913802	806.280029296875
2928.74325899231	807.159973144531
2930.82045744202	809.679992675781
2932.89705472792	806.640014648438
2934.97305109062	808.880004882813
2937.04844677063	811.359985351563
2939.12324200832	811
2941.19743704393	809.599975585938
2943.27103211757	809
2945.34402746923	808.840026855469
2947.41642333876	805.840026855469
2949.48821996592	802.47998046875
2951.55941759028	802.359985351563
2953.63001645135	803.880004882813
2955.70001678845	801.919982910156
2957.76941884083	800.719970703125
2959.83822284757	801.840026855469
2961.90642904764	800.47998046875
2963.97403767988	800.039978027344
2966.04104898302	801.200012207031
2968.10746319565	799.760009765625
2970.17328055621	798.559997558594
2972.23850130305	798.47998046875
2974.30312567438	797.239990234375
2976.36715390829	797.159973144531
2978.43058624273	797.239990234375
2980.49342291553	796.640014648438
2982.55566416439	795.640014648438
2984.61731022691	796.159973144531
2986.67836134051	795.960021972656
2988.73881774255	796.159973144531
2990.79867967021	795.52001953125
2992.85794736058	793.960021972656
2994.9166210506	793.280029296875
2996.97470097711	792.760009765625
2999.03218737679	792.760009765625
3001.08908048622	790.280029296875
3003.14538054186	791.599975585938
3005.20108778002	792.239990234375
3007.25620243691	791.440002441406
3009.3107247486	791
3011.36465495104	790.799987792969
3013.41799328004	791
3015.47073997133	791.080017089844
3017.52289526045	788.679992675781
3019.57445938288	789.760009765625
3021.62543257393	790.039978027344
3023.6758150688	788.960021972656
3025.72560710258	788.799987792969
3027.77480891021	790.440002441406
3029.82342072652	790.840026855469
3031.87144278622	790.799987792969
3033.91887532389	791.400024414063
3035.96571857399	791.359985351563
3038.01197277084	792.159973144531
3040.05763814867	791.159973144531
3042.10271494154	791.799987792969
3044.14720338344	793.080017089844
3046.19110370818	792.47998046875
3048.2344161495	793.159973144531
3050.27714094097	793.679992675781
3052.31927831608	793.799987792969
3054.36082850816	794.440002441406
3056.40179175044	795.159973144531
3058.44216827602	795.719970703125
3060.48195831786	796.359985351563
3062.52116210884	797.039978027344
3064.55977988167	796.119995117188
3066.59781186897	794.799987792969
3068.63525830322	796.239990234375
3070.67211941678	798.640014648438
3072.7083954419	797.47998046875
3074.7440866107	796.760009765625
3076.77919315516	798.559997558594
3078.81371530716	798.320007324219
3080.84765329846	798.799987792969
3082.88100736068	797.640014648438
3084.91377772534	797.559997558594
3086.94596462381	798.52001953125
3088.97756828737	799.47998046875
3091.00858894714	799.52001953125
3093.03902683417	800
3095.06888217933	800.119995117188
3097.09815521342	799.840026855469
3099.12684616709	800.320007324219
3101.15495527087	800.47998046875
3103.18248275518	800.119995117188
3105.20942885031	803.760009765625
3107.23579378642	802.119995117188
3109.26157779358	804.880004882813
3111.28678110171	804.799987792969
3113.31140394062	806.559997558594
3115.33544654	807.47998046875
3117.35890912942	808.200012207031
3119.38179193832	807.599975585938
3121.40409519602	809.679992675781
3123.42581913174	808.760009765625
3125.44696397457	806.200012207031
3127.46752995345	808.080017089844
3129.48751729725	812
3131.50692623469	812.039978027344
3133.52575699436	811.400024414063
3135.54400980476	812.52001953125
3137.56168489425	812.919982910156
3139.57878249108	813.359985351563
3141.59530282337	813.679992675781
3143.61124611913	814
3145.62661260624	814.52001953125
3147.64140251247	814.440002441406
3149.65561606547	814.880004882813
3151.66925349277	815.52001953125
3153.68231502177	816.760009765625
3155.69480087977	817
3157.70671129394	816.47998046875
3159.71804649132	819.159973144531
3161.72880669886	820.599975585938
3163.73899214336	819.559997558594
3165.74860305152	820.359985351563
3167.75763964991	821.840026855469
3169.766102165	820.559997558594
3171.77399082313	822.840026855469
3173.7813058505	823.200012207031
3175.78804747323	821.840026855469
3177.79421591731	822.200012207031
3179.79981140859	826.159973144531
3181.80483417282	827
3183.80928443564	824.559997558594
3185.81316242255	828.200012207031
3187.81646835896	829.159973144531
3189.81920247013	826.760009765625
3191.82136498122	829.719970703125
3193.82295611727	830.919982910156
3195.82397610321	831.320007324219
3197.82442516385	832.880004882813
3199.82430352386	828.799987792969
3201.82361140782	829.359985351563
3203.82234904018	831.919982910156
3205.82051664529	832.159973144531
3207.81811444735	833.960021972656
3209.81514267047	834.200012207031
3211.81160153863	833.359985351563
3213.80749127571	831.960021972656
3215.80281210545	832.200012207031
3217.79756425148	834.799987792969
3219.79174793733	833.919982910156
3221.7853633864	833.320007324219
3223.77841082196	833.960021972656
3225.77089046719	835.919982910156
3227.76280254513	836.239990234375
3229.75414727873	834.960021972656
3231.74492489081	839.880004882813
3233.73513560406	837.400024414063
3235.72477964107	833.280029296875
3237.71385722431	834.719970703125
3239.70236857614	838.599975585938
3241.6903139188	837.400024414063
3243.6776934744	837.880004882813
3245.66450746496	836.039978027344
3247.65075611237	839.239990234375
3249.63643963841	840.080017089844
3251.62155826472	838.880004882813
3253.60611221287	834.559997558594
3255.59010170428	835.840026855469
3257.57352696026	839.52001953125
3259.55638820202	840.119995117188
3261.53868565064	840.200012207031
3263.52041952708	843.640014648438
3265.50159005221	841.719970703125
3267.48219744676	837.359985351563
3269.46224193136	836.719970703125
3271.44172372651	839.359985351563
3273.42064305262	840.840026855469
3275.39900012996	841.679992675781
3277.3767951787	841.52001953125
3279.35402841889	839.47998046875
3281.33070007047	841.919982910156
3283.30681035326	841.679992675781
3285.28235948698	839.919982910156
3287.25734769121	839.47998046875
3289.23177518544	842.320007324219
3291.20564218903	840.679992675781
3293.17894892124	834.760009765625
3295.1516956012	833.640014648438
3297.12388244795	838.799987792969
3299.09550968039	840.719970703125
3301.06657751732	842.599975585938
3303.03708617743	842.880004882813
3305.00703587929	842.280029296875
3306.97642684135	838.280029296875
3308.94525928196	840.080017089844
3310.91353341935	839.080017089844
3312.88124947164	840.119995117188
3314.84840765683	837.280029296875
3316.81500819282	837.52001953125
3318.78105129738	838.200012207031
3320.74653718818	839.840026855469
3322.71146608278	836.840026855469
3324.67583819861	837.799987792969
3326.639653753	837.599975585938
3328.60291296317	839.159973144531
3330.56561604621	839.840026855469
3332.52776321913	838.400024414063
3334.4893546988	839.039978027344
3336.45039070198	837.400024414063
3338.41087144533	835.599975585938
3340.37079714539	838.47998046875
3342.33016801859	836.239990234375
3344.28898428124	837.960021972656
3346.24724614955	839.840026855469
3348.20495383962	838.640014648438
3350.16210756742	835.919982910156
3352.11870754883	838.159973144531
3354.07475399961	836.440002441406
3356.03024713539	834.919982910156
3357.98518717173	836.400024414063
3359.93957432403	837.559997558594
3361.89340880761	837.599975585938
3363.84669083768	836.200012207031
3365.79942062933	836.559997558594
3367.75159839753	836.320007324219
3369.70322435715	837.440002441406
3371.65429872295	840.52001953125
3373.60482170957	840.320007324219
3375.55479353155	843.280029296875
3377.50421440332	841.239990234375
3379.45308453918	838.640014648438
3381.40140415335	837.400024414063
3383.34917345991	838.080017089844
3385.29639267284	835.52001953125
3387.24306200602	838.880004882813
3389.18918167321	841.440002441406
3391.13475188806	841.919982910156
3393.07977286411	841.119995117188
3395.02424481479	837.080017089844
3396.96816795342	837.719970703125
3398.91154249322	840.039978027344
3400.85436864728	838.159973144531
3402.79664662859	839.400024414063
3404.73837665004	838.960021972656
3406.67955892439	840.039978027344
3408.62019366432	840.239990234375
3410.56028108236	840.280029296875
3412.49982139096	842.599975585938
3414.43881480247	840.919982910156
3416.37726152909	840.679992675781
3418.31516178295	841.200012207031
3420.25251577605	842.200012207031
3422.18932372029	840.159973144531
3424.12558582746	840.960021972656
3426.06130230922	842.440002441406
3427.99647337717	839.320007324219
3429.93109924274	837.840026855469
3431.8651801173	836.799987792969
3433.79871621209	835.719970703125
3435.73170773824	835.440002441406
3437.66415490678	838.359985351563
3439.59605792862	838.799987792969
3441.52741701458	841
3443.45823237536	841.200012207031
3445.38850422154	837.440002441406
3447.31823276362	835.239990234375
3449.24741821196	833.799987792969
3451.17606077684	833.159973144531
3453.10416066842	836.679992675781
3455.03171809674	836.119995117188
3456.95873327175	835.159973144531
3458.88520640329	832.239990234375
3460.81113770109	833.039978027344
3462.73652737477	831.840026855469
3464.66137563383	829.52001953125
3466.58568268769	831.599975585938
3468.50944874565	831.960021972656
3470.43267401689	832.960021972656
3472.3553587105	834.760009765625
3474.27750303545	832.52001953125
3476.19910720062	828.200012207031
3478.12017141476	825.280029296875
3480.04069588654	828.599975585938
3481.9606808245	831.760009765625
3483.88012643707	833.119995117188
3485.79903293259	828.760009765625
3487.7174005193	826.640014648438
3489.63522940532	826.200012207031
3491.55251979864	822.760009765625
3493.46927190719	825
3495.38548593877	824.280029296875
3497.30116210107	820.880004882813
3499.21630060167	820
3501.13090164807	820.359985351563
3503.04496544763	818.080017089844
3504.95849220763	820.320007324219
3506.87148213523	821.440002441406
3508.78393543748	822.880004882813
3510.69585232134	822.119995117188
3512.60723299365	820.840026855469
3514.51807766116	818.679992675781
3516.42838653049	818.47998046875
3518.33815980819	815.840026855469
3520.24739770066	814.559997558594
3522.15610041423	813.159973144531
3524.06426815511	815.679992675781
3525.9719011294	813.640014648438
3527.87899954311	814.119995117188
3529.78556360213	815
3531.69159351225	813.640014648438
3533.59708947916	814.039978027344
3535.50205170844	811.320007324219
3537.40648040556	811.919982910156
3539.3103757759	811.119995117188
3541.21373802472	809.039978027344
3543.11656735717	807.359985351563
3545.01886397833	806.840026855469
3546.92062809313	807.880004882813
3548.82185990643	810
3550.72255962297	809.359985351563
3552.62272744738	807.239990234375
3554.5223635842	803.679992675781
3556.42146823786	803.640014648438
3558.32004161268	802.960021972656
3560.21808391289	803
3562.11559534259	802.719970703125
3564.01257610581	802.080017089844
3565.90902640645	801.799987792969
3567.80494644831	801.679992675781
3569.7003364351	801.599975585938
3571.59519657042	801.52001953125
3573.48952705774	801.159973144531
3575.38332810048	803.039978027344
3577.27659990191	802.919982910156
3579.16934266521	800.919982910156
3581.06155659346	801.760009765625
3582.95324188965	801.52001953125
3584.84439875663	800.200012207031
3586.73502739718	798.719970703125
3588.62512801397	797.679992675781
3590.51470080955	797.799987792969
3592.40374598639	797.440002441406
3594.29226374685	796.880004882813
3596.18025429317	797.359985351563
3598.06771782751	797.359985351563
3599.95465455192	794.559997558594
3601.84106466834	794.359985351563
3603.72694837861	796.200012207031
3605.61230588447	795.159973144531
3607.49713738756	793.960021972656
3609.38144308942	796.359985351563
3611.26522319148	794.840026855469
3613.14847789506	793.440002441406
3615.0312074014	792.47998046875
3616.91341191162	792.119995117188
3618.79509162674	792
3620.67624674769	791.47998046875
3622.55687747528	791.840026855469
3624.43698401024	791.159973144531
3626.31656655317	792.239990234375
3628.1956253046	791.880004882813
3630.07416046492	791.080017089844
3631.95217223446	790.760009765625
3633.82966081342	789.039978027344
3635.70662640191	788.400024414063
3637.58306919993	787.840026855469
3639.45898940739	787.200012207031
3641.33438722409	787.960021972656
3643.20926284973	787.400024414063
3645.08361648392	786.359985351563
3646.95744832614	787.239990234375
3648.8307585758	788.400024414063
3650.7035474322	786.760009765625
3652.57581509452	785.239990234375
3654.44756176188	786
3656.31878763324	786.039978027344
3658.18949290753	785.280029296875
3660.05967778352	784.880004882813
3661.9293424599	784.080017089844
3663.79848713527	784.919982910156
3665.66711200812	783.47998046875
3667.53521727684	783.080017089844
3669.40280313972	783.559997558594
3671.26986979494	782.159973144531
3673.13641744059	781.640014648438
3675.00244627468	781.799987792969
