-140.373595351881	772.960021972656
-137.335129063906	772.47998046875
-134.297686810867	772.599975585938
-131.261268103955	772.559997558594
-128.225872454677	772.52001953125
-125.191499374839	772.679992675781
-122.158148376567	772.440002441406
-119.125818972292	772.719970703125
-116.094510674759	772.679992675781
-113.064222997021	772.840026855469
-110.034955452443	772.880004882813
-107.006707554687	772.799987792969
-103.979478817741	772.919982910156
-100.95326875589	772.52001953125
-97.928076883731	772.960021972656
-94.9039027161698	772.760009765625
-91.8807457684175	773.039978027344
-88.8586055560018	772.799987792969
-85.8374815947384	773
-82.8173734007715	772.640014648438
-79.7982804905411	773
-76.7802023807988	773.200012207031
-73.7631385885914	773.119995117188
-70.7470886312892	772.960021972656
-67.732052026553	772.760009765625
-64.7180282923587	773
-61.7050169469884	772.840026855469
-58.6930175090183	772.960021972656
-55.6820294973386	772.799987792969
-52.6720524311495	772.840026855469
-49.66308582994	772.640014648438
-46.6551292135171	773
-43.6481821019882	772.47998046875
-40.6422440157577	773.080017089844
-37.6373144755424	772.799987792969
-34.6333930023594	772.960021972656
-31.630479117526	772.640014648438
-28.6285723426709	773.200012207031
-25.6276721997107	772.47998046875
-22.6277782108771	772.719970703125
-19.628889898701	772.880004882813
-16.6310067860081	772.840026855469
-13.6341283959385	773.919982910156
-10.6382542519231	779.400024414063
-7.64338387769432	801.280029296875
-4.64951679729502	840.039978027344
-1.65665253506141	854
1.33520938438089	822.359985351563
4.32606943608095	785.559997558594
7.315928094803	774.280029296875
10.3047858350146	773.760009765625
13.2926431308747	773.080017089844
16.2795004562541	773.119995117188
19.2653582847118	772.640014648438
22.2502170895187	772.52001953125
25.2340773436344	772.840026855469
28.216939519735	772.440002441406
31.1988040901939	772.760009765625
34.1796715270814	772.919982910156
37.1595423021732	772.640014648438
40.1384168869468	772.799987792969
43.1162957525854	773.200012207031
46.0931793699786	772.599975585938
49.0690682097059	772.760009765625
52.0439627420619	772.599975585938
55.0178634370476	772.599975585938
57.9907707643592	773.080017089844
60.9626851933962	773
63.9336071932735	772.919982910156
66.9035372328018	772.880004882813
69.8724757804959	772.799987792969
72.8404233045826	772.52001953125
75.8073802729932	772.52001953125
78.7733471533597	772.559997558594
81.738324413019	772.440002441406
84.702312519025	772.960021972656
87.665311938125	772.919982910156
90.6273231367761	773.159973144531
93.5883465811569	772.719970703125
96.5483827371242	772.919982910156
99.5074320702731	772.679992675781
102.465495045889	772.239990234375
105.422572128961	772.919982910156
108.378663784199	772.359985351563
111.333770476014	772.359985351563
114.287892668528	772.799987792969
117.24103082557	773.080017089844
120.193185410674	773.159973144531
123.144356887097	772.559997558594
126.094545717786	773.320007324219
129.043752365413	773.400024414063
131.991977292355	773.799987792969
134.939220960695	774.039978027344
137.885483832232	774.080017089844
140.83076636847	774.559997558594
143.775069030632	775.039978027344
146.718392279644	775.679992675781
149.660736576149	775.320007324219
152.602102380488	776.679992675781
155.54249015274	776.640014648438
158.481900352672	777.080017089844
161.420333439765	777.640014648438
164.357789873227	778.679992675781
167.294270111968	778.47998046875
170.229774614617	779.239990234375
173.164303839496	780.119995117188
176.097858244675	780.559997558594
179.030438287908	781.52001953125
181.962044426678	781.320007324219
184.89267711817	782.119995117188
187.822336819302	783.47998046875
190.751023986678	783.400024414063
193.678739076648	783.320007324219
196.605482545255	783.440002441406
199.531254848261	784.52001953125
202.456056441152	784.039978027344
205.379887779119	784.200012207031
208.30274931708	784.280029296875
211.224641509656	784.320007324219
214.145564811189	784
217.06551967574	784.599975585938
219.984506557089	785.159973144531
222.902525908723	785
225.819578183856	784.47998046875
228.735663835415	784.159973144531
231.650783316047	784.52001953125
234.564937078107	784.159973144531
237.478125573679	784.47998046875
240.390349254566	784.599975585938
243.301608572278	783.919982910156
246.211903978051	784.52001953125
249.121235922839	784.880004882813
252.029604857321	785.760009765625
254.93701123188	785.760009765625
257.843455496632	786.640014648438
260.748938101415	787.039978027344
263.653459495766	787.359985351563
266.557020128967	788.440002441406
269.459620450005	788.440002441406
272.361260907595	788.799987792969
275.261941950168	788.719970703125
278.161664025874	787.640014648438
281.060427582592	788.799987792969
283.958233067921	788.52001953125
286.855080929176	788.760009765625
289.750971613398	788.719970703125
292.645905567344	787.840026855469
295.539883237503	788.799987792969
298.432905070079	788.080017089844
301.324971511007	788.760009765625
304.216083005931	788.719970703125
307.10624000023	789.960021972656
309.995442939003	792.359985351563
312.883692267071	796.919982910156
315.770988428979	804.200012207031
318.657331869	811.640014648438
321.542723031127	815.760009765625
324.427162359076	814.159973144531
327.310650296293	805.400024414063
330.193187285945	798.559997558594
333.074773770929	794.400024414063
335.955410193855	790.719970703125
338.835096997075	788.799987792969
341.713834622655	788.559997558594
344.59162351239	788.080017089844
347.468464107802	786.440002441406
350.344356850137	787
353.219302180373	786.840026855469
356.093300539208	787.599975585938
358.966352367073	786.47998046875
361.838458104123	786.280029296875
364.70961819024	785.840026855469
367.579833065031	786.119995117188
370.449103167837	785.840026855469
373.317428937727	786.559997558594
376.184810813496	785.440002441406
379.051249233659	785.719970703125
381.916744636474	786.159973144531
384.78129745992	785.719970703125
387.644908141706	786.400024414063
390.50757711927	786.400024414063
393.36930482978	785.799987792969
396.23009171014	785.719970703125
399.089938196969	786.159973144531
401.948844726631	786.52001953125
404.806811735214	785.960021972656
407.66383965853	785.719970703125
410.519928932138	785.799987792969
413.375079991314	786.039978027344
416.229293271071	785.280029296875
419.082569206155	785.640014648438
421.934908231031	785.359985351563
424.786310779917	786.200012207031
427.636777286748	784.919982910156
430.486308185189	784.919982910156
433.334903908649	785.52001953125
436.182564890262	786.52001953125
439.029291562898	786.239990234375
441.875084359157	786.400024414063
444.719943711374	786
447.563870051618	786.440002441406
450.406863811695	785.400024414063
453.248925423132	785.359985351563
456.090055317208	785.760009765625
458.93025392492	785.440002441406
461.76952167701	785.400024414063
464.60785900395	786.359985351563
467.44526633595	785.039978027344
470.281744102955	784.919982910156
473.117292734635	785.440002441406
475.951912660415	786.359985351563
478.785604309439	785.119995117188
481.618368110592	786.47998046875
484.450204492499	785.960021972656
487.281113883518	785.280029296875
490.111096711738	786.599975585938
492.940153404999	785
495.768284390864	785.320007324219
498.595490096635	786.200012207031
501.421770949366	786.280029296875
504.247127375825	787
507.071559802537	785.919982910156
509.89506865575	786.159973144531
512.717654361473	786.039978027344
515.539317345424	785.559997558594
518.360058033083	785.840026855469
521.179876849652	786
523.998774220083	786.320007324219
526.816750569068	786.159973144531
529.633806321025	785.159973144531
532.44994190013	785.719970703125
535.265157730284	786.320007324219
538.079454235133	786.679992675781
540.892831838066	786.200012207031
543.705290962208	786.47998046875
546.516832030424	784.400024414063
549.32745546533	785.359985351563
552.137161689268	785.080017089844
554.945951124325	785.799987792969
557.753824192341	785.599975585938
560.560781314883	785.159973144531
563.36682291327	785.840026855469
566.171949408555	786.119995117188
568.976161221537	784.840026855469
571.779458772759	784.919982910156
574.5818424825	785.559997558594
577.383312770792	785.359985351563
580.183870057402	786.599975585938
582.983514761843	785.880004882813
585.782247303363	785.52001953125
588.580068100976	786.47998046875
591.376977573414	784.599975585938
594.172976139164	786.159973144531
596.968064216463	785.679992675781
599.762242223282	784.960021972656
602.555510577335	785.960021972656
605.347869696099	784.400024414063
608.139319996771	784.599975585938
610.929861896313	784.840026855469
613.719495811421	784.440002441406
616.508222158541	784.440002441406
619.296041353863	784.880004882813
622.082953813324	784.799987792969
624.868959952607	784.679992675781
627.654060187137	784.880004882813
630.438254932094	785.559997558594
633.221544602397	785.200012207031
636.003929612719	784.719970703125
638.785410377468	785.359985351563
641.565987310814	785.640014648438
644.345660826665	785.960021972656
647.124431338674	786.239990234375
649.902299260252	785.679992675781
652.679265004552	785
655.455328984475	785.47998046875
658.230491612671	785.440002441406
661.004753301541	785.039978027344
663.778114463229	785.239990234375
666.550575509631	786.799987792969
669.322136852395	786.320007324219
672.092798902916	786
674.862562072336	785.280029296875
677.631426771548	786.159973144531
680.399393411204	785.320007324219
683.166462401689	785.719970703125
685.93263415315	785.47998046875
688.697909075486	786.200012207031
691.462287578337	785.320007324219
694.225770071098	784.559997558594
696.988356962926	785.280029296875
699.750048662705	784.840026855469
702.5108455791	785.440002441406
705.270748120503	785.080017089844
708.029756695068	785.400024414063
710.787871710705	786.320007324219
713.545093575065	784.919982910156
716.301422695566	785.280029296875
719.056859479364	785.719970703125
721.811404333376	785.039978027344
724.56505766427	786.159973144531
727.317819878473	785.599975585938
730.069691382148	785.880004882813
732.820672581226	785.640014648438
735.570763881396	785.359985351563
738.319965688092	786
741.068278406496	785.119995117188
743.815702441559	785.679992675781
746.562238197974	785.039978027344
749.307886080196	786.119995117188
752.052646492436	786.719970703125
754.796519838656	786.200012207031
757.539506522567	786.320007324219
760.28160694765	786.239990234375
763.022821517128	786.440002441406
765.76315063399	786.200012207031
768.502594700972	786.359985351563
771.241154120572	786.719970703125
773.978829295045	786.799987792969
776.715620626397	785.960021972656
779.451528516396	786.47998046875
782.186553366565	788.039978027344
784.920695578179	787.880004882813
787.653955552283	787.440002441406
790.386333689662	787.640014648438
793.117830390877	786.080017089844
795.848446056227	787.320007324219
798.578181085792	786.679992675781
801.307035879389	786.159973144531
804.035010836599	786
806.762106356774	786.039978027344
809.488322839013	785.200012207031
812.213660682169	786.400024414063
814.938120284866	786.119995117188
817.661702045482	785.679992675781
820.384406362153	785.840026855469
823.10623363278	785.960021972656
825.827184255014	786.760009765625
828.547258626283	785.320007324219
831.266457143747	784.840026855469
833.984780204358	786.200012207031
836.702228204804	786.039978027344
839.418801541552	786.200012207031
842.134500610814	785.719970703125
844.849325808575	784.799987792969
847.563277530579	785.039978027344
850.276356172319	785.320007324219
852.988562129066	785.760009765625
855.69989579585	785.760009765625
858.410357567456	786.119995117188
861.119947838428	786.719970703125
863.828667003087	785.719970703125
866.536515455503	785.679992675781
869.243493589517	785.280029296875
871.949601798728	784.760009765625
874.654840476504	784.719970703125
877.359210015961	785.359985351563
880.062710810003	785.159973144531
882.765343251273	786.119995117188
885.467107732191	786.159973144531
888.168004644938	785.599975585938
890.868034381467	785.919982910156
893.567197333476	785.960021972656
896.265493892445	786.200012207031
898.962924449614	787.119995117188
901.659489395985	785.719970703125
904.355189122325	785.159973144531
907.050024019165	785.719970703125
909.743994476809	785.159973144531
912.437100885322	785.159973144531
915.129343634532	785.47998046875
917.820723114032	785.559997558594
920.511239713189	785.080017089844
923.200893821127	785.640014648438
925.889685826744	785.640014648438
928.577616118699	786.080017089844
931.264685085419	786.039978027344
933.950893115098	786.159973144531
936.6362405957	785.919982910156
939.320727914956	786
942.004355460359	786.280029296875
944.687123619173	786.47998046875
947.369032778431	785.119995117188
950.050083324934	786.239990234375
952.730275645247	786.280029296875
955.409610125711	786.080017089844
958.088087152423	786.760009765625
960.765707111263	785.440002441406
963.442470387871	786.760009765625
966.118377367657	786.280029296875
968.793428435798	786.559997558594
971.467623977254	785.679992675781
974.140964376739	785.239990234375
976.813450018737	785.840026855469
979.485081287511	785.599975585938
982.155858567087	785.47998046875
984.825782241271	785.880004882813
987.494852693624	784.799987792969
990.163070307487	785.760009765625
992.830435465978	785.47998046875
995.496948551973	785.239990234375
998.162609948122	786.400024414063
1000.82742003685	787.960021972656
1003.49137920036	788.599975585938
1006.15448782061	788
1008.81674627934	787.760009765625
1011.47815495806	787.119995117188
1014.13871423805	785.159973144531
1016.79842450037	784.760009765625
1019.45728612586	784.840026855469
1022.11529949509	784.159973144531
1024.77246498846	784.559997558594
1027.4287829861	785.52001953125
1030.08425386792	786.400024414063
1032.73887801363	785.679992675781
1035.3926558027	786.239990234375
1038.04558761435	784.960021972656
1040.69767382761	785.760009765625
1043.34891482125	784.840026855469
1045.99931097384	786.039978027344
1048.64886266371	785.080017089844
1051.29757026898	785.52001953125
1053.94543416753	785.47998046875
1056.59245473701	784.880004882813
1059.23863235486	786
1061.8839673983	785.280029296875
1064.5284602443	785.640014648438
1067.17211126962	785.719970703125
1069.8149208508	785.919982910156
1072.45688936415	785
1075.09801718577	785.320007324219
1077.7383046915	785.719970703125
1080.377752257	786.440002441406
1083.01636025767	786.400024414063
1085.65412906872	786.719970703125
1088.2910590651	786.47998046875
1090.92715062157	786.52001953125
1093.56240411266	786.440002441406
1096.19681991265	786.47998046875
1098.83039839564	785.880004882813
1101.46313993547	786.440002441406
1104.09504490579	785.440002441406
1106.72611368	786.159973144531
1109.35634663129	785.039978027344
1111.98574413263	785.559997558594
1114.61430655677	785.280029296875
1117.24203427624	784.039978027344
1119.86892766333	785.760009765625
1122.49498709014	785.080017089844
1125.12021292851	785.359985351563
1127.74460555011	785.280029296875
1130.36816532634	785.239990234375
1132.99089262841	785.119995117188
1135.6127878273	784.599975585938
1138.23385129376	783.880004882813
1140.85408339834	784.320007324219
1143.47348451137	784.200012207031
1146.09205500294	783.880004882813
1148.70979524293	783.599975585938
1151.326705601	784.440002441406
1153.9427864466	784.239990234375
1156.55803814896	784.039978027344
1159.17246107707	784.640014648438
1161.78605559974	783.559997558594
1164.39882208551	783.679992675781
1167.01076090276	784.280029296875
1169.6218724196	784.719970703125
1172.23215700396	784.679992675781
1174.84161502352	784.400024414063
1177.45024684578	784.280029296875
1180.05805283799	784.760009765625
1182.66503336719	784.080017089844
1185.27118880021	784.679992675781
1187.87651950367	783.640014648438
1190.48102584395	784.280029296875
1193.08470818723	784.080017089844
1195.68756689948	784.559997558594
1198.28960234643	784.52001953125
1200.89081489363	784.840026855469
1203.49120490636	785.679992675781
1206.09077274974	785.559997558594
1208.68951878864	785.119995117188
1211.28744338773	785.799987792969
1213.88454691145	785.47998046875
1216.48082972404	785
1219.07629218953	785.400024414063
1221.6709346717	785.52001953125
1224.26475753416	786.47998046875
1226.85776114028	786.640014648438
1229.44994585322	786.840026855469
1232.04131203592	787.559997558594
1234.63186005112	788.200012207031
1237.22159026133	788.440002441406
1239.81050302886	788.440002441406
1242.3985987158	789.280029296875
1244.98587768402	788.559997558594
1247.5723402952	788.840026855469
1250.15798691078	788.919982910156
1252.74281789199	788.919982910156
1255.32683359987	789.239990234375
1257.91003439523	788.760009765625
1260.49242063865	788.52001953125
1263.07399269055	789.159973144531
1265.65475091108	788.039978027344
1268.23469566021	788.039978027344
1270.81382729769	788
1273.39214618306	787.919982910156
1275.96965267566	787.559997558594
1278.54634713458	786.440002441406
1281.12222991875	787.239990234375
1283.69730138685	786.880004882813
1286.27156189737	787.640014648438
1288.84501180858	786.599975585938
1291.41765147853	787.719970703125
1293.98948126509	787.52001953125
1296.56050152589	787.159973144531
1299.13071261837	788.039978027344
1301.70011489973	788.52001953125
1304.268708727	788.080017089844
1306.83649445698	788.47998046875
1309.40347244625	788.919982910156
1311.96964305119	789.880004882813
1314.53500662799	789.760009765625
1317.0995635326	788.840026855469
1319.66331412077	788.52001953125
1322.22625874806	788.719970703125
1324.7883977698	789.280029296875
1327.34973154112	787.679992675781
1329.91026041694	788.239990234375
1332.46998475197	787.400024414063
1335.0289049007	787.960021972656
1337.58702121746	789.280029296875
1340.14433405631	789.280029296875
1342.70084377115	789.47998046875
1345.25655071563	787.52001953125
1347.81145524323	787.960021972656
1350.36555770721	787.280029296875
1352.91885846062	786.159973144531
1355.47135785631	786.52001953125
1358.02305624691	786.52001953125
1360.57395398486	786.280029296875
1363.12405142237	785.119995117188
1365.67334891148	784.840026855469
1368.22184680399	785.239990234375
1370.76954545151	784.719970703125
1373.31644520545	785.200012207031
1375.86254641699	785.400024414063
1378.40784943713	785.200012207031
1380.95235461666	784.840026855469
1383.49606230615	784.119995117188
1386.03897285598	785.200012207031
1388.58108661632	785.47998046875
1391.12240393713	785.200012207031
1393.66292516818	784.919982910156
1396.20265065903	785.080017089844
1398.74158075901	784.280029296875
1401.2797158173	785
1403.81705618282	784.080017089844
1406.35360220431	784.679992675781
1408.88935423032	784.239990234375
1411.42431260919	785.239990234375
1413.95847768903	784.400024414063
1416.49184981777	784.280029296875
1419.02442934314	784.880004882813
1421.55621661266	784.799987792969
1424.08721197364	785
1426.61741577321	785.320007324219
1429.14682835828	784.760009765625
1431.67545007555	784.200012207031
1434.20328127153	785.400024414063
1436.73032229253	786.200012207031
1439.25657348466	786.840026855469
1441.78203519381	787.200012207031
1444.3067077657	787.760009765625
1446.83059154581	788.799987792969
1449.35368687944	789.799987792969
1451.8759941117	788.880004882813
1454.39751358748	789.159973144531
1456.91824565148	788.320007324219
1459.43819064818	787.960021972656
1461.95734892189	787.200012207031
1464.4757208167	787.919982910156
1466.99330667649	787.760009765625
1469.51010684497	787
1472.02612166564	785.719970703125
1474.54135148177	785.440002441406
1477.05579663646	785.119995117188
1479.56945747262	785.919982910156
1482.08233433293	785.359985351563
1484.59442755989	784.280029296875
1487.10573749579	784.400024414063
1489.61626448275	784.039978027344
1492.12600886264	784.760009765625
1494.63497097718	783.880004882813
1497.14315116786	783.640014648438
1499.65054977599	782.039978027344
1502.15716714267	781.52001953125
1504.66300360881	782.599975585938
1507.16805951512	781.960021972656
1509.67233520211	782.52001953125
1512.1758310101	782.159973144531
1514.67854727919	781.719970703125
1517.18048434931	781.880004882813
1519.68164256018	781.119995117188
1522.18202225132	781.400024414063
1524.68162376207	782.159973144531
1527.18044743155	781.080017089844
1529.67849359869	781.640014648438
1532.17576260224	781.359985351563
1534.67225478072	782.159973144531
1537.1679704725	781.799987792969
1539.66291001572	782.640014648438
1542.15707374832	782.159973144531
1544.65046200807	781.599975585938
1547.14307513254	781.679992675781
1549.63491345907	781.840026855469
1552.12597732485	782.52001953125
1554.61626706685	781.760009765625
1557.10578302185	782.52001953125
1559.59452552644	782.719970703125
1562.082494917	783
1564.56969152973	784.039978027344
1567.05611570064	783.52001953125
1569.54176776552	783.760009765625
1572.02664806	784.440002441406
1574.51075691949	783.719970703125
1576.99409467921	784.359985351563
1579.4766616742	784.960021972656
1581.95845823929	784.880004882813
1584.43948470912	784.599975585938
1586.91974141815	784.679992675781
1589.39922870064	784.52001953125
1591.87794689064	784.559997558594
1594.35589632202	783.840026855469
1596.83307732848	784.359985351563
1599.30949024348	783.919982910156
1601.78513540033	784.359985351563
1604.26001313211	784.039978027344
1606.73412377175	784.960021972656
1609.20746765196	784.760009765625
1611.68004510526	785
1614.15185646398	785.679992675781
1616.62290206026	786.119995117188
1619.09318222605	785.919982910156
1621.56269729311	784.719970703125
1624.031447593	785.679992675781
1626.4994334571	785.52001953125
1628.9666552166	786.320007324219
1631.43311320248	786.359985351563
1633.89880774554	786.960021972656
1636.3637391764	786.599975585938
1638.82790782548	787.039978027344
1641.29131402301	785.840026855469
1643.75395809903	787.159973144531
1646.21584038339	787.239990234375
1648.67696120575	787.840026855469
1651.13732089558	788.239990234375
1653.59691978216	788.119995117188
1656.05575819459	789.559997558594
1658.51383646175	789.760009765625
1660.97115491238	788.960021972656
1663.42771387498	789.239990234375
1665.8835136779	789.280029296875
1668.33855464928	789.200012207031
1670.79283711708	787.880004882813
1673.24636140907	788.799987792969
1675.69912785282	787.200012207031
1678.15113677572	786.919982910156
1680.602388505	785.760009765625
1683.05288336764	785.640014648438
1685.50262169049	785.559997558594
1687.95160380019	784.559997558594
1690.39983002318	784.080017089844
1692.84730068573	783.039978027344
1695.29401611392	782.359985351563
1697.73997663364	782.599975585938
1700.18518257059	782
1702.6296342503	781.599975585938
1705.07333199807	781.359985351563
1707.51627613907	780.760009765625
1709.95846699824	780.760009765625
1712.39990490036	780.400024414063
1714.84059017001	780.039978027344
1717.28052313159	779.719970703125
1719.7197041093	780.159973144531
1722.15813342718	779.47998046875
1724.59581140906	780.159973144531
1727.03273837859	780.280029296875
1729.46891465926	779.280029296875
1731.90434057432	780.039978027344
1734.3390164469	779
1736.7729425999	779.200012207031
1739.20611935604	778.880004882813
1741.63854703787	779.52001953125
1744.07022596776	779.47998046875
1746.50115646787	778.679992675781
1748.93133886019	778.280029296875
1751.36077346652	778.719970703125
1753.7894606085	778.719970703125
1756.21740060755	778.239990234375
1758.64459378494	778.320007324219
1761.07104046172	778.799987792969
1763.49674095879	777.679992675781
1765.92169559684	778.440002441406
1768.3459046964	778.359985351563
1770.7693685778	777.559997558594
1773.1920875612	778.400024414063
1775.61406196656	778.280029296875
1778.03529211367	778.320007324219
1780.45577832214	778.559997558594
1782.87552091138	778.440002441406
1785.29452020064	777.960021972656
1787.71277650897	778.359985351563
1790.13029015525	778.359985351563
1792.54706145817	777.760009765625
1794.96309073625	777.719970703125
1797.3783783078	777.880004882813
1799.79292449097	778.200012207031
1802.20672960375	778.080017089844
1804.61979396389	777.719970703125
1807.03211788902	777.52001953125
1809.44370169655	777.679992675781
1811.85454570373	777.400024414063
1814.2646502276	777.880004882813
1816.67401558506	778
1819.0826420928	777.559997558594
1821.49053006734	778.119995117188
1823.89767982501	778.320007324219
1826.30409168198	777.799987792969
1828.70976595422	777.919982910156
1831.11470295753	777.640014648438
1833.51890300752	777.880004882813
1835.92236641964	777.840026855469
1838.32509350914	777.880004882813
1840.72708459111	777.280029296875
1843.12833998044	777.679992675781
1845.52885999184	777.919982910156
1847.92864493987	777.799987792969
1850.32769513889	777.840026855469
1852.72601090307	777.719970703125
1855.12359254642	777.47998046875
1857.52044038278	777.400024414063
1859.91655472578	777
1862.31193588889	777.47998046875
1864.70658418542	778.280029296875
1867.10049992847	778.119995117188
1869.49368343096	777.960021972656
1871.88613500568	777.239990234375
1874.27785496518	778.239990234375
1876.66884362188	777.47998046875
1879.059101288	777.359985351563
1881.44862827559	777.760009765625
1883.8374248965	778.359985351563
1886.22549146246	777.440002441406
1888.61282828495	777.559997558594
1890.99943567534	777.119995117188
1893.38531394477	777.52001953125
1895.77046340424	777.320007324219
1898.15488436455	778.039978027344
1900.53857713634	777.960021972656
1902.92154203006	777.719970703125
1905.303779356	777.080017089844
1907.68528942426	777.799987792969
1910.06607254477	778.239990234375
1912.44612902729	778.159973144531
1914.82545918139	777.320007324219
1917.20406331648	777.559997558594
1919.58194174178	777.880004882813
1921.95909476634	777.679992675781
1924.33552269905	777.760009765625
1926.71122584861	777.760009765625
1929.08620452353	777.119995117188
1931.46045903219	777.679992675781
1933.83398968275	777.559997558594
1936.20679678322	777.599975585938
1938.57888064142	777.880004882813
1940.95024156502	777.039978027344
1943.3208798615	777.119995117188
1945.69079583816	778
1948.05998980213	777.760009765625
1950.42846206038	777.799987792969
1952.79621291969	777.239990234375
1955.16324268668	777.080017089844
1957.52955166778	778.080017089844
1959.89514016927	777.599975585938
1962.26000849723	777.799987792969
1964.62415695759	778.080017089844
1966.98758585609	777.440002441406
1969.3502954983	777.719970703125
1971.71228618964	777.400024414063
1974.07355823532	777.200012207031
1976.43411194042	777.119995117188
1978.79394760981	777.840026855469
1981.1530655482	778
1983.51146606014	777.559997558594
1985.86914944999	777.679992675781
1988.22611602196	777.799987792969
1990.58236608007	777.239990234375
1992.93789992817	776.880004882813
1995.29271786995	777.599975585938
1997.64682020892	777.47998046875
2000.00020724843	777.840026855469
2002.35287929162	778.159973144531
2004.70483664152	777.919982910156
2007.05607960095	777.799987792969
2009.40660847256	777.599975585938
2011.75642355884	778.52001953125
2014.1055251621	777.280029296875
2016.4539135845	777.400024414063
2018.80158912802	777.760009765625
2021.14855209444	777.599975585938
2023.49480278542	777.039978027344
2025.84034150242	777.47998046875
2028.18516854673	777.559997558594
2030.52928421948	777.359985351563
2032.87268882163	777.760009765625
2035.21538265398	777.919982910156
2037.55736601713	777.679992675781
2039.89863921153	777.52001953125
2042.23920253747	777.280029296875
2044.57905629506	777.840026855469
2046.91820078425	777.200012207031
2049.2566363048	777.840026855469
2051.59436315633	777.760009765625
2053.93138163827	777.719970703125
2056.2676920499	777.799987792969
2058.6032946903	777.359985351563
2060.93818985843	778.119995117188
2063.27237785303	777.840026855469
2065.60585897272	777.359985351563
2067.93863351592	777.239990234375
2070.27070178089	777.799987792969
2072.60206406574	777.960021972656
2074.93272066838	778.039978027344
2077.26267188658	778.200012207031
2079.59191801793	778.119995117188
2081.92045935985	777.799987792969
2084.24829620962	778.640014648438
2086.57542886431	778.039978027344
2088.90185762087	778.280029296875
2091.22758277604	778
2093.55260462643	778.239990234375
2095.87692346845	777.440002441406
2098.20053959837	777.880004882813
2100.52345331229	777.559997558594
2102.84566490614	777.400024414063
2105.16717467567	777.239990234375
2107.48798291649	777.440002441406
2109.80808992403	777.47998046875
2112.12749599355	777.880004882813
2114.44620142016	777.880004882813
2116.7642064988	777.640014648438
2119.08151152423	777.640014648438
2121.39811679106	778.039978027344
2123.71402259374	777.559997558594
2126.02922922653	778.239990234375
2128.34373698356	777.200012207031
2130.65754615876	778
2132.97065704594	778
2135.28306993869	777.719970703125
2137.59478513047	778.440002441406
2139.90580291459	778.080017089844
2142.21612358416	778.080017089844
2144.52574743214	778.119995117188
2146.83467475134	777.919982910156
2149.1429058344	778.080017089844
2151.45044097377	777.880004882813
2153.75728046178	777.679992675781
2156.06342459057	777.640014648438
2158.36887365212	777.880004882813
2160.67362793825	778.080017089844
2162.97768774061	777.840026855469
2165.28105335071	777.640014648438
2167.58372505987	777.799987792969
2169.88570315926	777.719970703125
2172.18698793988	777.880004882813
2174.48757969258	777.119995117188
2176.78747870805	777.919982910156
2179.08668527679	777.719970703125
2181.38519968917	777.880004882813
2183.68302223538	777.039978027344
2185.98015320547	777.719970703125
2188.27659288929	777.359985351563
2190.57234157656	777.760009765625
2192.86739955682	777.719970703125
2195.16176711948	777.239990234375
2197.45544455375	777.599975585938
2199.74843214869	777.599975585938
2202.04073019322	777.359985351563
2204.33233897607	778.039978027344
2206.62325878583	777.320007324219
2208.91348991093	777.760009765625
2211.20303263961	777.200012207031
2213.49188726	777.760009765625
2215.78005406001	777.159973144531
2218.06753332744	777.679992675781
2220.35432534991	777.280029296875
2222.64043041487	777.400024414063
2224.92584880964	776.760009765625
2227.21058082134	777.400024414063
2229.49462673696	777.880004882813
2231.77798684332	777.320007324219
2234.06066142709	776.599975585938
2236.34265077477	777.159973144531
2238.62395517269	777.239990234375
2240.90457490706	777.400024414063
2243.18451026388	777.320007324219
2245.46376152904	777.599975585938
2247.74232898823	776.719970703125
2250.02021292701	776.760009765625
2252.29741363077	776.960021972656
2254.57393138475	777.599975585938
2256.849766474	777.200012207031
2259.12491918346	776.840026855469
2261.39938979788	776.960021972656
2263.67317860185	777.320007324219
2265.94628587983	777
2268.2187119161	777.159973144531
2270.49045699478	777.400024414063
2272.76152139985	776.719970703125
2275.03190541511	776.840026855469
2277.30160932421	777.760009765625
2279.57063341067	776.400024414063
2281.83897795781	776.799987792969
2284.10664324882	777.200012207031
2286.37362956672	777.200012207031
2288.63993719439	776.559997558594
2290.90556641454	776.960021972656
2293.17051750973	777.320007324219
2295.43479076235	777.559997558594
2297.69838645465	777
2299.96130486871	777.039978027344
2302.22354628647	776.880004882813
2304.48511098971	776.52001953125
2306.74599926003	777.119995117188
2309.00621137891	777.080017089844
2311.26574762765	776.840026855469
2313.52460828741	776.599975585938
2315.78279363917	776.719970703125
2318.04030396379	776.559997558594
2320.29713954195	776.840026855469
2322.55330065418	776.559997558594
2324.80878758085	776.52001953125
2327.06360060219	776.599975585938
2329.31773999826	776.880004882813
2331.57120604897	776.840026855469
2333.82399903409	776.320007324219
2336.0761192332	776.559997558594
2338.32756692577	776.679992675781
2340.57834239108	776.679992675781
2342.82844590827	776.599975585938
2345.07787775633	776.599975585938
2347.32663821409	777
2349.57472756023	776.320007324219
2351.82214607327	776.52001953125
2354.06889403158	776.599975585938
2356.31497171337	777.280029296875
2358.56037939672	776.359985351563
2360.80511735953	776.47998046875
2363.04918587955	776.47998046875
2365.29258523439	776.440002441406
2367.5353157015	776.760009765625
2369.77737755817	776.719970703125
2372.01877108156	776.119995117188
2374.25949654865	776.320007324219
2376.49955423629	777.080017089844
2378.73894442115	776.640014648438
2380.97766737977	776.799987792969
2383.21572338855	776.320007324219
2385.45311272369	776.440002441406
2387.68983566129	776.320007324219
2389.92589247727	776.52001953125
2392.1612834474	776.52001953125
2394.39600884731	776.960021972656
2396.63006895246	776.400024414063
2398.86346403818	776.400024414063
2401.09619437962	776.719970703125
2403.32826025182	776.280029296875
2405.55966192963	776.719970703125
2407.79039968777	776.679992675781
2410.0204738008	776.919982910156
2412.24988454313	776.440002441406
2414.47863218902	776.840026855469
2416.70671701258	776.719970703125
2418.93413928778	776.320007324219
2421.16089928842	776.440002441406
2423.38699728817	776.880004882813
2425.61243356052	776.239990234375
2427.83720837884	776.080017089844
2430.06132201633	776.440002441406
2432.28477474606	776.239990234375
2434.50756684093	776.200012207031
2436.72969857371	776.119995117188
2438.95117021699	776.080017089844
2441.17198204325	776.880004882813
2443.39213432478	776.679992675781
2445.61162733376	776.280029296875
2447.83046134218	776.760009765625
2450.04863662192	776.47998046875
2452.26615344468	776.679992675781
2454.48301208203	776.280029296875
2456.69921280539	776.440002441406
2458.91475588602	776.159973144531
2461.12964159504	776.039978027344
2463.34387020342	776.840026855469
2465.55744198198	776.799987792969
2467.77035720139	776.080017089844
2469.98261613217	776.559997558594
2472.1942190447	776.559997558594
2474.40516620922	776.799987792969
2476.6154578958	776.719970703125
2478.82509437436	776.840026855469
2481.03407591471	776.039978027344
2483.24240278646	776.679992675781
2485.45007525911	776.47998046875
2487.65709360202	776.359985351563
2489.86345808435	776.559997558594
2492.06916897518	776.440002441406
2494.27422654339	776.320007324219
2496.47863105774	776.47998046875
2498.68238278683	775.840026855469
2500.88548199912	776.640014648438
2503.08792896294	776.159973144531
2505.28972394643	776.080017089844
2507.49086721763	776
2509.6913590444	776.119995117188
2511.89119969447	776.119995117188
2514.09038943543	776.52001953125
2516.2889285347	776.400024414063
2518.48681725957	776.640014648438
2520.6840558772	776.440002441406
2522.88064465456	776.719970703125
2525.07658385852	776.919982910156
2527.27187375578	776.280029296875
2529.4665146129	776.799987792969
2531.66050669629	776.159973144531
2533.85385027222	776.400024414063
2536.04654560681	776.599975585938
2538.23859296605	776.039978027344
2540.42999261577	776.359985351563
2542.62074482166	776.280029296875
2544.81084984925	776.52001953125
2547.00030796395	776.679992675781
2549.18911943101	776.599975585938
2551.37728451555	776.440002441406
2553.56480348252	776.359985351563
2555.75167659675	776.159973144531
2557.93790412292	776.440002441406
2560.12348632556	776.760009765625
2562.30842346905	776.280029296875
2564.49271581764	776.679992675781
2566.67636363544	776.239990234375
2568.85936718639	776.200012207031
2571.04172673431	776.719970703125
2573.22344254288	776.599975585938
2575.40451487562	776.080017089844
2577.58494399591	776.599975585938
2579.76473016699	776.47998046875
2581.94387365196	776.320007324219
2584.12237471377	776.359985351563
2586.30023361523	776.119995117188
2588.47745061901	776.52001953125
2590.65402598763	776.47998046875
2592.82995998348	776.47998046875
2595.0052528688	776.119995117188
2597.17990490568	776.320007324219
2599.35391635608	776.280029296875
2601.52728748181	776.200012207031
2603.70001854454	776.440002441406
2605.8721098058	776.52001953125
2608.04356152698	776.400024414063
2610.21437396931	776.719970703125
2612.3845473939	776.400024414063
2614.55408206173	776.840026855469
2616.72297823359	776.47998046875
2618.89123617017	776.599975585938
2621.058856132	776.119995117188
2623.22583837949	776.52001953125
2625.39218317288	776.359985351563
2627.55789077229	776.640014648438
2629.72296143769	777.200012207031
2631.88739542891	776.47998046875
2634.05119300563	776.200012207031
2636.21435442742	776.640014648438
2638.37687995367	777.200012207031
2640.53876984365	776.840026855469
2642.70002435649	776.52001953125
2644.86064375119	775.840026855469
2647.02062828658	776.960021972656
2649.17997822137	776.880004882813
2651.33869381413	776.840026855469
2653.49677532328	776.359985351563
2655.65422300711	776.679992675781
2657.81103712378	775.919982910156
2659.96721793127	777.080017089844
2662.12276568747	776.47998046875
2664.2776806501	777.47998046875
2666.43196307675	776.080017089844
2668.58561322486	776.640014648438
2670.73863135176	776.880004882813
2672.8910177146	776.52001953125
2675.04277257043	776.679992675781
2677.19389617612	776.760009765625
2679.34438878845	777.039978027344
2681.49425066402	776.679992675781
2683.64348205931	777.239990234375
2685.79208323065	776.880004882813
2687.94005443425	776.880004882813
2690.08739592617	776.760009765625
2692.23410796233	777.080017089844
2694.38019079852	776.47998046875
2696.52564469038	776.719970703125
2698.67046989342	777.039978027344
2700.81466666302	777.760009765625
2702.9582352544	777.159973144531
2705.10117592265	776.599975585938
2707.24348892275	776.960021972656
2709.3851745095	777.52001953125
2711.5262329376	777.799987792969
2713.66666446158	777.119995117188
2715.80646933585	777.119995117188
2717.94564781468	776.919982910156
2720.08420015222	776.760009765625
2722.22212660245	777.760009765625
2724.35942741923	777.400024414063
2726.49610285628	777.960021972656
2728.63215316721	777.919982910156
2730.76757860544	777.840026855469
2732.9023794243	777.919982910156
2735.03655587697	778
2737.17010821648	777.719970703125
2739.30303669573	777.359985351563
2741.4353415675	777.359985351563
2743.56702308442	777.799987792969
2745.69808149898	777.400024414063
2747.82851706355	777.52001953125
2749.95833003034	778.080017089844
2752.08752065145	777.599975585938
2754.21608917883	776.919982910156
2756.3440358643	776.840026855469
2758.47136095954	777.039978027344
2760.59806471609	777.640014648438
2762.72414738537	777.599975585938
2764.84960921865	778.359985351563
2766.97445046708	777.320007324219
2769.09867138166	777.239990234375
2771.22227221326	777.400024414063
2773.34525321263	777.880004882813
2775.46761463035	777.239990234375
2777.58935671691	776.679992675781
2779.71047972262	777.719970703125
2781.83098389771	777.719970703125
2783.95086949221	777.799987792969
2786.07013675607	777.119995117188
2788.18878593908	777.559997558594
2790.3068172909	778
2792.42423106106	777.599975585938
2794.54102749895	777.239990234375
2796.65720685384	777.52001953125
2798.77276937486	777.159973144531
2800.88771531098	777.559997558594
2803.00204491107	778.119995117188
2805.11575842387	778.080017089844
2807.22885609796	777.559997558594
2809.34133818179	777.400024414063
2811.4532049237	777.559997558594
2813.56445657189	777.119995117188
2815.6750933744	777.840026855469
2817.78511557916	777.919982910156
2819.89452343398	778.119995117188
2822.00331718652	778.440002441406
2824.11149708429	778.640014648438
2826.2190633747	778.719970703125
2828.32601630502	778.239990234375
2830.43235612237	778.599975585938
2832.53808307375	778.640014648438
2834.64319740603	780.039978027344
2836.74769936595	780.239990234375
2838.85158920011	780.47998046875
2840.95486715497	780.799987792969
2843.05753347689	782.039978027344
2845.15958841206	783.239990234375
2847.26103220657	784.52001953125
2849.36186510636	785.47998046875
2851.46208735724	785.440002441406
2853.56169920488	785.159973144531
2855.66070089485	785.440002441406
2857.75909267257	785.960021972656
2859.85687478332	786.119995117188
2861.95404747225	787.719970703125
2864.05061098439	789.559997558594
2866.14656556464	789.640014648438
2868.24191145777	791.799987792969
2870.3366489084	791.47998046875
2872.43077816104	792.640014648438
2874.52429946006	793.880004882813
2876.61721304971	793.559997558594
2878.70951917409	792.919982910156
2880.8012180772	793.719970703125
2882.89231000287	793.359985351563
2884.98279519483	793.47998046875
2887.07267389667	794.080017089844
2889.16194635186	793.640014648438
2891.25061280373	795.080017089844
2893.33867349546	795.919982910156
2895.42612867015	794.880004882813
2897.51297857074	795.640014648438
2899.59922344003	797.119995117188
2901.68486352071	796.640014648438
2903.76989905533	796.47998046875
2905.85433028632	798.880004882813
2907.93815745598	798.119995117188
2910.02138080648	799.52001953125
2912.10400057985	798.960021972656
2914.186017018	798.840026855469
2916.26743036271	801.400024414063
2918.34824085563	803.440002441406
2920.4284487383	803.440002441406
2922.5080542521	803.320007324219
2924.58705763829	806.159973144531
2926.66545913802	805.640014648438
2928.74325899231	805.080017089844
2930.82045744202	807.880004882813
2932.89705472792	806.679992675781
2934.97305109062	806.440002441406
2937.04844677063	808.599975585938
2939.12324200832	809.599975585938
2941.19743704393	807.440002441406
2943.27103211757	806.200012207031
2945.34402746923	805.320007324219
2947.41642333876	803.559997558594
2949.48821996592	802.640014648438
2951.55941759028	802.840026855469
2953.63001645135	801.559997558594
2955.70001678845	800.919982910156
2957.76941884083	800.239990234375
2959.83822284757	799.599975585938
2961.90642904764	798.52001953125
2963.97403767988	799.200012207031
2966.04104898302	799.320007324219
2968.10746319565	799.239990234375
2970.17328055621	797.679992675781
2972.23850130305	797.159973144531
2974.30312567438	796.159973144531
2976.36715390829	796.280029296875
2978.43058624273	796.47998046875
2980.49342291553	796.080017089844
2982.55566416439	794
2984.61731022691	794.960021972656
2986.67836134051	794.52001953125
2988.73881774255	794.080017089844
2990.79867967021	794.400024414063
2992.85794736058	792.960021972656
2994.9166210506	791.239990234375
2996.97470097711	791.159973144531
2999.03218737679	792.320007324219
3001.08908048622	789.880004882813
3003.14538054186	790.359985351563
3005.20108778002	791.359985351563
3007.25620243691	789.880004882813
3009.3107247486	789.52001953125
3011.36465495104	789.880004882813
3013.41799328004	790.159973144531
3015.47073997133	789
3017.52289526045	788.599975585938
3019.57445938288	788.919982910156
3021.62543257393	788.359985351563
3023.6758150688	788.239990234375
3025.72560710258	789.039978027344
3027.77480891021	789.47998046875
3029.82342072652	789.559997558594
3031.87144278622	789.679992675781
3033.91887532389	790.200012207031
3035.96571857399	790.039978027344
3038.01197277084	790.039978027344
3040.05763814867	790.200012207031
3042.10271494154	791.280029296875
3044.14720338344	791.440002441406
3046.19110370818	791.159973144531
3048.2344161495	790.880004882813
3050.27714094097	791.640014648438
3052.31927831608	792.159973144531
3054.36082850816	792.52001953125
3056.40179175044	793.359985351563
3058.44216827602	794.599975585938
3060.48195831786	794
3062.52116210884	793.679992675781
3064.55977988167	793.320007324219
3066.59781186897	792.760009765625
3068.63525830322	794.679992675781
3070.67211941678	797
3072.7083954419	797.359985351563
3074.7440866107	795.320007324219
3076.77919315516	796.719970703125
3078.81371530716	797
3080.84765329846	797.280029296875
3082.88100736068	797.640014648438
3084.91377772534	795.559997558594
3086.94596462381	796.640014648438
3088.97756828737	797.320007324219
3091.00858894714	798.559997558594
3093.03902683417	798.280029296875
3095.06888217933	797.559997558594
3097.09815521342	799.119995117188
3099.12684616709	800.760009765625
3101.15495527087	798.119995117188
3103.18248275518	799.760009765625
3105.20942885031	801.159973144531
3107.23579378642	801.200012207031
3109.26157779358	800.640014648438
3111.28678110171	801.159973144531
3113.31140394062	804.440002441406
3115.33544654	806.400024414063
3117.35890912942	805.159973144531
3119.38179193832	805.400024414063
3121.40409519602	806.080017089844
3123.42581913174	807.960021972656
3125.44696397457	804.559997558594
3127.46752995345	806.559997558594
3129.48751729725	810.280029296875
3131.50692623469	810.840026855469
3133.52575699436	809.440002441406
3135.54400980476	810.840026855469
3137.56168489425	809.919982910156
3139.57878249108	810.599975585938
3141.59530282337	810.640014648438
3143.61124611913	810.359985351563
3145.62661260624	810.880004882813
3147.64140251247	811.039978027344
3149.65561606547	812.559997558594
3151.66925349277	813.159973144531
3153.68231502177	813.840026855469
3155.69480087977	814.119995117188
3157.70671129394	813.280029296875
3159.71804649132	816.880004882813
3161.72880669886	818.919982910156
3163.73899214336	817
3165.74860305152	818.039978027344
3167.75763964991	818.640014648438
3169.766102165	816.799987792969
3171.77399082313	820
3173.7813058505	821.119995117188
3175.78804747323	821.400024414063
3177.79421591731	820.119995117188
3179.79981140859	823.599975585938
3181.80483417282	823.679992675781
3183.80928443564	822.119995117188
3185.81316242255	824.960021972656
3187.81646835896	825.840026855469
3189.81920247013	823.719970703125
3191.82136498122	825.239990234375
3193.82295611727	826.359985351563
3195.82397610321	827
3197.82442516385	830.359985351563
3199.82430352386	826.320007324219
3201.82361140782	825.52001953125
3203.82234904018	827.919982910156
3205.82051664529	826.679992675781
3207.81811444735	831.719970703125
3209.81514267047	830
3211.81160153863	827.679992675781
3213.80749127571	827.400024414063
3215.80281210545	827.840026855469
3217.79756425148	829.960021972656
3219.79174793733	829.119995117188
3221.7853633864	830.239990234375
3223.77841082196	829.119995117188
3225.77089046719	832.080017089844
3227.76280254513	831.919982910156
3229.75414727873	828.640014648438
3231.74492489081	836.599975585938
3233.73513560406	834.119995117188
3235.72477964107	830.599975585938
3237.71385722431	832.320007324219
3239.70236857614	835.599975585938
3241.6903139188	834.880004882813
3243.6776934744	834.760009765625
3245.66450746496	830.440002441406
3247.65075611237	835.640014648438
3249.63643963841	835.799987792969
3251.62155826472	833.840026855469
3253.60611221287	831.599975585938
3255.59010170428	831.159973144531
3257.57352696026	833.359985351563
3259.55638820202	836.52001953125
3261.53868565064	837.280029296875
3263.52041952708	837.159973144531
3265.50159005221	836.159973144531
3267.48219744676	834.280029296875
3269.46224193136	831.960021972656
3271.44172372651	834.719970703125
3273.42064305262	836.799987792969
3275.39900012996	836.119995117188
3277.3767951787	839.400024414063
3279.35402841889	835.919982910156
3281.33070007047	837.159973144531
3283.30681035326	839.559997558594
3285.28235948698	834.599975585938
3287.25734769121	835.200012207031
3289.23177518544	836.679992675781
3291.20564218903	835.760009765625
3293.17894892124	830.400024414063
3295.1516956012	831.599975585938
3297.12388244795	835.080017089844
3299.09550968039	836.599975585938
3301.06657751732	837.119995117188
3303.03708617743	839.280029296875
3305.00703587929	836.960021972656
3306.97642684135	834.400024414063
3308.94525928196	834.559997558594
3310.91353341935	836
3312.88124947164	836.679992675781
3314.84840765683	834.039978027344
3316.81500819282	834.799987792969
3318.78105129738	835.119995117188
3320.74653718818	834.400024414063
3322.71146608278	834.159973144531
3324.67583819861	832.239990234375
3326.639653753	831.400024414063
3328.60291296317	833.880004882813
3330.56561604621	835.119995117188
3332.52776321913	831.880004882813
3334.4893546988	835.559997558594
3336.45039070198	834.400024414063
3338.41087144533	830.280029296875
3340.37079714539	833.559997558594
3342.33016801859	833.440002441406
3344.28898428124	833.599975585938
3346.24724614955	836.640014648438
3348.20495383962	834.200012207031
3350.16210756742	832.52001953125
3352.11870754883	833.960021972656
3354.07475399961	833.039978027344
3356.03024713539	830.280029296875
3357.98518717173	832.119995117188
3359.93957432403	833.679992675781
3361.89340880761	834.239990234375
3363.84669083768	834.200012207031
3365.79942062933	832.039978027344
3367.75159839753	830.47998046875
3369.70322435715	832.799987792969
3371.65429872295	836.039978027344
3373.60482170957	836.359985351563
3375.55479353155	837.719970703125
3377.50421440332	837.039978027344
3379.45308453918	834.159973144531
3381.40140415335	833.440002441406
3383.34917345991	834.400024414063
3385.29639267284	833.919982910156
3387.24306200602	835.719970703125
3389.18918167321	834.239990234375
3391.13475188806	837.119995117188
3393.07977286411	835.679992675781
3395.02424481479	833.52001953125
3396.96816795342	833.359985351563
3398.91154249322	835.719970703125
3400.85436864728	834.440002441406
3402.79664662859	835.039978027344
3404.73837665004	836.320007324219
3406.67955892439	834.320007324219
3408.62019366432	834.880004882813
3410.56028108236	837.719970703125
3412.49982139096	838.599975585938
3414.43881480247	838.760009765625
3416.37726152909	835.440002441406
3418.31516178295	836.559997558594
3420.25251577605	835.719970703125
3422.18932372029	836.799987792969
3424.12558582746	836.47998046875
3426.06130230922	835.840026855469
3427.99647337717	833.159973144531
3429.93109924274	833.159973144531
3431.8651801173	832.47998046875
3433.79871621209	831.640014648438
3435.73170773824	831.799987792969
3437.66415490678	833.559997558594
3439.59605792862	834.599975585938
3441.52741701458	836.159973144531
3443.45823237536	835.280029296875
3445.38850422154	832.960021972656
3447.31823276362	831.239990234375
3449.24741821196	830.239990234375
3451.17606077684	830.039978027344
3453.10416066842	831.400024414063
3455.03171809674	830.840026855469
3456.95873327175	830.840026855469
3458.88520640329	828.799987792969
3460.81113770109	829.359985351563
3462.73652737477	827.840026855469
3464.66137563383	826.640014648438
3466.58568268769	828.880004882813
3468.50944874565	829.719970703125
3470.43267401689	830.919982910156
3472.3553587105	829.799987792969
3474.27750303545	829.280029296875
3476.19910720062	823.159973144531
3478.12017141476	823.440002441406
3480.04069588654	824.200012207031
3481.9606808245	826.960021972656
3483.88012643707	828.760009765625
3485.79903293259	824.52001953125
3487.7174005193	824.52001953125
3489.63522940532	822
3491.55251979864	820.400024414063
3493.46927190719	822.960021972656
3495.38548593877	820.52001953125
3497.30116210107	818.52001953125
3499.21630060167	818.559997558594
3501.13090164807	817.440002441406
3503.04496544763	814.440002441406
3504.95849220763	817.119995117188
3506.87148213523	818.880004882813
3508.78393543748	820.239990234375
3510.69585232134	819.440002441406
3512.60723299365	817.960021972656
3514.51807766116	817.159973144531
3516.42838653049	817.239990234375
3518.33815980819	814.320007324219
3520.24739770066	812.119995117188
3522.15610041423	813.320007324219
3524.06426815511	812.200012207031
3525.9719011294	811.239990234375
3527.87899954311	811.840026855469
3529.78556360213	812.320007324219
3531.69159351225	811.47998046875
3533.59708947916	810.919982910156
3535.50205170844	809.760009765625
3537.40648040556	809.559997558594
3539.3103757759	809.039978027344
3541.21373802472	807.640014648438
3543.11656735717	805.239990234375
3545.01886397833	804.440002441406
3546.92062809313	804.559997558594
3548.82185990643	807.919982910156
3550.72255962297	806.119995117188
3552.62272744738	805.919982910156
3554.5223635842	803.960021972656
3556.42146823786	802.080017089844
3558.32004161268	803.200012207031
3560.21808391289	802.359985351563
3562.11559534259	801.400024414063
3564.01257610581	800.039978027344
3565.90902640645	799.960021972656
3567.80494644831	800.799987792969
3569.7003364351	800
3571.59519657042	800.239990234375
3573.48952705774	799.760009765625
3575.38332810048	799.400024414063
3577.27659990191	798.280029296875
3579.16934266521	799.640014648438
3581.06155659346	799.280029296875
3582.95324188965	799.159973144531
3584.84439875663	798.559997558594
3586.73502739718	797.080017089844
3588.62512801397	796
3590.51470080955	795.599975585938
3592.40374598639	796.080017089844
3594.29226374685	796.280029296875
3596.18025429317	796.280029296875
3598.06771782751	794.239990234375
3599.95465455192	792.47998046875
3601.84106466834	791.880004882813
3603.72694837861	793.599975585938
3605.61230588447	793.119995117188
3607.49713738756	794.039978027344
3609.38144308942	793.880004882813
3611.26522319148	794.119995117188
3613.14847789506	793.039978027344
3615.0312074014	791.760009765625
3616.91341191162	790.599975585938
3618.79509162674	790.159973144531
3620.67624674769	791.080017089844
3622.55687747528	790.039978027344
3624.43698401024	790.119995117188
3626.31656655317	790.760009765625
3628.1956253046	790.559997558594
3630.07416046492	790.239990234375
3631.95217223446	788.200012207031
3633.82966081342	788.640014648438
3635.70662640191	787.320007324219
3637.58306919993	786.760009765625
3639.45898940739	785.640014648438
3641.33438722409	787.599975585938
3643.20926284973	787.119995117188
3645.08361648392	786
3646.95744832614	785.880004882813
3648.8307585758	787.039978027344
3650.7035474322	786.359985351563
3652.57581509452	785.760009765625
3654.44756176188	784.919982910156
3656.31878763324	784.960021972656
3658.18949290753	783.359985351563
3660.05967778352	784.119995117188
3661.9293424599	783.679992675781
3663.79848713527	784
3665.66711200812	783
3667.53521727684	782.880004882813
3669.40280313972	783.239990234375
3671.26986979494	782.119995117188
3673.13641744059	781.47998046875
3675.00244627468	781.039978027344
