-140.373595351881	773
-137.335129063906	772.919982910156
-134.297686810867	773.359985351563
-131.261268103955	772.960021972656
-128.225872454677	772.880004882813
-125.191499374839	773.119995117188
-122.158148376567	772.760009765625
-119.125818972292	772.919982910156
-116.094510674759	772.760009765625
-113.064222997021	773.239990234375
-110.034955452443	772.760009765625
-107.006707554687	773
-103.979478817741	772.679992675781
-100.95326875589	772.719970703125
-97.928076883731	772.440002441406
-94.9039027161698	772.960021972656
-91.8807457684175	772.880004882813
-88.8586055560018	772.760009765625
-85.8374815947384	772.52001953125
-82.8173734007715	773.039978027344
-79.7982804905411	773.200012207031
-76.7802023807988	772.840026855469
-73.7631385885914	773
-70.7470886312892	773.080017089844
-67.732052026553	772.799987792969
-64.7180282923587	772.880004882813
-61.7050169469884	772.679992675781
-58.6930175090183	772.559997558594
-55.6820294973386	772.679992675781
-52.6720524311495	772.960021972656
-49.66308582994	772.599975585938
-46.6551292135171	772.359985351563
-43.6481821019882	773.119995117188
-40.6422440157577	772.359985351563
-37.6373144755424	772.679992675781
-34.6333930023594	773.080017089844
-31.630479117526	772.719970703125
-28.6285723426709	772.47998046875
-25.6276721997107	772.640014648438
-22.6277782108771	772.880004882813
-19.628889898701	772.840026855469
-16.6310067860081	773.320007324219
-13.6341283959385	774.359985351563
-10.6382542519231	779.799987792969
-7.64338387769432	801.400024414063
-4.64951679729502	839.52001953125
-1.65665253506141	850.559997558594
1.33520938438089	823.080017089844
4.32606943608095	786.640014648438
7.315928094803	774.599975585938
10.3047858350146	772.799987792969
13.2926431308747	772.840026855469
16.2795004562541	772.840026855469
19.2653582847118	773.359985351563
22.2502170895187	772.440002441406
25.2340773436344	772.440002441406
28.216939519735	772.799987792969
31.1988040901939	772.960021972656
34.1796715270814	772.679992675781
37.1595423021732	772.599975585938
40.1384168869468	772.760009765625
43.1162957525854	772.52001953125
46.0931793699786	772.280029296875
49.0690682097059	772.760009765625
52.0439627420619	772.919982910156
55.0178634370476	773.039978027344
57.9907707643592	773.400024414063
60.9626851933962	772.47998046875
63.9336071932735	772.880004882813
66.9035372328018	773.200012207031
69.8724757804959	772.840026855469
72.8404233045826	773.080017089844
75.8073802729932	772.679992675781
78.7733471533597	772.599975585938
81.738324413019	772.359985351563
84.702312519025	772.280029296875
87.665311938125	772.559997558594
90.6273231367761	772.599975585938
93.5883465811569	772.679992675781
96.5483827371242	772.47998046875
99.5074320702731	772.960021972656
102.465495045889	772.559997558594
105.422572128961	772.640014648438
108.378663784199	772.52001953125
111.333770476014	773.080017089844
114.287892668528	772.799987792969
117.24103082557	772.679992675781
120.193185410674	773
123.144356887097	772.919982910156
126.094545717786	773.47998046875
129.043752365413	773.880004882813
131.991977292355	774.039978027344
134.939220960695	773.960021972656
137.885483832232	774.640014648438
140.83076636847	774.880004882813
143.775069030632	774.679992675781
146.718392279644	775.080017089844
149.660736576149	775.640014648438
152.602102380488	776.239990234375
155.54249015274	776.960021972656
158.481900352672	777.52001953125
161.420333439765	777.640014648438
164.357789873227	777.52001953125
167.294270111968	778.719970703125
170.229774614617	779.119995117188
173.164303839496	779.840026855469
176.097858244675	781.119995117188
179.030438287908	780.760009765625
181.962044426678	781.559997558594
184.89267711817	782.599975585938
187.822336819302	783
190.751023986678	782.719970703125
193.678739076648	783.559997558594
196.605482545255	784.320007324219
199.531254848261	784.760009765625
202.456056441152	783.640014648438
205.379887779119	783.960021972656
208.30274931708	784.359985351563
211.224641509656	784.359985351563
214.145564811189	784.320007324219
217.06551967574	784.559997558594
219.984506557089	785.47998046875
222.902525908723	784.679992675781
225.819578183856	784.599975585938
228.735663835415	784.400024414063
231.650783316047	784.640014648438
234.564937078107	784.760009765625
237.478125573679	784.440002441406
240.390349254566	783.799987792969
243.301608572278	784.52001953125
246.211903978051	784.559997558594
249.121235922839	786
252.029604857321	785.960021972656
254.93701123188	786.200012207031
257.843455496632	786.880004882813
260.748938101415	787.039978027344
263.653459495766	788.119995117188
266.557020128967	787.559997558594
269.459620450005	787.840026855469
272.361260907595	788.52001953125
275.261941950168	789.679992675781
278.161664025874	789.080017089844
281.060427582592	788.47998046875
283.958233067921	788.640014648438
286.855080929176	787.359985351563
289.750971613398	789.960021972656
292.645905567344	789.159973144531
295.539883237503	787.840026855469
298.432905070079	788.47998046875
301.324971511007	789.039978027344
304.216083005931	788.799987792969
307.10624000023	789.640014648438
309.995442939003	791.799987792969
312.883692267071	795.640014648438
315.770988428979	804.559997558594
318.657331869	811.119995117188
321.542723031127	815.559997558594
324.427162359076	813.559997558594
327.310650296293	805.039978027344
330.193187285945	798.440002441406
333.074773770929	793.760009765625
335.955410193855	790.919982910156
338.835096997075	789.359985351563
341.713834622655	787.880004882813
344.59162351239	787.799987792969
347.468464107802	787.320007324219
350.344356850137	786.559997558594
353.219302180373	786.960021972656
356.093300539208	787.039978027344
358.966352367073	786.840026855469
361.838458104123	786.640014648438
364.70961819024	785.440002441406
367.579833065031	786.280029296875
370.449103167837	786.119995117188
373.317428937727	786.559997558594
376.184810813496	785.239990234375
379.051249233659	785.679992675781
381.916744636474	785.559997558594
384.78129745992	784.960021972656
387.644908141706	786.52001953125
390.50757711927	786.200012207031
393.36930482978	786.080017089844
396.23009171014	786.080017089844
399.089938196969	786.200012207031
401.948844726631	786.080017089844
404.806811735214	785.52001953125
407.66383965853	786.159973144531
410.519928932138	785.679992675781
413.375079991314	786.280029296875
416.229293271071	785.719970703125
419.082569206155	786.280029296875
421.934908231031	786.039978027344
424.786310779917	785.599975585938
427.636777286748	784.960021972656
430.486308185189	785.599975585938
433.334903908649	785.440002441406
436.182564890262	786.679992675781
439.029291562898	785.640014648438
441.875084359157	786.039978027344
444.719943711374	786.52001953125
447.563870051618	785.640014648438
450.406863811695	785.919982910156
453.248925423132	785.799987792969
456.090055317208	786.119995117188
458.93025392492	785.760009765625
461.76952167701	785.200012207031
464.60785900395	785.719970703125
467.44526633595	785.960021972656
470.281744102955	785.52001953125
473.117292734635	784.960021972656
475.951912660415	786.039978027344
478.785604309439	785.320007324219
481.618368110592	785.47998046875
484.450204492499	785.760009765625
487.281113883518	785.47998046875
490.111096711738	785.559997558594
492.940153404999	785.440002441406
495.768284390864	785.799987792969
498.595490096635	785.679992675781
501.421770949366	786.359985351563
504.247127375825	786.599975585938
507.071559802537	784.760009765625
509.89506865575	786.47998046875
512.717654361473	785.039978027344
515.539317345424	785.719970703125
518.360058033083	786.239990234375
521.179876849652	785.760009765625
523.998774220083	786.640014648438
526.816750569068	786.039978027344
529.633806321025	785.080017089844
532.44994190013	786.159973144531
535.265157730284	786.280029296875
538.079454235133	785.919982910156
540.892831838066	786.080017089844
543.705290962208	786.359985351563
546.516832030424	784.880004882813
549.32745546533	785.679992675781
552.137161689268	786.52001953125
554.945951124325	785.799987792969
557.753824192341	786.080017089844
560.560781314883	785.679992675781
563.36682291327	785.640014648438
566.171949408555	785.280029296875
568.976161221537	785.359985351563
571.779458772759	785.919982910156
574.5818424825	785.47998046875
577.383312770792	786.159973144531
580.183870057402	786.559997558594
582.983514761843	785.799987792969
585.782247303363	786.280029296875
588.580068100976	786.039978027344
591.376977573414	786.359985351563
594.172976139164	784.599975585938
596.968064216463	785.47998046875
599.762242223282	786.039978027344
602.555510577335	785.200012207031
605.347869696099	784.599975585938
608.139319996771	785.080017089844
610.929861896313	785.159973144531
613.719495811421	784.799987792969
616.508222158541	785.080017089844
619.296041353863	785.039978027344
622.082953813324	784.599975585938
624.868959952607	785.559997558594
627.654060187137	785.039978027344
630.438254932094	785.159973144531
633.221544602397	784.47998046875
636.003929612719	785.679992675781
638.785410377468	784.719970703125
641.565987310814	785.320007324219
644.345660826665	785.719970703125
647.124431338674	785.239990234375
649.902299260252	785.559997558594
652.679265004552	784.47998046875
655.455328984475	785.320007324219
658.230491612671	786.159973144531
661.004753301541	785.919982910156
663.778114463229	785.200012207031
666.550575509631	786.239990234375
669.322136852395	786.599975585938
672.092798902916	785.559997558594
674.862562072336	784.599975585938
677.631426771548	785.47998046875
680.399393411204	785.280029296875
683.166462401689	785
685.93263415315	785.679992675781
688.697909075486	785.52001953125
691.462287578337	785.440002441406
694.225770071098	784.880004882813
696.988356962926	783.840026855469
699.750048662705	784.47998046875
702.5108455791	785.239990234375
705.270748120503	784.640014648438
708.029756695068	785.400024414063
710.787871710705	785.719970703125
713.545093575065	785.679992675781
716.301422695566	785.320007324219
719.056859479364	785.039978027344
721.811404333376	785.960021972656
724.56505766427	786.039978027344
727.317819878473	786.159973144531
730.069691382148	785.599975585938
732.820672581226	784.799987792969
735.570763881396	785.400024414063
738.319965688092	784.799987792969
741.068278406496	786.119995117188
743.815702441559	786.679992675781
746.562238197974	786.559997558594
749.307886080196	785.760009765625
752.052646492436	786.840026855469
754.796519838656	785.719970703125
757.539506522567	786.159973144531
760.28160694765	786.679992675781
763.022821517128	786.280029296875
765.76315063399	785.919982910156
768.502594700972	785.400024414063
771.241154120572	786
773.978829295045	786.159973144531
776.715620626397	785.960021972656
779.451528516396	786.719970703125
782.186553366565	786.52001953125
784.920695578179	787.320007324219
787.653955552283	788.359985351563
790.386333689662	787
793.117830390877	786.280029296875
795.848446056227	785.52001953125
798.578181085792	785.880004882813
801.307035879389	785.559997558594
804.035010836599	784.840026855469
806.762106356774	786.719970703125
809.488322839013	785.960021972656
812.213660682169	785.52001953125
814.938120284866	785.359985351563
817.661702045482	785.760009765625
820.384406362153	785.47998046875
823.10623363278	785.719970703125
825.827184255014	786.039978027344
828.547258626283	785.880004882813
831.266457143747	785.440002441406
833.984780204358	785.760009765625
836.702228204804	785.640014648438
839.418801541552	785.719970703125
842.134500610814	785.359985351563
844.849325808575	785.640014648438
847.563277530579	786.47998046875
850.276356172319	785.919982910156
852.988562129066	786.039978027344
855.69989579585	786.400024414063
858.410357567456	786.599975585938
861.119947838428	786.679992675781
863.828667003087	785.47998046875
866.536515455503	785.760009765625
869.243493589517	785.280029296875
871.949601798728	785.400024414063
874.654840476504	786.080017089844
877.359210015961	786.080017089844
880.062710810003	786.47998046875
882.765343251273	785.919982910156
885.467107732191	785.359985351563
888.168004644938	785.760009765625
890.868034381467	785.760009765625
893.567197333476	785.52001953125
896.265493892445	786.640014648438
898.962924449614	786.320007324219
901.659489395985	785.640014648438
904.355189122325	785.119995117188
907.050024019165	786.159973144531
909.743994476809	784.880004882813
912.437100885322	785.239990234375
915.129343634532	784.919982910156
917.820723114032	785.080017089844
920.511239713189	785.679992675781
923.200893821127	785.159973144531
925.889685826744	786.760009765625
928.577616118699	786
931.264685085419	786.359985351563
933.950893115098	786.320007324219
936.6362405957	786.080017089844
939.320727914956	786
942.004355460359	786.200012207031
944.687123619173	786.52001953125
947.369032778431	785.919982910156
950.050083324934	785.640014648438
952.730275645247	785.960021972656
955.409610125711	786.159973144531
958.088087152423	786.919982910156
960.765707111263	786.119995117188
963.442470387871	785.840026855469
966.118377367657	785.960021972656
968.793428435798	786.039978027344
971.467623977254	786.239990234375
974.140964376739	785.799987792969
976.813450018737	786.159973144531
979.485081287511	785.400024414063
982.155858567087	785.559997558594
984.825782241271	785.559997558594
987.494852693624	785.080017089844
990.163070307487	785.200012207031
992.830435465978	785.799987792969
995.496948551973	786.47998046875
998.162609948122	786.280029296875
1000.82742003685	788.159973144531
1003.49137920036	789.320007324219
1006.15448782061	789.320007324219
1008.81674627934	787.919982910156
1011.47815495806	786.760009765625
1014.13871423805	785.640014648438
1016.79842450037	785.880004882813
1019.45728612586	785.200012207031
1022.11529949509	784.400024414063
1024.77246498846	784.760009765625
1027.4287829861	784.960021972656
1030.08425386792	786.239990234375
1032.73887801363	786.159973144531
1035.3926558027	784.919982910156
1038.04558761435	784.919982910156
1040.69767382761	784.599975585938
1043.34891482125	785.200012207031
1045.99931097384	785
1048.64886266371	785.559997558594
1051.29757026898	785.440002441406
1053.94543416753	785.200012207031
1056.59245473701	785.599975585938
1059.23863235486	785.599975585938
1061.8839673983	785.760009765625
1064.5284602443	786.200012207031
1067.17211126962	784.760009765625
1069.8149208508	785.359985351563
1072.45688936415	785.679992675781
1075.09801718577	785.919982910156
1077.7383046915	784.799987792969
1080.377752257	785.840026855469
1083.01636025767	786.239990234375
1085.65412906872	786.47998046875
1088.2910590651	786.799987792969
1090.92715062157	786.52001953125
1093.56240411266	785.679992675781
1096.19681991265	786.799987792969
1098.83039839564	786.080017089844
1101.46313993547	786.239990234375
1104.09504490579	786.719970703125
1106.72611368	786.599975585938
1109.35634663129	785.559997558594
1111.98574413263	786
1114.61430655677	784.840026855469
1117.24203427624	784.919982910156
1119.86892766333	785.400024414063
1122.49498709014	785.599975585938
1125.12021292851	785.320007324219
1127.74460555011	785.080017089844
1130.36816532634	785.760009765625
1132.99089262841	784.640014648438
1135.6127878273	784.239990234375
1138.23385129376	784.159973144531
1140.85408339834	784.200012207031
1143.47348451137	783.559997558594
1146.09205500294	783.880004882813
1148.70979524293	783.039978027344
1151.326705601	783.840026855469
1153.9427864466	784.200012207031
1156.55803814896	783.200012207031
1159.17246107707	784.119995117188
1161.78605559974	784.679992675781
1164.39882208551	784.47998046875
1167.01076090276	784.080017089844
1169.6218724196	784.47998046875
1172.23215700396	784.960021972656
1174.84161502352	784.840026855469
1177.45024684578	785.47998046875
1180.05805283799	783.919982910156
1182.66503336719	784.760009765625
1185.27118880021	784.880004882813
1187.87651950367	783.679992675781
1190.48102584395	784
1193.08470818723	784.159973144531
1195.68756689948	784.119995117188
1198.28960234643	784.52001953125
1200.89081489363	785.239990234375
1203.49120490636	784.799987792969
1206.09077274974	785.440002441406
1208.68951878864	785.52001953125
1211.28744338773	786.400024414063
1213.88454691145	785.159973144531
1216.48082972404	785.119995117188
1219.07629218953	785.840026855469
1221.6709346717	785.799987792969
1224.26475753416	786.239990234375
1226.85776114028	786.960021972656
1229.44994585322	787.599975585938
1232.04131203592	787.719970703125
1234.63186005112	787.760009765625
1237.22159026133	789.200012207031
1239.81050302886	789
1242.3985987158	788.119995117188
1244.98587768402	788.760009765625
1247.5723402952	789.039978027344
1250.15798691078	789.599975585938
1252.74281789199	789.760009765625
1255.32683359987	788.47998046875
1257.91003439523	789.440002441406
1260.49242063865	789.200012207031
1263.07399269055	788.559997558594
1265.65475091108	788.080017089844
1268.23469566021	789.039978027344
1270.81382729769	788.039978027344
1273.39214618306	787.440002441406
1275.96965267566	787.640014648438
1278.54634713458	787.200012207031
1281.12222991875	787.840026855469
1283.69730138685	787.799987792969
1286.27156189737	788.400024414063
1288.84501180858	788.039978027344
1291.41765147853	787.080017089844
1293.98948126509	787.960021972656
1296.56050152589	787.239990234375
1299.13071261837	787.880004882813
1301.70011489973	788.359985351563
1304.268708727	788.359985351563
1306.83649445698	789.52001953125
1309.40347244625	789.039978027344
1311.96964305119	788.919982910156
1314.53500662799	788.47998046875
1317.0995635326	789.52001953125
1319.66331412077	789.239990234375
1322.22625874806	789.080017089844
1324.7883977698	789.239990234375
1327.34973154112	788.719970703125
1329.91026041694	788.400024414063
1332.46998475197	788.359985351563
1335.0289049007	788.280029296875
1337.58702121746	789
1340.14433405631	789.280029296875
1342.70084377115	789.200012207031
1345.25655071563	788.320007324219
1347.81145524323	786.559997558594
1350.36555770721	787.159973144531
1352.91885846062	786.52001953125
1355.47135785631	786.320007324219
1358.02305624691	786.799987792969
1360.57395398486	785.840026855469
1363.12405142237	785.080017089844
1365.67334891148	784.919982910156
1368.22184680399	784.320007324219
1370.76954545151	785.799987792969
1373.31644520545	785.760009765625
1375.86254641699	785.280029296875
1378.40784943713	784.760009765625
1380.95235461666	785.840026855469
1383.49606230615	783.919982910156
1386.03897285598	784.599975585938
1388.58108661632	785.47998046875
1391.12240393713	785.359985351563
1393.66292516818	784.919982910156
1396.20265065903	784.599975585938
1398.74158075901	785.159973144531
1401.2797158173	784.52001953125
1403.81705618282	785.159973144531
1406.35360220431	785.280029296875
1408.88935423032	785.159973144531
1411.42431260919	785.239990234375
1413.95847768903	784.52001953125
1416.49184981777	784.960021972656
1419.02442934314	784.719970703125
1421.55621661266	785.119995117188
1424.08721197364	785.52001953125
1426.61741577321	784.719970703125
1429.14682835828	785.47998046875
1431.67545007555	784.679992675781
1434.20328127153	785.919982910156
1436.73032229253	785.47998046875
1439.25657348466	786.640014648438
1441.78203519381	788.119995117188
1444.3067077657	788.52001953125
1446.83059154581	789.880004882813
1449.35368687944	790.239990234375
1451.8759941117	790.039978027344
1454.39751358748	789.119995117188
1456.91824565148	788.719970703125
1459.43819064818	788.52001953125
1461.95734892189	787.679992675781
1464.4757208167	788.280029296875
1466.99330667649	787.919982910156
1469.51010684497	786.919982910156
1472.02612166564	785.919982910156
1474.54135148177	785.799987792969
1477.05579663646	784.919982910156
1479.56945747262	785.47998046875
1482.08233433293	785.679992675781
1484.59442755989	784.960021972656
1487.10573749579	785.799987792969
1489.61626448275	784.359985351563
1492.12600886264	784.400024414063
1494.63497097718	783.359985351563
1497.14315116786	782.47998046875
1499.65054977599	781.919982910156
1502.15716714267	781.280029296875
1504.66300360881	781.599975585938
1507.16805951512	780.960021972656
1509.67233520211	781.320007324219
1512.1758310101	781.679992675781
1514.67854727919	781.52001953125
1517.18048434931	781.599975585938
1519.68164256018	781.280029296875
1522.18202225132	780.760009765625
1524.68162376207	780.640014648438
1527.18044743155	781.080017089844
1529.67849359869	781.559997558594
1532.17576260224	782.280029296875
1534.67225478072	781.799987792969
1537.1679704725	781.880004882813
1539.66291001572	781.719970703125
1542.15707374832	781.840026855469
1544.65046200807	781.719970703125
1547.14307513254	781.799987792969
1549.63491345907	781.760009765625
1552.12597732485	783.52001953125
1554.61626706685	782.320007324219
1557.10578302185	782.760009765625
1559.59452552644	783.440002441406
1562.082494917	783.599975585938
1564.56969152973	782.919982910156
1567.05611570064	783.719970703125
1569.54176776552	784.080017089844
1572.02664806	784.52001953125
1574.51075691949	784.47998046875
1576.99409467921	785.440002441406
1579.4766616742	785.080017089844
1581.95845823929	785.799987792969
1584.43948470912	785.52001953125
1586.91974141815	784.400024414063
1589.39922870064	783.359985351563
1591.87794689064	784.200012207031
1594.35589632202	783.919982910156
1596.83307732848	784.640014648438
1599.30949024348	784.52001953125
1601.78513540033	784.239990234375
1604.26001313211	783.840026855469
1606.73412377175	785.400024414063
1609.20746765196	785.080017089844
1611.68004510526	785.320007324219
1614.15185646398	785.679992675781
1616.62290206026	786.039978027344
1619.09318222605	786.359985351563
1621.56269729311	785.440002441406
1624.031447593	784.799987792969
1626.4994334571	786.039978027344
1628.9666552166	785.280029296875
1631.43311320248	786.359985351563
1633.89880774554	786.679992675781
1636.3637391764	787
1638.82790782548	786.200012207031
1641.29131402301	786.640014648438
1643.75395809903	787.640014648438
1646.21584038339	787.280029296875
1648.67696120575	788.039978027344
1651.13732089558	788.799987792969
1653.59691978216	789.640014648438
1656.05575819459	789.679992675781
1658.51383646175	789.359985351563
1660.97115491238	788.719970703125
1663.42771387498	789.039978027344
1665.8835136779	788.640014648438
1668.33855464928	789.52001953125
1670.79283711708	789.159973144531
1673.24636140907	788.039978027344
1675.69912785282	786.47998046875
1678.15113677572	786.080017089844
1680.602388505	785.960021972656
1683.05288336764	785.840026855469
1685.50262169049	785.039978027344
1687.95160380019	784.559997558594
1690.39983002318	783.599975585938
1692.84730068573	783.200012207031
1695.29401611392	782.880004882813
1697.73997663364	782.640014648438
1700.18518257059	781.599975585938
1702.6296342503	781
1705.07333199807	780.880004882813
1707.51627613907	781.320007324219
1709.95846699824	780.239990234375
1712.39990490036	780.559997558594
1714.84059017001	780.239990234375
1717.28052313159	779.840026855469
1719.7197041093	779.52001953125
1722.15813342718	779.359985351563
1724.59581140906	780.159973144531
1727.03273837859	779.840026855469
1729.46891465926	779
1731.90434057432	779.440002441406
1734.3390164469	779.039978027344
1736.7729425999	779.159973144531
1739.20611935604	778.440002441406
1741.63854703787	778.960021972656
1744.07022596776	778.640014648438
1746.50115646787	778.760009765625
1748.93133886019	778.320007324219
1751.36077346652	778.840026855469
1753.7894606085	778.52001953125
1756.21740060755	777.919982910156
1758.64459378494	778.599975585938
1761.07104046172	778.080017089844
1763.49674095879	777.960021972656
1765.92169559684	778.280029296875
1768.3459046964	778.400024414063
1770.7693685778	778.47998046875
1773.1920875612	778.599975585938
1775.61406196656	778.200012207031
1778.03529211367	778.440002441406
1780.45577832214	778.559997558594
1782.87552091138	777.760009765625
1785.29452020064	778.280029296875
1787.71277650897	778.039978027344
1790.13029015525	777.52001953125
1792.54706145817	777.440002441406
1794.96309073625	777.320007324219
1797.3783783078	777.919982910156
1799.79292449097	778.599975585938
1802.20672960375	778.239990234375
1804.61979396389	778.200012207031
1807.03211788902	778.119995117188
1809.44370169655	777.719970703125
1811.85454570373	777.599975585938
1814.2646502276	778.239990234375
1816.67401558506	777.960021972656
1819.0826420928	778.200012207031
1821.49053006734	778.440002441406
1823.89767982501	777.719970703125
1826.30409168198	777.719970703125
1828.70976595422	777.799987792969
1831.11470295753	777.039978027344
1833.51890300752	777.919982910156
1835.92236641964	777.760009765625
1838.32509350914	777.719970703125
1840.72708459111	777.440002441406
1843.12833998044	777.640014648438
1845.52885999184	777.719970703125
1847.92864493987	777.719970703125
1850.32769513889	777.320007324219
1852.72601090307	778.159973144531
1855.12359254642	777.760009765625
1857.52044038278	777.919982910156
1859.91655472578	778.080017089844
1862.31193588889	777.760009765625
1864.70658418542	777.039978027344
1867.10049992847	777.760009765625
1869.49368343096	777.400024414063
1871.88613500568	777.799987792969
1874.27785496518	777.52001953125
1876.66884362188	778.400024414063
1879.059101288	777.799987792969
1881.44862827559	777.400024414063
1883.8374248965	777.599975585938
1886.22549146246	778.039978027344
1888.61282828495	777.599975585938
1890.99943567534	777.47998046875
1893.38531394477	777.640014648438
1895.77046340424	777.880004882813
1898.15488436455	777.559997558594
1900.53857713634	778.039978027344
1902.92154203006	777.599975585938
1905.303779356	777.47998046875
1907.68528942426	777.840026855469
1910.06607254477	777.799987792969
1912.44612902729	777.719970703125
1914.82545918139	777.359985351563
1917.20406331648	776.960021972656
1919.58194174178	777.640014648438
1921.95909476634	777.559997558594
1924.33552269905	778
1926.71122584861	777.359985351563
1929.08620452353	776.960021972656
1931.46045903219	776.47998046875
1933.83398968275	777.52001953125
1936.20679678322	777.599975585938
1938.57888064142	777.320007324219
1940.95024156502	777.359985351563
1943.3208798615	777.559997558594
1945.69079583816	777.760009765625
1948.05998980213	778
1950.42846206038	778.239990234375
1952.79621291969	777.760009765625
1955.16324268668	777.960021972656
1957.52955166778	777.840026855469
1959.89514016927	777.52001953125
1962.26000849723	777.320007324219
1964.62415695759	777.280029296875
1966.98758585609	777.52001953125
1969.3502954983	777.679992675781
1971.71228618964	777.880004882813
1974.07355823532	777.919982910156
1976.43411194042	777.760009765625
1978.79394760981	777.080017089844
1981.1530655482	777.719970703125
1983.51146606014	777.039978027344
1985.86914944999	778.119995117188
1988.22611602196	777.239990234375
1990.58236608007	777.799987792969
1992.93789992817	777.159973144531
1995.29271786995	777.640014648438
1997.64682020892	777.52001953125
2000.00020724843	777.760009765625
2002.35287929162	777.320007324219
2004.70483664152	777.440002441406
2007.05607960095	777.960021972656
2009.40660847256	777.919982910156
2011.75642355884	777.440002441406
2014.1055251621	777.280029296875
2016.4539135845	777.280029296875
2018.80158912802	777.599975585938
2021.14855209444	777.400024414063
2023.49480278542	778
2025.84034150242	777.719970703125
2028.18516854673	777.640014648438
2030.52928421948	778.119995117188
2032.87268882163	777.559997558594
2035.21538265398	777.960021972656
2037.55736601713	778
2039.89863921153	777.919982910156
2042.23920253747	777.47998046875
2044.57905629506	778.440002441406
2046.91820078425	778.47998046875
2049.2566363048	777.440002441406
2051.59436315633	777.840026855469
2053.93138163827	777.760009765625
2056.2676920499	777.760009765625
2058.6032946903	778
2060.93818985843	777.599975585938
2063.27237785303	778.200012207031
2065.60585897272	777.400024414063
2067.93863351592	776.760009765625
2070.27070178089	777.239990234375
2072.60206406574	777.960021972656
2074.93272066838	778.47998046875
2077.26267188658	778.599975585938
2079.59191801793	778.119995117188
2081.92045935985	777.599975585938
2084.24829620962	777.599975585938
2086.57542886431	777.679992675781
2088.90185762087	777.799987792969
2091.22758277604	778.039978027344
2093.55260462643	777.359985351563
2095.87692346845	777.52001953125
2098.20053959837	777.760009765625
2100.52345331229	777.760009765625
2102.84566490614	777.359985351563
2105.16717467567	778.200012207031
2107.48798291649	777.320007324219
2109.80808992403	777.47998046875
2112.12749599355	777.880004882813
2114.44620142016	778.039978027344
2116.7642064988	778.159973144531
2119.08151152423	778.039978027344
2121.39811679106	778.039978027344
2123.71402259374	777.840026855469
2126.02922922653	777.840026855469
2128.34373698356	777.840026855469
2130.65754615876	777.679992675781
2132.97065704594	778.039978027344
2135.28306993869	777.960021972656
2137.59478513047	778.159973144531
2139.90580291459	778.200012207031
2142.21612358416	778.159973144531
2144.52574743214	777.880004882813
2146.83467475134	777.799987792969
2149.1429058344	777.760009765625
2151.45044097377	777.320007324219
2153.75728046178	777.320007324219
2156.06342459057	777.599975585938
2158.36887365212	778.039978027344
2160.67362793825	777.559997558594
2162.97768774061	777.52001953125
2165.28105335071	777.320007324219
2167.58372505987	778.52001953125
2169.88570315926	779.039978027344
2172.18698793988	778.039978027344
2174.48757969258	778.039978027344
2176.78747870805	777.640014648438
2179.08668527679	777.599975585938
2181.38519968917	777.280029296875
2183.68302223538	777.119995117188
2185.98015320547	777.559997558594
2188.27659288929	777.47998046875
2190.57234157656	777.719970703125
2192.86739955682	777.919982910156
2195.16176711948	777.919982910156
2197.45544455375	777.440002441406
2199.74843214869	776.919982910156
2202.04073019322	777.52001953125
2204.33233897607	777.039978027344
2206.62325878583	777.640014648438
2208.91348991093	777.359985351563
2211.20303263961	777.280029296875
2213.49188726	777.119995117188
2215.78005406001	777.679992675781
2218.06753332744	777.320007324219
2220.35432534991	777.359985351563
2222.64043041487	777.919982910156
2224.92584880964	777.840026855469
2227.21058082134	778.039978027344
2229.49462673696	777.719970703125
2231.77798684332	777.359985351563
2234.06066142709	777.52001953125
2236.34265077477	777.919982910156
2238.62395517269	777.400024414063
2240.90457490706	777.719970703125
2243.18451026388	777.320007324219
2245.46376152904	777.400024414063
2247.74232898823	777.440002441406
2250.02021292701	777.080017089844
2252.29741363077	777.640014648438
2254.57393138475	777.760009765625
2256.849766474	776.840026855469
2259.12491918346	777.799987792969
2261.39938979788	777.159973144531
2263.67317860185	777.359985351563
2265.94628587983	777.640014648438
2268.2187119161	777.200012207031
2270.49045699478	777.239990234375
2272.76152139985	776.840026855469
2275.03190541511	777.080017089844
2277.30160932421	777.359985351563
2279.57063341067	777.47998046875
2281.83897795781	776.919982910156
2284.10664324882	777.440002441406
2286.37362956672	777
2288.63993719439	776.960021972656
2290.90556641454	776.919982910156
2293.17051750973	776.880004882813
2295.43479076235	776.960021972656
2297.69838645465	776.559997558594
2299.96130486871	777.359985351563
2302.22354628647	776.919982910156
2304.48511098971	777.440002441406
2306.74599926003	777.719970703125
2309.00621137891	776.719970703125
2311.26574762765	776.960021972656
2313.52460828741	776.280029296875
2315.78279363917	776.559997558594
2318.04030396379	777.239990234375
2320.29713954195	776.280029296875
2322.55330065418	776.719970703125
2324.80878758085	777.280029296875
2327.06360060219	777.119995117188
2329.31773999826	776.880004882813
2331.57120604897	777.200012207031
2333.82399903409	776.52001953125
2336.0761192332	776.679992675781
2338.32756692577	776.599975585938
2340.57834239108	777.039978027344
2342.82844590827	776.719970703125
2345.07787775633	776.760009765625
2347.32663821409	777.080017089844
2349.57472756023	777.280029296875
2351.82214607327	776.880004882813
2354.06889403158	776.679992675781
2356.31497171337	776.52001953125
2358.56037939672	776.320007324219
2360.80511735953	776.640014648438
2363.04918587955	776.799987792969
2365.29258523439	776.359985351563
2367.5353157015	776.960021972656
2369.77737755817	776.440002441406
2372.01877108156	776.440002441406
2374.25949654865	776.52001953125
2376.49955423629	776.719970703125
2378.73894442115	776.47998046875
2380.97766737977	776.119995117188
2383.21572338855	776.919982910156
2385.45311272369	776.679992675781
2387.68983566129	776.359985351563
2389.92589247727	776.799987792969
2392.1612834474	776.599975585938
2394.39600884731	776.400024414063
2396.63006895246	776.599975585938
2398.86346403818	776.599975585938
2401.09619437962	776.880004882813
2403.32826025182	776.559997558594
2405.55966192963	776
2407.79039968777	776.559997558594
2410.0204738008	776.679992675781
2412.24988454313	776.679992675781
2414.47863218902	776.320007324219
2416.70671701258	776.359985351563
2418.93413928778	776.440002441406
2421.16089928842	776.400024414063
2423.38699728817	776.47998046875
2425.61243356052	776.919982910156
2427.83720837884	776.719970703125
2430.06132201633	776.320007324219
2432.28477474606	775.840026855469
2434.50756684093	776.919982910156
2436.72969857371	776.239990234375
2438.95117021699	776.599975585938
2441.17198204325	776.52001953125
2443.39213432478	775.799987792969
2445.61162733376	776.640014648438
2447.83046134218	776.080017089844
2450.04863662192	776.640014648438
2452.26615344468	776.400024414063
2454.48301208203	776.280029296875
2456.69921280539	776.359985351563
2458.91475588602	776.239990234375
2461.12964159504	776.159973144531
2463.34387020342	776.640014648438
2465.55744198198	776.320007324219
2467.77035720139	775.679992675781
2469.98261613217	776.559997558594
2472.1942190447	776.320007324219
2474.40516620922	775.919982910156
2476.6154578958	776
2478.82509437436	776.440002441406
2481.03407591471	776.400024414063
2483.24240278646	776.119995117188
2485.45007525911	776.679992675781
2487.65709360202	776.960021972656
2489.86345808435	776.640014648438
2492.06916897518	776.47998046875
2494.27422654339	776.52001953125
2496.47863105774	776.599975585938
2498.68238278683	776.039978027344
2500.88548199912	776.359985351563
2503.08792896294	776.559997558594
2505.28972394643	776.799987792969
2507.49086721763	776.359985351563
2509.6913590444	776.239990234375
2511.89119969447	776.47998046875
2514.09038943543	776.080017089844
2516.2889285347	776.880004882813
2518.48681725957	776.760009765625
2520.6840558772	776.119995117188
2522.88064465456	776.799987792969
2525.07658385852	776.359985351563
2527.27187375578	776.47998046875
2529.4665146129	776.159973144531
2531.66050669629	776.719970703125
2533.85385027222	776.280029296875
2536.04654560681	776.640014648438
2538.23859296605	776.559997558594
2540.42999261577	776.239990234375
2542.62074482166	776.039978027344
2544.81084984925	776.239990234375
2547.00030796395	776.52001953125
2549.18911943101	776.400024414063
2551.37728451555	776.359985351563
2553.56480348252	776.239990234375
2555.75167659675	776.159973144531
2557.93790412292	776.559997558594
2560.12348632556	776.960021972656
2562.30842346905	776.719970703125
2564.49271581764	776.159973144531
2566.67636363544	776.320007324219
2568.85936718639	776.799987792969
2571.04172673431	776.359985351563
2573.22344254288	776.679992675781
2575.40451487562	776.440002441406
2577.58494399591	776.880004882813
2579.76473016699	776.280029296875
2581.94387365196	775.760009765625
2584.12237471377	776.47998046875
2586.30023361523	776.080017089844
2588.47745061901	776.200012207031
2590.65402598763	776.320007324219
2592.82995998348	776.47998046875
2595.0052528688	776.559997558594
2597.17990490568	776.599975585938
2599.35391635608	776.239990234375
2601.52728748181	776.559997558594
2603.70001854454	776.760009765625
2605.8721098058	776.200012207031
2608.04356152698	776.559997558594
2610.21437396931	776.400024414063
2612.3845473939	776.960021972656
2614.55408206173	776.47998046875
2616.72297823359	777.039978027344
2618.89123617017	776.440002441406
2621.058856132	776.280029296875
2623.22583837949	776.719970703125
2625.39218317288	777.080017089844
2627.55789077229	777.159973144531
2629.72296143769	776.119995117188
2631.88739542891	776.400024414063
2634.05119300563	776.359985351563
2636.21435442742	776.080017089844
2638.37687995367	776.039978027344
2640.53876984365	776.440002441406
2642.70002435649	776.52001953125
2644.86064375119	777.080017089844
2647.02062828658	777.080017089844
2649.17997822137	776.880004882813
2651.33869381413	776.52001953125
2653.49677532328	776.200012207031
2655.65422300711	776.640014648438
2657.81103712378	777.080017089844
2659.96721793127	776.840026855469
2662.12276568747	777.239990234375
2664.2776806501	776.840026855469
2666.43196307675	776.47998046875
2668.58561322486	777.039978027344
2670.73863135176	776.599975585938
2672.8910177146	776.239990234375
2675.04277257043	776.679992675781
2677.19389617612	776.960021972656
2679.34438878845	777.280029296875
2681.49425066402	777.080017089844
2683.64348205931	776.640014648438
2685.79208323065	777.47998046875
2687.94005443425	776.840026855469
2690.08739592617	776.760009765625
2692.23410796233	777.239990234375
2694.38019079852	777.200012207031
2696.52564469038	777.039978027344
2698.67046989342	777.200012207031
2700.81466666302	777.359985351563
2702.9582352544	777.599975585938
2705.10117592265	777.799987792969
2707.24348892275	777.200012207031
2709.3851745095	777.159973144531
2711.5262329376	776.679992675781
2713.66666446158	777.52001953125
2715.80646933585	777.320007324219
2717.94564781468	778.039978027344
2720.08420015222	777.159973144531
2722.22212660245	777.799987792969
2724.35942741923	778.039978027344
2726.49610285628	778
2728.63215316721	777.239990234375
2730.76757860544	778.119995117188
2732.9023794243	777.52001953125
2735.03655587697	777.719970703125
2737.17010821648	778.400024414063
2739.30303669573	777.719970703125
2741.4353415675	777.47998046875
2743.56702308442	777.559997558594
2745.69808149898	777.559997558594
2747.82851706355	777.599975585938
2749.95833003034	778.280029296875
2752.08752065145	777.400024414063
2754.21608917883	777.440002441406
2756.3440358643	777.080017089844
2758.47136095954	777.919982910156
2760.59806471609	777.280029296875
2762.72414738537	777.440002441406
2764.84960921865	777.280029296875
2766.97445046708	777.159973144531
2769.09867138166	777.599975585938
2771.22227221326	777.719970703125
2773.34525321263	777.280029296875
2775.46761463035	777.440002441406
2777.58935671691	777.359985351563
2779.71047972262	777.239990234375
2781.83098389771	777.679992675781
2783.95086949221	777.559997558594
2786.07013675607	777.640014648438
2788.18878593908	777.280029296875
2790.3068172909	777.799987792969
2792.42423106106	778
2794.54102749895	777.400024414063
2796.65720685384	776.719970703125
2798.77276937486	777.559997558594
2800.88771531098	777.159973144531
2803.00204491107	777.760009765625
2805.11575842387	777.599975585938
2807.22885609796	777.320007324219
2809.34133818179	778
2811.4532049237	777.679992675781
2813.56445657189	777.679992675781
2815.6750933744	778.080017089844
2817.78511557916	778.239990234375
2819.89452343398	778.679992675781
2822.00331718652	778.640014648438
2824.11149708429	778.640014648438
2826.2190633747	778.320007324219
2828.32601630502	778.440002441406
2830.43235612237	778.239990234375
2832.53808307375	779.039978027344
2834.64319740603	779.559997558594
2836.74769936595	780.47998046875
2838.85158920011	781.159973144531
2840.95486715497	781.359985351563
2843.05753347689	781.359985351563
2845.15958841206	782.400024414063
2847.26103220657	784.080017089844
2849.36186510636	783.679992675781
2851.46208735724	784.799987792969
2853.56169920488	785.599975585938
2855.66070089485	784.919982910156
2857.75909267257	785.880004882813
2859.85687478332	786.719970703125
2861.95404747225	787.359985351563
2864.05061098439	789.080017089844
2866.14656556464	789.919982910156
2868.24191145777	790.679992675781
2870.3366489084	791.400024414063
2872.43077816104	792.280029296875
2874.52429946006	794
2876.61721304971	793.280029296875
2878.70951917409	792.559997558594
2880.8012180772	793.239990234375
2882.89231000287	793.919982910156
2884.98279519483	794.039978027344
2887.07267389667	794.239990234375
2889.16194635186	793.039978027344
2891.25061280373	794.280029296875
2893.33867349546	795.119995117188
2895.42612867015	795
2897.51297857074	794.52001953125
2899.59922344003	795.960021972656
2901.68486352071	796.640014648438
2903.76989905533	796.159973144531
2905.85433028632	798.760009765625
2907.93815745598	798.919982910156
2910.02138080648	799.960021972656
2912.10400057985	799.960021972656
2914.186017018	800.080017089844
2916.26743036271	802.359985351563
2918.34824085563	803.080017089844
2920.4284487383	805.159973144531
2922.5080542521	804.359985351563
2924.58705763829	805.960021972656
2926.66545913802	806.239990234375
2928.74325899231	806.119995117188
2930.82045744202	807.640014648438
2932.89705472792	806.840026855469
2934.97305109062	807.159973144531
2937.04844677063	809.880004882813
2939.12324200832	809.960021972656
2941.19743704393	808.679992675781
2943.27103211757	807.599975585938
2945.34402746923	806.799987792969
2947.41642333876	804.880004882813
2949.48821996592	802.559997558594
2951.55941759028	802.359985351563
2953.63001645135	802.320007324219
2955.70001678845	801.080017089844
2957.76941884083	800.840026855469
2959.83822284757	800.599975585938
2961.90642904764	798
2963.97403767988	799.440002441406
2966.04104898302	799.159973144531
2968.10746319565	798.239990234375
2970.17328055621	798.119995117188
2972.23850130305	797.119995117188
2974.30312567438	797.280029296875
2976.36715390829	796.760009765625
2978.43058624273	796.799987792969
2980.49342291553	795.799987792969
2982.55566416439	794.719970703125
2984.61731022691	795.239990234375
2986.67836134051	796.559997558594
2988.73881774255	796.200012207031
2990.79867967021	794.080017089844
2992.85794736058	792.960021972656
2994.9166210506	792.760009765625
2996.97470097711	791.440002441406
2999.03218737679	790.799987792969
3001.08908048622	790.440002441406
3003.14538054186	791.52001953125
3005.20108778002	791.280029296875
3007.25620243691	791.200012207031
3009.3107247486	790.239990234375
3011.36465495104	789.960021972656
3013.41799328004	789.200012207031
3015.47073997133	788.440002441406
3017.52289526045	788
3019.57445938288	788.039978027344
3021.62543257393	787.599975585938
3023.6758150688	788.880004882813
3025.72560710258	788.599975585938
3027.77480891021	789.679992675781
3029.82342072652	789.880004882813
3031.87144278622	789.159973144531
3033.91887532389	790
3035.96571857399	790.719970703125
3038.01197277084	790.760009765625
3040.05763814867	790.679992675781
3042.10271494154	791.840026855469
3044.14720338344	791
3046.19110370818	791.039978027344
3048.2344161495	791.919982910156
3050.27714094097	793.200012207031
3052.31927831608	792.880004882813
3054.36082850816	794.119995117188
3056.40179175044	793.440002441406
3058.44216827602	795.119995117188
3060.48195831786	794.840026855469
3062.52116210884	794.239990234375
3064.55977988167	793.400024414063
3066.59781186897	793.119995117188
3068.63525830322	795.599975585938
3070.67211941678	797.039978027344
3072.7083954419	796.840026855469
3074.7440866107	794.52001953125
3076.77919315516	795.840026855469
3078.81371530716	796.640014648438
3080.84765329846	796.280029296875
3082.88100736068	797.400024414063
3084.91377772534	795.559997558594
3086.94596462381	796.559997558594
3088.97756828737	797.47998046875
3091.00858894714	798.159973144531
3093.03902683417	798.640014648438
3095.06888217933	797.200012207031
3097.09815521342	798.640014648438
3099.12684616709	799.799987792969
3101.15495527087	799.880004882813
3103.18248275518	799.47998046875
3105.20942885031	802.239990234375
3107.23579378642	802.440002441406
3109.26157779358	800.359985351563
3111.28678110171	801.840026855469
3113.31140394062	804.039978027344
3115.33544654	805.559997558594
3117.35890912942	804.119995117188
3119.38179193832	804.919982910156
3121.40409519602	806.200012207031
3123.42581913174	806.320007324219
3125.44696397457	804.919982910156
3127.46752995345	806.080017089844
3129.48751729725	809.880004882813
3131.50692623469	809.320007324219
3133.52575699436	808.119995117188
3135.54400980476	811.159973144531
3137.56168489425	810.239990234375
3139.57878249108	809.599975585938
3141.59530282337	811.080017089844
3143.61124611913	811.039978027344
3145.62661260624	811.52001953125
3147.64140251247	811.359985351563
3149.65561606547	811.799987792969
3151.66925349277	812.960021972656
3153.68231502177	813.640014648438
3155.69480087977	815.47998046875
3157.70671129394	813.119995117188
3159.71804649132	817.200012207031
3161.72880669886	818.799987792969
3163.73899214336	817.400024414063
3165.74860305152	816.359985351563
3167.75763964991	816.159973144531
3169.766102165	816.640014648438
3171.77399082313	819.760009765625
3173.7813058505	820.200012207031
3175.78804747323	819.039978027344
3177.79421591731	819.280029296875
3179.79981140859	821.960021972656
3181.80483417282	822.760009765625
3183.80928443564	821.200012207031
3185.81316242255	824.280029296875
3187.81646835896	824.359985351563
3189.81920247013	822.559997558594
3191.82136498122	824.039978027344
3193.82295611727	826.440002441406
3195.82397610321	827.47998046875
3197.82442516385	827.719970703125
3199.82430352386	826.400024414063
3201.82361140782	825.599975585938
3203.82234904018	827.47998046875
3205.82051664529	827.359985351563
3207.81811444735	830.840026855469
3209.81514267047	829.200012207031
3211.81160153863	828.359985351563
3213.80749127571	828.400024414063
3215.80281210545	828.320007324219
3217.79756425148	829.239990234375
3219.79174793733	828.960021972656
3221.7853633864	826.919982910156
3223.77841082196	828.840026855469
3225.77089046719	830.559997558594
3227.76280254513	830.919982910156
3229.75414727873	830
3231.74492489081	833.400024414063
3233.73513560406	833.080017089844
3235.72477964107	830.400024414063
3237.71385722431	831.400024414063
3239.70236857614	835.799987792969
3241.6903139188	835.559997558594
3243.6776934744	833.080017089844
3245.66450746496	830.760009765625
3247.65075611237	833.239990234375
3249.63643963841	835.47998046875
3251.62155826472	834.159973144531
3253.60611221287	831.119995117188
3255.59010170428	829.719970703125
3257.57352696026	834.239990234375
3259.55638820202	835.960021972656
3261.53868565064	835.799987792969
3263.52041952708	836.400024414063
3265.50159005221	836.880004882813
3267.48219744676	833.679992675781
3269.46224193136	832.799987792969
3271.44172372651	834.400024414063
3273.42064305262	838.440002441406
3275.39900012996	838.039978027344
3277.3767951787	837.400024414063
3279.35402841889	834.080017089844
3281.33070007047	836.400024414063
3283.30681035326	837.919982910156
3285.28235948698	833.880004882813
3287.25734769121	836
3289.23177518544	835.159973144531
3291.20564218903	834.080017089844
3293.17894892124	831.159973144531
3295.1516956012	831.760009765625
3297.12388244795	835.719970703125
3299.09550968039	836.960021972656
3301.06657751732	839.039978027344
3303.03708617743	838.119995117188
3305.00703587929	836.840026855469
3306.97642684135	833.679992675781
3308.94525928196	835.200012207031
3310.91353341935	835.640014648438
3312.88124947164	835.280029296875
3314.84840765683	833.320007324219
3316.81500819282	835.159973144531
3318.78105129738	834.559997558594
3320.74653718818	834.679992675781
3322.71146608278	834.280029296875
3324.67583819861	832.599975585938
3326.639653753	833.400024414063
3328.60291296317	834.599975585938
3330.56561604621	835.47998046875
3332.52776321913	833.919982910156
3334.4893546988	834.400024414063
3336.45039070198	833.960021972656
3338.41087144533	832.440002441406
3340.37079714539	833.760009765625
3342.33016801859	831.760009765625
3344.28898428124	834.080017089844
3346.24724614955	835.919982910156
3348.20495383962	833.960021972656
3350.16210756742	831.799987792969
3352.11870754883	834.239990234375
3354.07475399961	832.080017089844
3356.03024713539	831.47998046875
3357.98518717173	832.119995117188
3359.93957432403	834.119995117188
3361.89340880761	833.359985351563
3363.84669083768	833.880004882813
3365.79942062933	830.799987792969
3367.75159839753	830.880004882813
3369.70322435715	832.359985351563
3371.65429872295	834.599975585938
3373.60482170957	835.080017089844
3375.55479353155	837.400024414063
3377.50421440332	835.280029296875
3379.45308453918	833.880004882813
3381.40140415335	834.280029296875
3383.34917345991	832.47998046875
3385.29639267284	833.760009765625
3387.24306200602	833.200012207031
3389.18918167321	835.719970703125
3391.13475188806	835.880004882813
3393.07977286411	835.280029296875
3395.02424481479	832.760009765625
3396.96816795342	833.840026855469
3398.91154249322	833.760009765625
3400.85436864728	835.440002441406
3402.79664662859	836.119995117188
3404.73837665004	835.679992675781
3406.67955892439	834.47998046875
3408.62019366432	834.159973144531
3410.56028108236	835.320007324219
3412.49982139096	836.679992675781
3414.43881480247	838.440002441406
3416.37726152909	835.840026855469
3418.31516178295	837.799987792969
3420.25251577605	836.799987792969
3422.18932372029	836.200012207031
3424.12558582746	835.640014648438
3426.06130230922	834.919982910156
3427.99647337717	832.239990234375
3429.93109924274	833.320007324219
3431.8651801173	831.039978027344
3433.79871621209	832.239990234375
3435.73170773824	831.559997558594
3437.66415490678	834.799987792969
3439.59605792862	833.799987792969
3441.52741701458	836.200012207031
3443.45823237536	835.799987792969
3445.38850422154	831.960021972656
3447.31823276362	830.880004882813
3449.24741821196	830.280029296875
3451.17606077684	827.799987792969
3453.10416066842	829.919982910156
3455.03171809674	831.760009765625
3456.95873327175	828.760009765625
3458.88520640329	829.039978027344
3460.81113770109	828.760009765625
3462.73652737477	827.159973144531
3464.66137563383	827.559997558594
3466.58568268769	827.400024414063
3468.50944874565	829.200012207031
3470.43267401689	830.280029296875
3472.3553587105	830.559997558594
3474.27750303545	830
3476.19910720062	822.960021972656
3478.12017141476	822.840026855469
3480.04069588654	823.840026855469
3481.9606808245	825.599975585938
3483.88012643707	827.280029296875
3485.79903293259	825.400024414063
3487.7174005193	823.280029296875
3489.63522940532	822.400024414063
3491.55251979864	818.679992675781
3493.46927190719	821.359985351563
3495.38548593877	821.400024414063
3497.30116210107	817.239990234375
3499.21630060167	816.880004882813
3501.13090164807	817.400024414063
3503.04496544763	814.760009765625
3504.95849220763	817.679992675781
3506.87148213523	818.52001953125
3508.78393543748	817.440002441406
3510.69585232134	818.320007324219
3512.60723299365	817.599975585938
3514.51807766116	816.440002441406
3516.42838653049	815.880004882813
3518.33815980819	813.559997558594
3520.24739770066	812.559997558594
3522.15610041423	811.919982910156
3524.06426815511	811.799987792969
3525.9719011294	811.359985351563
3527.87899954311	811.47998046875
3529.78556360213	810.880004882813
3531.69159351225	811.760009765625
3533.59708947916	810.159973144531
3535.50205170844	810.239990234375
3537.40648040556	811.400024414063
3539.3103757759	809.200012207031
3541.21373802472	806.880004882813
3543.11656735717	806.719970703125
3545.01886397833	805.080017089844
3546.92062809313	805.679992675781
3548.82185990643	807.359985351563
3550.72255962297	808.440002441406
3552.62272744738	804.440002441406
3554.5223635842	803.320007324219
3556.42146823786	802.200012207031
3558.32004161268	802.080017089844
3560.21808391289	799.960021972656
3562.11559534259	801.239990234375
3564.01257610581	800.320007324219
3565.90902640645	799.679992675781
3567.80494644831	799.559997558594
3569.7003364351	798.880004882813
3571.59519657042	799.119995117188
3573.48952705774	799.640014648438
3575.38332810048	799.47998046875
3577.27659990191	798.200012207031
3579.16934266521	799.679992675781
3581.06155659346	801.359985351563
3582.95324188965	798.159973144531
3584.84439875663	797.47998046875
3586.73502739718	797.320007324219
3588.62512801397	795.280029296875
3590.51470080955	796
3592.40374598639	796.440002441406
3594.29226374685	796.320007324219
3596.18025429317	795.359985351563
3598.06771782751	794.200012207031
3599.95465455192	793.52001953125
3601.84106466834	791.719970703125
3603.72694837861	792.919982910156
3605.61230588447	793.280029296875
3607.49713738756	793.359985351563
3609.38144308942	794
3611.26522319148	794.359985351563
3613.14847789506	792.400024414063
3615.0312074014	792
3616.91341191162	790.960021972656
3618.79509162674	789.599975585938
3620.67624674769	790.799987792969
3622.55687747528	790.159973144531
3624.43698401024	790.599975585938
3626.31656655317	790.840026855469
3628.1956253046	790.880004882813
3630.07416046492	789.880004882813
3631.95217223446	788.919982910156
3633.82966081342	789.159973144531
3635.70662640191	787.559997558594
3637.58306919993	787.200012207031
3639.45898940739	785.47998046875
3641.33438722409	786.400024414063
3643.20926284973	786.679992675781
3645.08361648392	786.080017089844
3646.95744832614	785.919982910156
3648.8307585758	785.880004882813
3650.7035474322	786.400024414063
3652.57581509452	785.039978027344
3654.44756176188	784.640014648438
3656.31878763324	785.760009765625
3658.18949290753	784.159973144531
3660.05967778352	784.280029296875
3661.9293424599	783.239990234375
3663.79848713527	783.47998046875
3665.66711200812	783.799987792969
3667.53521727684	782.280029296875
3669.40280313972	783.080017089844
3671.26986979494	781.799987792969
3673.13641744059	781.679992675781
3675.00244627468	780.159973144531
