-140.373595351881	773.280029296875
-137.335129063906	773.559997558594
-134.297686810867	773.960021972656
-131.261268103955	773.640014648438
-128.225872454677	773.440002441406
-125.191499374839	773.559997558594
-122.158148376567	773.52001953125
-119.125818972292	773.200012207031
-116.094510674759	773.320007324219
-113.064222997021	773.320007324219
-110.034955452443	773.359985351563
-107.006707554687	773.799987792969
-103.979478817741	773.400024414063
-100.95326875589	773.679992675781
-97.928076883731	773.359985351563
-94.9039027161698	773.47998046875
-91.8807457684175	773.400024414063
-88.8586055560018	773.559997558594
-85.8374815947384	773.760009765625
-82.8173734007715	773.280029296875
-79.7982804905411	773.47998046875
-76.7802023807988	773.719970703125
-73.7631385885914	773.119995117188
-70.7470886312892	773.559997558594
-67.732052026553	773.599975585938
-64.7180282923587	773.47998046875
-61.7050169469884	773.119995117188
-58.6930175090183	773.599975585938
-55.6820294973386	773.52001953125
-52.6720524311495	773.239990234375
-49.66308582994	773.52001953125
-46.6551292135171	773.640014648438
-43.6481821019882	773.400024414063
-40.6422440157577	773.440002441406
-37.6373144755424	773.440002441406
-34.6333930023594	773.440002441406
-31.630479117526	773.52001953125
-28.6285723426709	773.039978027344
-25.6276721997107	773.47998046875
-22.6277782108771	773.760009765625
-19.628889898701	773.359985351563
-16.6310067860081	773.719970703125
-13.6341283959385	775.52001953125
-10.6382542519231	782.119995117188
-7.64338387769432	808.599975585938
-4.64951679729502	849.359985351563
-1.65665253506141	849.400024414063
1.33520938438089	822.400024414063
4.32606943608095	784.599975585938
7.315928094803	774.239990234375
10.3047858350146	773.760009765625
13.2926431308747	773.760009765625
16.2795004562541	773.280029296875
19.2653582847118	773.52001953125
22.2502170895187	773.440002441406
25.2340773436344	773.559997558594
28.216939519735	773.52001953125
31.1988040901939	773
34.1796715270814	773.400024414063
37.1595423021732	773.840026855469
40.1384168869468	773.080017089844
43.1162957525854	773.47998046875
46.0931793699786	773.039978027344
49.0690682097059	773.359985351563
52.0439627420619	773.599975585938
55.0178634370476	773.119995117188
57.9907707643592	773.719970703125
60.9626851933962	773.719970703125
63.9336071932735	773.359985351563
66.9035372328018	773.47998046875
69.8724757804959	773.200012207031
72.8404233045826	773.799987792969
75.8073802729932	773.359985351563
78.7733471533597	773.200012207031
81.738324413019	773.280029296875
84.702312519025	773.440002441406
87.665311938125	773.239990234375
90.6273231367761	773.640014648438
93.5883465811569	773.719970703125
96.5483827371242	773.52001953125
99.5074320702731	773.599975585938
102.465495045889	773.039978027344
105.422572128961	773.200012207031
108.378663784199	773.080017089844
111.333770476014	773.47998046875
114.287892668528	773.640014648438
117.24103082557	773.640014648438
120.193185410674	773.679992675781
123.144356887097	773.840026855469
126.094545717786	773.799987792969
129.043752365413	773.52001953125
131.991977292355	774.159973144531
134.939220960695	774.400024414063
137.885483832232	775.039978027344
140.83076636847	775.320007324219
143.775069030632	775.280029296875
146.718392279644	775.47998046875
149.660736576149	776.47998046875
152.602102380488	776.599975585938
155.54249015274	777
158.481900352672	777.280029296875
161.420333439765	777.599975585938
164.357789873227	778.559997558594
167.294270111968	778.679992675781
170.229774614617	779.52001953125
173.164303839496	779.719970703125
176.097858244675	780.159973144531
179.030438287908	780.640014648438
181.962044426678	781.960021972656
184.89267711817	782.280029296875
187.822336819302	783
190.751023986678	782.719970703125
193.678739076648	783.679992675781
196.605482545255	783.960021972656
199.531254848261	784.239990234375
202.456056441152	783.52001953125
205.379887779119	784.039978027344
208.30274931708	784.159973144531
211.224641509656	784
214.145564811189	784.47998046875
217.06551967574	784.320007324219
219.984506557089	784.679992675781
222.902525908723	784.440002441406
225.819578183856	785.080017089844
228.735663835415	785.159973144531
231.650783316047	784.52001953125
234.564937078107	784.200012207031
237.478125573679	783.960021972656
240.390349254566	784.320007324219
243.301608572278	784.159973144531
246.211903978051	784.640014648438
249.121235922839	785.960021972656
252.029604857321	785.52001953125
254.93701123188	785.400024414063
257.843455496632	787.039978027344
260.748938101415	786.679992675781
263.653459495766	787.440002441406
266.557020128967	788.320007324219
269.459620450005	788.640014648438
272.361260907595	788.52001953125
275.261941950168	788.679992675781
278.161664025874	788.599975585938
281.060427582592	789.239990234375
283.958233067921	788.880004882813
286.855080929176	788.440002441406
289.750971613398	788.239990234375
292.645905567344	788.840026855469
295.539883237503	788.280029296875
298.432905070079	786.960021972656
301.324971511007	787.52001953125
304.216083005931	788.559997558594
307.10624000023	789.559997558594
309.995442939003	793.119995117188
312.883692267071	796.599975585938
315.770988428979	804.239990234375
318.657331869	812
321.542723031127	816.200012207031
324.427162359076	814.200012207031
327.310650296293	805.919982910156
330.193187285945	798.559997558594
333.074773770929	793.320007324219
335.955410193855	789.919982910156
338.835096997075	788.719970703125
341.713834622655	788.599975585938
344.59162351239	787.239990234375
347.468464107802	786.919982910156
350.344356850137	786.679992675781
353.219302180373	787.47998046875
356.093300539208	786.919982910156
358.966352367073	786.840026855469
361.838458104123	786.919982910156
364.70961819024	786.039978027344
367.579833065031	785.400024414063
370.449103167837	786
373.317428937727	786.440002441406
376.184810813496	785.840026855469
379.051249233659	785.640014648438
381.916744636474	786
384.78129745992	786.280029296875
387.644908141706	786.119995117188
390.50757711927	785.559997558594
393.36930482978	785.47998046875
396.23009171014	786.280029296875
399.089938196969	785.840026855469
401.948844726631	786.320007324219
404.806811735214	786.440002441406
407.66383965853	786.640014648438
410.519928932138	785.359985351563
413.375079991314	785.320007324219
416.229293271071	786.039978027344
419.082569206155	785.559997558594
421.934908231031	785.599975585938
424.786310779917	785.799987792969
427.636777286748	785.359985351563
430.486308185189	786
433.334903908649	785.599975585938
436.182564890262	786.320007324219
439.029291562898	786.400024414063
441.875084359157	785.840026855469
444.719943711374	786.200012207031
447.563870051618	786.559997558594
450.406863811695	786.52001953125
453.248925423132	785.239990234375
456.090055317208	785.840026855469
458.93025392492	785.359985351563
461.76952167701	785.47998046875
464.60785900395	785.440002441406
467.44526633595	785.080017089844
470.281744102955	786.039978027344
473.117292734635	785.719970703125
475.951912660415	785.919982910156
478.785604309439	784.960021972656
481.618368110592	786.359985351563
484.450204492499	786
487.281113883518	785.400024414063
490.111096711738	785.440002441406
492.940153404999	785.320007324219
495.768284390864	786.080017089844
498.595490096635	785.719970703125
501.421770949366	786.119995117188
504.247127375825	786.840026855469
507.071559802537	786.239990234375
509.89506865575	785.359985351563
512.717654361473	785.719970703125
515.539317345424	785.880004882813
518.360058033083	785.760009765625
521.179876849652	785.679992675781
523.998774220083	785.640014648438
526.816750569068	785.880004882813
529.633806321025	786.559997558594
532.44994190013	786.559997558594
535.265157730284	786.760009765625
538.079454235133	785.400024414063
540.892831838066	785.359985351563
543.705290962208	785.840026855469
546.516832030424	786.799987792969
549.32745546533	786.760009765625
552.137161689268	786.200012207031
554.945951124325	785.239990234375
557.753824192341	784.840026855469
560.560781314883	785.200012207031
563.36682291327	786.200012207031
566.171949408555	785.159973144531
568.976161221537	784.760009765625
571.779458772759	785.880004882813
574.5818424825	785.47998046875
577.383312770792	785.239990234375
580.183870057402	785.760009765625
582.983514761843	786.52001953125
585.782247303363	786.239990234375
588.580068100976	785.599975585938
591.376977573414	786.679992675781
594.172976139164	785.320007324219
596.968064216463	785.559997558594
599.762242223282	785
602.555510577335	785.52001953125
605.347869696099	784.840026855469
608.139319996771	785.200012207031
610.929861896313	785.280029296875
613.719495811421	785.200012207031
616.508222158541	785.080017089844
619.296041353863	784.440002441406
622.082953813324	785.280029296875
624.868959952607	785.599975585938
627.654060187137	785.080017089844
630.438254932094	784.960021972656
633.221544602397	785.52001953125
636.003929612719	785.440002441406
638.785410377468	785.760009765625
641.565987310814	785.280029296875
644.345660826665	785.400024414063
647.124431338674	785.719970703125
649.902299260252	784.919982910156
652.679265004552	785.359985351563
655.455328984475	784.960021972656
658.230491612671	785.200012207031
661.004753301541	785.799987792969
663.778114463229	785.320007324219
666.550575509631	786.799987792969
669.322136852395	785.679992675781
672.092798902916	785.760009765625
674.862562072336	785.640014648438
677.631426771548	785.359985351563
680.399393411204	785.119995117188
683.166462401689	785.960021972656
685.93263415315	785.799987792969
688.697909075486	785.679992675781
691.462287578337	785.719970703125
694.225770071098	784.840026855469
696.988356962926	785.359985351563
699.750048662705	784.960021972656
702.5108455791	785.919982910156
705.270748120503	785.080017089844
708.029756695068	785.760009765625
710.787871710705	785.320007324219
713.545093575065	785.52001953125
716.301422695566	785.640014648438
719.056859479364	785.799987792969
721.811404333376	785.679992675781
724.56505766427	785.840026855469
727.317819878473	785.760009765625
730.069691382148	784.440002441406
732.820672581226	785.440002441406
735.570763881396	785.400024414063
738.319965688092	786.039978027344
741.068278406496	785.559997558594
743.815702441559	786.440002441406
746.562238197974	785.640014648438
749.307886080196	785.719970703125
752.052646492436	785.559997558594
754.796519838656	785.799987792969
757.539506522567	785.919982910156
760.28160694765	786.159973144531
763.022821517128	786.359985351563
765.76315063399	786.159973144531
768.502594700972	785.919982910156
771.241154120572	785.919982910156
773.978829295045	786.200012207031
776.715620626397	786.719970703125
779.451528516396	786.359985351563
782.186553366565	787.400024414063
784.920695578179	787.880004882813
787.653955552283	787.799987792969
790.386333689662	786.960021972656
793.117830390877	786.599975585938
795.848446056227	786.280029296875
798.578181085792	786.440002441406
801.307035879389	786
804.035010836599	785.200012207031
806.762106356774	786.280029296875
809.488322839013	786
812.213660682169	785.880004882813
814.938120284866	785.039978027344
817.661702045482	786
820.384406362153	785.599975585938
823.10623363278	785.47998046875
825.827184255014	786.840026855469
828.547258626283	785.960021972656
831.266457143747	785.400024414063
833.984780204358	786.400024414063
836.702228204804	785.840026855469
839.418801541552	786.359985351563
842.134500610814	786.799987792969
844.849325808575	786.440002441406
847.563277530579	785.400024414063
850.276356172319	785.679992675781
852.988562129066	786.320007324219
855.69989579585	785.840026855469
858.410357567456	785.760009765625
861.119947838428	785.679992675781
863.828667003087	785.119995117188
866.536515455503	785.960021972656
869.243493589517	785.080017089844
871.949601798728	785.47998046875
874.654840476504	785.880004882813
877.359210015961	784.679992675781
880.062710810003	785.47998046875
882.765343251273	786.239990234375
885.467107732191	786.280029296875
888.168004644938	786.320007324219
890.868034381467	785.679992675781
893.567197333476	785.52001953125
896.265493892445	786.359985351563
898.962924449614	785.320007324219
901.659489395985	785.679992675781
904.355189122325	785.760009765625
907.050024019165	785.280029296875
909.743994476809	785.039978027344
912.437100885322	785.280029296875
915.129343634532	785.679992675781
917.820723114032	786
920.511239713189	785.760009765625
923.200893821127	785
925.889685826744	786.080017089844
928.577616118699	785.679992675781
931.264685085419	786.080017089844
933.950893115098	786.440002441406
936.6362405957	785.719970703125
939.320727914956	786.239990234375
942.004355460359	786.440002441406
944.687123619173	785.840026855469
947.369032778431	784.960021972656
950.050083324934	786
952.730275645247	785.359985351563
955.409610125711	786.52001953125
958.088087152423	786.119995117188
960.765707111263	785.799987792969
963.442470387871	786.159973144531
966.118377367657	785.799987792969
968.793428435798	786.119995117188
971.467623977254	785.280029296875
974.140964376739	785.119995117188
976.813450018737	785.880004882813
979.485081287511	786.119995117188
982.155858567087	785.159973144531
984.825782241271	784.52001953125
987.494852693624	785.239990234375
990.163070307487	785.719970703125
992.830435465978	784.840026855469
995.496948551973	785.840026855469
998.162609948122	786.960021972656
1000.82742003685	787.440002441406
1003.49137920036	788.679992675781
1006.15448782061	787.559997558594
1008.81674627934	787.880004882813
1011.47815495806	785.640014648438
1014.13871423805	785.47998046875
1016.79842450037	785.039978027344
1019.45728612586	784.559997558594
1022.11529949509	784.799987792969
1024.77246498846	784.320007324219
1027.4287829861	785.559997558594
1030.08425386792	785.559997558594
1032.73887801363	786
1035.3926558027	784.559997558594
1038.04558761435	784.159973144531
1040.69767382761	785.159973144531
1043.34891482125	784.960021972656
1045.99931097384	785.200012207031
1048.64886266371	785.359985351563
1051.29757026898	785.080017089844
1053.94543416753	785.080017089844
1056.59245473701	786.119995117188
1059.23863235486	785.640014648438
1061.8839673983	786.119995117188
1064.5284602443	785.880004882813
1067.17211126962	785.239990234375
1069.8149208508	785.119995117188
1072.45688936415	785.119995117188
1075.09801718577	786
1077.7383046915	785
1080.377752257	786
1083.01636025767	785.799987792969
1085.65412906872	785.320007324219
1088.2910590651	786.280029296875
1090.92715062157	786.559997558594
1093.56240411266	785.47998046875
1096.19681991265	786
1098.83039839564	785.719970703125
1101.46313993547	785.719970703125
1104.09504490579	785.719970703125
1106.72611368	786.280029296875
1109.35634663129	786.080017089844
1111.98574413263	784.960021972656
1114.61430655677	785.320007324219
1117.24203427624	784.280029296875
1119.86892766333	785.47998046875
1122.49498709014	784.559997558594
1125.12021292851	785.880004882813
1127.74460555011	784.559997558594
1130.36816532634	784.559997558594
1132.99089262841	785.359985351563
1135.6127878273	784.679992675781
1138.23385129376	784.200012207031
1140.85408339834	783.719970703125
1143.47348451137	783.52001953125
1146.09205500294	783.799987792969
1148.70979524293	783.47998046875
1151.326705601	784.280029296875
1153.9427864466	783.719970703125
1156.55803814896	783.840026855469
1159.17246107707	785.119995117188
1161.78605559974	784.080017089844
1164.39882208551	784.640014648438
1167.01076090276	783.960021972656
1169.6218724196	784.280029296875
1172.23215700396	784.119995117188
1174.84161502352	785.200012207031
1177.45024684578	783.599975585938
1180.05805283799	783.679992675781
1182.66503336719	784.47998046875
1185.27118880021	784.559997558594
1187.87651950367	784.640014648438
1190.48102584395	783.919982910156
1193.08470818723	783.280029296875
1195.68756689948	784.239990234375
1198.28960234643	784.840026855469
1200.89081489363	784.239990234375
1203.49120490636	784.880004882813
1206.09077274974	785.599975585938
1208.68951878864	784
1211.28744338773	785.599975585938
1213.88454691145	785.080017089844
1216.48082972404	785.760009765625
1219.07629218953	786.47998046875
1221.6709346717	785.52001953125
1224.26475753416	786
1226.85776114028	785.960021972656
1229.44994585322	785.919982910156
1232.04131203592	787.039978027344
1234.63186005112	787.239990234375
1237.22159026133	787.880004882813
1239.81050302886	787.359985351563
1242.3985987158	787.599975585938
1244.98587768402	787.840026855469
1247.5723402952	788.159973144531
1250.15798691078	788.039978027344
1252.74281789199	787.679992675781
1255.32683359987	788.880004882813
1257.91003439523	788.119995117188
1260.49242063865	788.440002441406
1263.07399269055	788.320007324219
1265.65475091108	788.239990234375
1268.23469566021	787.280029296875
1270.81382729769	786.200012207031
1273.39214618306	786.880004882813
1275.96965267566	787.080017089844
1278.54634713458	785.960021972656
1281.12222991875	786.440002441406
1283.69730138685	786.200012207031
1286.27156189737	787.119995117188
1288.84501180858	786.239990234375
1291.41765147853	786.799987792969
1293.98948126509	787.679992675781
1296.56050152589	787
1299.13071261837	787.280029296875
1301.70011489973	787.200012207031
1304.268708727	787.239990234375
1306.83649445698	788.440002441406
1309.40347244625	788.359985351563
1311.96964305119	787.599975585938
1314.53500662799	788.440002441406
1317.0995635326	788.760009765625
1319.66331412077	788.039978027344
1322.22625874806	788.159973144531
1324.7883977698	788.640014648438
1327.34973154112	787.919982910156
1329.91026041694	788.200012207031
1332.46998475197	787.039978027344
1335.0289049007	787.52001953125
1337.58702121746	789.239990234375
1340.14433405631	788.52001953125
1342.70084377115	787.239990234375
1345.25655071563	787.799987792969
1347.81145524323	787.080017089844
1350.36555770721	787.119995117188
1352.91885846062	785.320007324219
1355.47135785631	785.880004882813
1358.02305624691	785.880004882813
1360.57395398486	786.200012207031
1363.12405142237	785.119995117188
1365.67334891148	784.679992675781
1368.22184680399	784.679992675781
1370.76954545151	784.280029296875
1373.31644520545	784.960021972656
1375.86254641699	785.159973144531
1378.40784943713	784.400024414063
1380.95235461666	784.599975585938
1383.49606230615	784.119995117188
1386.03897285598	785.440002441406
1388.58108661632	784.47998046875
1391.12240393713	784.880004882813
1393.66292516818	784.840026855469
1396.20265065903	784.47998046875
1398.74158075901	784.880004882813
1401.2797158173	784.760009765625
1403.81705618282	784.880004882813
1406.35360220431	785.080017089844
1408.88935423032	784.559997558594
1411.42431260919	784.840026855469
1413.95847768903	784.320007324219
1416.49184981777	784.719970703125
1419.02442934314	784.640014648438
1421.55621661266	784.320007324219
1424.08721197364	784.640014648438
1426.61741577321	784.47998046875
1429.14682835828	783.919982910156
1431.67545007555	784.640014648438
1434.20328127153	785.559997558594
1436.73032229253	785.320007324219
1439.25657348466	786
1441.78203519381	787.440002441406
1444.3067077657	787.119995117188
1446.83059154581	787.919982910156
1449.35368687944	788.440002441406
1451.8759941117	788.679992675781
1454.39751358748	788.599975585938
1456.91824565148	787.080017089844
1459.43819064818	787.919982910156
1461.95734892189	787.880004882813
1464.4757208167	787
1466.99330667649	787.280029296875
1469.51010684497	786.320007324219
1472.02612166564	786.400024414063
1474.54135148177	786
1477.05579663646	785
1479.56945747262	784.919982910156
1482.08233433293	784.599975585938
1484.59442755989	784.320007324219
1487.10573749579	784.679992675781
1489.61626448275	783.640014648438
1492.12600886264	784.039978027344
1494.63497097718	782.880004882813
1497.14315116786	782.679992675781
1499.65054977599	782.47998046875
1502.15716714267	781.719970703125
1504.66300360881	781.719970703125
1507.16805951512	781.559997558594
1509.67233520211	782.080017089844
1512.1758310101	782.039978027344
1514.67854727919	782.320007324219
1517.18048434931	781.559997558594
1519.68164256018	781.880004882813
1522.18202225132	781.320007324219
1524.68162376207	781.320007324219
1527.18044743155	781.400024414063
1529.67849359869	781.559997558594
1532.17576260224	781.52001953125
1534.67225478072	782.039978027344
1537.1679704725	782.119995117188
1539.66291001572	781.679992675781
1542.15707374832	781.719970703125
1544.65046200807	781.599975585938
1547.14307513254	781.840026855469
1549.63491345907	781.880004882813
1552.12597732485	782.52001953125
1554.61626706685	782.559997558594
1557.10578302185	782.52001953125
1559.59452552644	782.760009765625
1562.082494917	783.159973144531
1564.56969152973	782.840026855469
1567.05611570064	783.52001953125
1569.54176776552	783.159973144531
1572.02664806	784.159973144531
1574.51075691949	784.880004882813
1576.99409467921	784.52001953125
1579.4766616742	784.159973144531
1581.95845823929	784.47998046875
1584.43948470912	783.52001953125
1586.91974141815	783.880004882813
1589.39922870064	783.679992675781
1591.87794689064	784.359985351563
1594.35589632202	783.599975585938
1596.83307732848	783.200012207031
1599.30949024348	783.159973144531
1601.78513540033	783.960021972656
1604.26001313211	784.119995117188
1606.73412377175	784.640014648438
1609.20746765196	784.880004882813
1611.68004510526	785.200012207031
1614.15185646398	784.719970703125
1616.62290206026	785.47998046875
1619.09318222605	784.719970703125
1621.56269729311	785.320007324219
1624.031447593	784.880004882813
1626.4994334571	784.880004882813
1628.9666552166	784.47998046875
1631.43311320248	785.159973144531
1633.89880774554	785.280029296875
1636.3637391764	785.919982910156
1638.82790782548	785.52001953125
1641.29131402301	786.320007324219
1643.75395809903	787.159973144531
1646.21584038339	787.039978027344
1648.67696120575	787.320007324219
1651.13732089558	787.760009765625
1653.59691978216	787.880004882813
1656.05575819459	788.159973144531
1658.51383646175	787.760009765625
1660.97115491238	788.359985351563
1663.42771387498	787.679992675781
1665.8835136779	787.960021972656
1668.33855464928	787.880004882813
1670.79283711708	787.359985351563
1673.24636140907	787.359985351563
1675.69912785282	786.799987792969
1678.15113677572	786.440002441406
1680.602388505	784.799987792969
1683.05288336764	784.960021972656
1685.50262169049	784.239990234375
1687.95160380019	784.280029296875
1690.39983002318	783.799987792969
1692.84730068573	782.799987792969
1695.29401611392	783.039978027344
1697.73997663364	781.919982910156
1700.18518257059	782.119995117188
1702.6296342503	781.400024414063
1705.07333199807	781.039978027344
1707.51627613907	781.159973144531
1709.95846699824	780.599975585938
1712.39990490036	780.47998046875
1714.84059017001	781.039978027344
1717.28052313159	779.880004882813
1719.7197041093	780.239990234375
1722.15813342718	780.039978027344
1724.59581140906	779.960021972656
1727.03273837859	779.760009765625
1729.46891465926	779.440002441406
1731.90434057432	779.799987792969
1734.3390164469	779.640014648438
1736.7729425999	779.400024414063
1739.20611935604	779.400024414063
1741.63854703787	779.039978027344
1744.07022596776	779.47998046875
1746.50115646787	779
1748.93133886019	779.320007324219
1751.36077346652	778.919982910156
1753.7894606085	778.719970703125
1756.21740060755	778.359985351563
1758.64459378494	778.440002441406
1761.07104046172	778.679992675781
1763.49674095879	778.599975585938
1765.92169559684	779.080017089844
1768.3459046964	778.320007324219
1770.7693685778	778.47998046875
1773.1920875612	778.440002441406
1775.61406196656	778.719970703125
1778.03529211367	778.799987792969
1780.45577832214	778.239990234375
1782.87552091138	778.679992675781
1785.29452020064	778.239990234375
1787.71277650897	778.799987792969
1790.13029015525	778
1792.54706145817	778.039978027344
1794.96309073625	778.359985351563
1797.3783783078	778.52001953125
1799.79292449097	778.159973144531
1802.20672960375	778.440002441406
1804.61979396389	778.200012207031
1807.03211788902	778.640014648438
1809.44370169655	778.52001953125
1811.85454570373	778.400024414063
1814.2646502276	778.119995117188
1816.67401558506	778
1819.0826420928	778.280029296875
1821.49053006734	778.320007324219
1823.89767982501	778.440002441406
1826.30409168198	777.919982910156
1828.70976595422	778
1831.11470295753	777.960021972656
1833.51890300752	777.47998046875
1835.92236641964	778.440002441406
1838.32509350914	778.200012207031
1840.72708459111	778.52001953125
1843.12833998044	778.200012207031
1845.52885999184	778.119995117188
1847.92864493987	778.239990234375
1850.32769513889	778.559997558594
1852.72601090307	777.760009765625
1855.12359254642	778.119995117188
1857.52044038278	777.919982910156
1859.91655472578	778.280029296875
1862.31193588889	778.239990234375
1864.70658418542	777.679992675781
1867.10049992847	777.679992675781
1869.49368343096	778.320007324219
1871.88613500568	777.52001953125
1874.27785496518	778.200012207031
1876.66884362188	777.840026855469
1879.059101288	777.960021972656
1881.44862827559	778
1883.8374248965	777.880004882813
1886.22549146246	778.080017089844
1888.61282828495	778.280029296875
1890.99943567534	777.719970703125
1893.38531394477	777.840026855469
1895.77046340424	778.400024414063
1898.15488436455	778.280029296875
1900.53857713634	778.039978027344
1902.92154203006	778.47998046875
1905.303779356	777.640014648438
1907.68528942426	777.280029296875
1910.06607254477	777.719970703125
1912.44612902729	778
1914.82545918139	777.719970703125
1917.20406331648	777.440002441406
1919.58194174178	778
1921.95909476634	778.599975585938
1924.33552269905	777.599975585938
1926.71122584861	777.200012207031
1929.08620452353	777.679992675781
1931.46045903219	777.679992675781
1933.83398968275	777.280029296875
1936.20679678322	777.840026855469
1938.57888064142	778
1940.95024156502	777.840026855469
1943.3208798615	778.280029296875
1945.69079583816	778.200012207031
1948.05998980213	777.719970703125
1950.42846206038	777.799987792969
1952.79621291969	778.559997558594
1955.16324268668	777.320007324219
1957.52955166778	778
1959.89514016927	777.719970703125
1962.26000849723	777.840026855469
1964.62415695759	777.919982910156
1966.98758585609	777.840026855469
1969.3502954983	778.799987792969
1971.71228618964	777.760009765625
1974.07355823532	777.359985351563
1976.43411194042	777.799987792969
1978.79394760981	777.719970703125
1981.1530655482	777.840026855469
1983.51146606014	778.200012207031
1985.86914944999	778.47998046875
1988.22611602196	777.880004882813
1990.58236608007	777.840026855469
1992.93789992817	777.640014648438
1995.29271786995	778.080017089844
1997.64682020892	777.440002441406
2000.00020724843	777.760009765625
2002.35287929162	777.760009765625
2004.70483664152	778.559997558594
2007.05607960095	777.880004882813
2009.40660847256	777.840026855469
2011.75642355884	777.840026855469
2014.1055251621	777.880004882813
2016.4539135845	778.52001953125
2018.80158912802	777.52001953125
2021.14855209444	777.679992675781
2023.49480278542	778
2025.84034150242	777.760009765625
2028.18516854673	777.640014648438
2030.52928421948	777.840026855469
2032.87268882163	777.679992675781
2035.21538265398	777.919982910156
2037.55736601713	778.039978027344
2039.89863921153	778.200012207031
2042.23920253747	778.320007324219
2044.57905629506	778.919982910156
2046.91820078425	778.52001953125
2049.2566363048	777.47998046875
2051.59436315633	778.400024414063
2053.93138163827	778.440002441406
2056.2676920499	778.080017089844
2058.6032946903	778.52001953125
2060.93818985843	778.640014648438
2063.27237785303	778.239990234375
2065.60585897272	778.119995117188
2067.93863351592	777.760009765625
2070.27070178089	778.200012207031
2072.60206406574	777.640014648438
2074.93272066838	777.960021972656
2077.26267188658	777.599975585938
2079.59191801793	778.559997558594
2081.92045935985	778.359985351563
2084.24829620962	778.359985351563
2086.57542886431	779.080017089844
2088.90185762087	778.599975585938
2091.22758277604	777.799987792969
2093.55260462643	778.239990234375
2095.87692346845	778.280029296875
2098.20053959837	778.640014648438
2100.52345331229	778.280029296875
2102.84566490614	778.119995117188
2105.16717467567	778.080017089844
2107.48798291649	777.640014648438
2109.80808992403	778.400024414063
2112.12749599355	778.599975585938
2114.44620142016	777.919982910156
2116.7642064988	778.599975585938
2119.08151152423	778.640014648438
2121.39811679106	777.840026855469
2123.71402259374	778.359985351563
2126.02922922653	777.919982910156
2128.34373698356	777.960021972656
2130.65754615876	778.280029296875
2132.97065704594	777.919982910156
2135.28306993869	778.400024414063
2137.59478513047	778.200012207031
2139.90580291459	778.919982910156
2142.21612358416	778.320007324219
2144.52574743214	779.039978027344
2146.83467475134	778.799987792969
2149.1429058344	778.119995117188
2151.45044097377	778.280029296875
2153.75728046178	778.599975585938
2156.06342459057	777.960021972656
2158.36887365212	778.200012207031
2160.67362793825	778.080017089844
2162.97768774061	778.159973144531
2165.28105335071	778.080017089844
2167.58372505987	778.159973144531
2169.88570315926	778.47998046875
2172.18698793988	778.080017089844
2174.48757969258	778
2176.78747870805	777.880004882813
2179.08668527679	778.640014648438
2181.38519968917	779.039978027344
2183.68302223538	778
2185.98015320547	777.799987792969
2188.27659288929	778.559997558594
2190.57234157656	777.960021972656
2192.86739955682	777.880004882813
2195.16176711948	777.599975585938
2197.45544455375	778.359985351563
2199.74843214869	777.719970703125
2202.04073019322	777.52001953125
2204.33233897607	777.760009765625
2206.62325878583	777.719970703125
2208.91348991093	777.640014648438
2211.20303263961	777.640014648438
2213.49188726	778.159973144531
2215.78005406001	777.679992675781
2218.06753332744	778.119995117188
2220.35432534991	777.840026855469
2222.64043041487	777.280029296875
2224.92584880964	776.919982910156
2227.21058082134	777.559997558594
2229.49462673696	778.159973144531
2231.77798684332	778.200012207031
2234.06066142709	777.559997558594
2236.34265077477	777.280029296875
2238.62395517269	777.440002441406
2240.90457490706	777.119995117188
2243.18451026388	777.080017089844
2245.46376152904	777.679992675781
2247.74232898823	778.039978027344
2250.02021292701	777.52001953125
2252.29741363077	777.960021972656
2254.57393138475	777.200012207031
2256.849766474	777.52001953125
2259.12491918346	777.239990234375
2261.39938979788	777.400024414063
2263.67317860185	777.52001953125
2265.94628587983	777.919982910156
2268.2187119161	777.400024414063
2270.49045699478	776.960021972656
2272.76152139985	777.400024414063
2275.03190541511	777.679992675781
2277.30160932421	777.840026855469
2279.57063341067	777.200012207031
2281.83897795781	777.239990234375
2284.10664324882	777.359985351563
2286.37362956672	777.960021972656
2288.63993719439	777
2290.90556641454	777.400024414063
2293.17051750973	777.119995117188
2295.43479076235	777.280029296875
2297.69838645465	777.880004882813
2299.96130486871	777.47998046875
2302.22354628647	777.559997558594
2304.48511098971	777.799987792969
2306.74599926003	777.359985351563
2309.00621137891	776.960021972656
2311.26574762765	777.640014648438
2313.52460828741	777.119995117188
2315.78279363917	777.039978027344
2318.04030396379	777.440002441406
2320.29713954195	777.440002441406
2322.55330065418	776.640014648438
2324.80878758085	777.440002441406
2327.06360060219	777.52001953125
2329.31773999826	776.880004882813
2331.57120604897	777.119995117188
2333.82399903409	776.679992675781
2336.0761192332	776.960021972656
2338.32756692577	777.47998046875
2340.57834239108	777.47998046875
2342.82844590827	777.239990234375
2345.07787775633	776.640014648438
2347.32663821409	776.880004882813
2349.57472756023	777.320007324219
2351.82214607327	777.400024414063
2354.06889403158	776.440002441406
2356.31497171337	776.960021972656
2358.56037939672	776.760009765625
2360.80511735953	776.679992675781
2363.04918587955	777.440002441406
2365.29258523439	777.239990234375
2367.5353157015	777.080017089844
2369.77737755817	777.039978027344
2372.01877108156	777.159973144531
2374.25949654865	777.52001953125
2376.49955423629	776.440002441406
2378.73894442115	776.679992675781
2380.97766737977	776.599975585938
2383.21572338855	777.039978027344
2385.45311272369	777.159973144531
2387.68983566129	776.799987792969
2389.92589247727	776.559997558594
2392.1612834474	777
2394.39600884731	777.200012207031
2396.63006895246	776.559997558594
2398.86346403818	776.760009765625
2401.09619437962	776.559997558594
2403.32826025182	776.559997558594
2405.55966192963	776.359985351563
2407.79039968777	777.200012207031
2410.0204738008	777.080017089844
2412.24988454313	777.039978027344
2414.47863218902	777.119995117188
2416.70671701258	777.119995117188
2418.93413928778	776.080017089844
2421.16089928842	776.760009765625
2423.38699728817	776.679992675781
2425.61243356052	776.640014648438
2427.83720837884	777.47998046875
2430.06132201633	776.760009765625
2432.28477474606	776.960021972656
2434.50756684093	776.840026855469
2436.72969857371	776.719970703125
2438.95117021699	776.960021972656
2441.17198204325	776.840026855469
2443.39213432478	776.840026855469
2445.61162733376	776.679992675781
2447.83046134218	776.840026855469
2450.04863662192	777.039978027344
2452.26615344468	777.359985351563
2454.48301208203	776.760009765625
2456.69921280539	776.679992675781
2458.91475588602	776.440002441406
2461.12964159504	776.919982910156
2463.34387020342	777
2465.55744198198	776.840026855469
2467.77035720139	777.359985351563
2469.98261613217	776.880004882813
2472.1942190447	776.599975585938
2474.40516620922	776.840026855469
2476.6154578958	777
2478.82509437436	776.679992675781
2481.03407591471	776.760009765625
2483.24240278646	776.400024414063
2485.45007525911	776.719970703125
2487.65709360202	776.640014648438
2489.86345808435	776.679992675781
2492.06916897518	775.919982910156
2494.27422654339	777.200012207031
2496.47863105774	776.760009765625
2498.68238278683	777.239990234375
2500.88548199912	776.840026855469
2503.08792896294	776.880004882813
2505.28972394643	776.760009765625
2507.49086721763	776.440002441406
2509.6913590444	776.919982910156
2511.89119969447	776.880004882813
2514.09038943543	776.840026855469
2516.2889285347	776.47998046875
2518.48681725957	776.799987792969
2520.6840558772	777
2522.88064465456	776.760009765625
2525.07658385852	777.080017089844
2527.27187375578	776.679992675781
2529.4665146129	776.880004882813
2531.66050669629	776.640014648438
2533.85385027222	776.599975585938
2536.04654560681	776.599975585938
2538.23859296605	776.52001953125
2540.42999261577	777.039978027344
2542.62074482166	776.760009765625
2544.81084984925	776.599975585938
2547.00030796395	776.960021972656
2549.18911943101	776.799987792969
2551.37728451555	776.640014648438
2553.56480348252	777.039978027344
2555.75167659675	776.760009765625
2557.93790412292	776.47998046875
2560.12348632556	776.919982910156
2562.30842346905	776.599975585938
2564.49271581764	776.919982910156
2566.67636363544	776.359985351563
2568.85936718639	776.760009765625
2571.04172673431	776.880004882813
2573.22344254288	776.760009765625
2575.40451487562	776.640014648438
2577.58494399591	776.719970703125
2579.76473016699	777.039978027344
2581.94387365196	777.52001953125
2584.12237471377	776.159973144531
2586.30023361523	776.440002441406
2588.47745061901	776.799987792969
2590.65402598763	776.359985351563
2592.82995998348	777.400024414063
2595.0052528688	776.640014648438
2597.17990490568	777.200012207031
2599.35391635608	776.919982910156
2601.52728748181	776.52001953125
2603.70001854454	776.440002441406
2605.8721098058	777
2608.04356152698	776.799987792969
2610.21437396931	776.799987792969
2612.3845473939	776.559997558594
2614.55408206173	776.960021972656
2616.72297823359	776.47998046875
2618.89123617017	777
2621.058856132	776.52001953125
2623.22583837949	777.52001953125
2625.39218317288	777.239990234375
2627.55789077229	776.159973144531
2629.72296143769	777.039978027344
2631.88739542891	776.799987792969
2634.05119300563	776.919982910156
2636.21435442742	776.359985351563
2638.37687995367	776.679992675781
2640.53876984365	776.679992675781
2642.70002435649	777.200012207031
2644.86064375119	776.799987792969
2647.02062828658	777.280029296875
2649.17997822137	777.400024414063
2651.33869381413	777.119995117188
2653.49677532328	777.52001953125
2655.65422300711	777.039978027344
2657.81103712378	776.799987792969
2659.96721793127	777.359985351563
2662.12276568747	777.52001953125
2664.2776806501	776.960021972656
2666.43196307675	776.719970703125
2668.58561322486	777.119995117188
2670.73863135176	776.440002441406
2672.8910177146	777.239990234375
2675.04277257043	777.280029296875
2677.19389617612	776.719970703125
2679.34438878845	777.679992675781
2681.49425066402	777.080017089844
2683.64348205931	777.039978027344
2685.79208323065	777.440002441406
2687.94005443425	777.559997558594
2690.08739592617	777.52001953125
2692.23410796233	776.960021972656
2694.38019079852	777.320007324219
2696.52564469038	777.52001953125
2698.67046989342	777.679992675781
2700.81466666302	777.080017089844
2702.9582352544	777.47998046875
2705.10117592265	776.960021972656
2707.24348892275	777.880004882813
2709.3851745095	777.599975585938
2711.5262329376	777.760009765625
2713.66666446158	777.559997558594
2715.80646933585	777.719970703125
2717.94564781468	777.400024414063
2720.08420015222	777.880004882813
2722.22212660245	778.159973144531
2724.35942741923	777.280029296875
2726.49610285628	777.559997558594
2728.63215316721	778.239990234375
2730.76757860544	777.719970703125
2732.9023794243	778.200012207031
2735.03655587697	778
2737.17010821648	778.159973144531
2739.30303669573	778.47998046875
2741.4353415675	777.799987792969
2743.56702308442	778.400024414063
2745.69808149898	777.400024414063
2747.82851706355	777.840026855469
2749.95833003034	777.880004882813
2752.08752065145	777.919982910156
2754.21608917883	778.080017089844
2756.3440358643	777.760009765625
2758.47136095954	777.200012207031
2760.59806471609	778.119995117188
2762.72414738537	778.200012207031
2764.84960921865	778
2766.97445046708	777.960021972656
2769.09867138166	778.320007324219
2771.22227221326	778.239990234375
2773.34525321263	778.52001953125
2775.46761463035	778.200012207031
2777.58935671691	777.799987792969
2779.71047972262	778.200012207031
2781.83098389771	777.919982910156
2783.95086949221	778.159973144531
2786.07013675607	777.919982910156
2788.18878593908	777.799987792969
2790.3068172909	777.840026855469
2792.42423106106	777.400024414063
2794.54102749895	777.719970703125
2796.65720685384	777.799987792969
2798.77276937486	777.47998046875
2800.88771531098	778.080017089844
2803.00204491107	778.039978027344
2805.11575842387	778.359985351563
2807.22885609796	778.440002441406
2809.34133818179	777.47998046875
2811.4532049237	777.559997558594
2813.56445657189	777.919982910156
2815.6750933744	778.52001953125
2817.78511557916	778.400024414063
2819.89452343398	778.239990234375
2822.00331718652	778.640014648438
2824.11149708429	778.760009765625
2826.2190633747	779.47998046875
2828.32601630502	778.640014648438
2830.43235612237	778.799987792969
2832.53808307375	779.239990234375
2834.64319740603	779.47998046875
2836.74769936595	780.359985351563
2838.85158920011	781.200012207031
2840.95486715497	781.47998046875
2843.05753347689	782.239990234375
2845.15958841206	782.159973144531
2847.26103220657	783.640014648438
2849.36186510636	784.559997558594
2851.46208735724	784.880004882813
2853.56169920488	784.799987792969
2855.66070089485	785.159973144531
2857.75909267257	785.119995117188
2859.85687478332	785.880004882813
2861.95404747225	786.760009765625
2864.05061098439	787.799987792969
2866.14656556464	788.599975585938
2868.24191145777	789.239990234375
2870.3366489084	789.880004882813
2872.43077816104	790.119995117188
2874.52429946006	791.440002441406
2876.61721304971	791.119995117188
2878.70951917409	791.799987792969
2880.8012180772	790.760009765625
2882.89231000287	791.840026855469
2884.98279519483	792.719970703125
2887.07267389667	792.440002441406
2889.16194635186	792.400024414063
2891.25061280373	792.400024414063
2893.33867349546	793.760009765625
2895.42612867015	794.039978027344
2897.51297857074	792.919982910156
2899.59922344003	793.080017089844
2901.68486352071	794.039978027344
2903.76989905533	794.559997558594
2905.85433028632	794.960021972656
2907.93815745598	796.440002441406
2910.02138080648	795.760009765625
2912.10400057985	795.559997558594
2914.186017018	797.159973144531
2916.26743036271	798
2918.34824085563	799.239990234375
2920.4284487383	799.919982910156
2922.5080542521	800.080017089844
2924.58705763829	801.239990234375
2926.66545913802	801.840026855469
2928.74325899231	801.880004882813
2930.82045744202	803.200012207031
2932.89705472792	802.280029296875
2934.97305109062	802.400024414063
2937.04844677063	804.880004882813
2939.12324200832	805.200012207031
2941.19743704393	803.200012207031
2943.27103211757	803.280029296875
2945.34402746923	802.840026855469
2947.41642333876	799.880004882813
2949.48821996592	799.280029296875
2951.55941759028	799.080017089844
2953.63001645135	798.400024414063
2955.70001678845	798.400024414063
2957.76941884083	797.599975585938
2959.83822284757	796.880004882813
2961.90642904764	796.640014648438
2963.97403767988	796.320007324219
2966.04104898302	795.239990234375
2968.10746319565	795.640014648438
2970.17328055621	794.760009765625
2972.23850130305	795.200012207031
2974.30312567438	794.200012207031
2976.36715390829	793.880004882813
2978.43058624273	793.119995117188
2980.49342291553	793.719970703125
2982.55566416439	792.919982910156
2984.61731022691	792.200012207031
2986.67836134051	792.080017089844
2988.73881774255	792.719970703125
2990.79867967021	792.039978027344
2992.85794736058	791.47998046875
2994.9166210506	790.039978027344
2996.97470097711	789.599975585938
2999.03218737679	788.919982910156
3001.08908048622	788.400024414063
3003.14538054186	789.960021972656
3005.20108778002	789.919982910156
3007.25620243691	788.679992675781
3009.3107247486	788.320007324219
3011.36465495104	789.47998046875
3013.41799328004	788.039978027344
3015.47073997133	787.400024414063
3017.52289526045	787.559997558594
3019.57445938288	788
3021.62543257393	787.719970703125
3023.6758150688	787.840026855469
3025.72560710258	787.52001953125
3027.77480891021	787.52001953125
3029.82342072652	788.799987792969
3031.87144278622	788.919982910156
3033.91887532389	788.760009765625
3035.96571857399	789.599975585938
3038.01197277084	788.440002441406
3040.05763814867	789.719970703125
3042.10271494154	788.840026855469
3044.14720338344	790.47998046875
3046.19110370818	789.359985351563
3048.2344161495	790
3050.27714094097	790.239990234375
3052.31927831608	790.320007324219
3054.36082850816	791.919982910156
3056.40179175044	792.200012207031
3058.44216827602	792.760009765625
3060.48195831786	793.320007324219
3062.52116210884	794.080017089844
3064.55977988167	792.239990234375
3066.59781186897	792.640014648438
3068.63525830322	793.400024414063
3070.67211941678	795.52001953125
3072.7083954419	795.359985351563
3074.7440866107	794.200012207031
3076.77919315516	794.679992675781
3078.81371530716	795.039978027344
3080.84765329846	795.599975585938
3082.88100736068	794.799987792969
3084.91377772534	793.400024414063
3086.94596462381	795.159973144531
3088.97756828737	796.320007324219
3091.00858894714	797.119995117188
3093.03902683417	796.080017089844
3095.06888217933	795.880004882813
3097.09815521342	797.840026855469
3099.12684616709	797.359985351563
3101.15495527087	797.359985351563
3103.18248275518	797.359985351563
3105.20942885031	799.880004882813
3107.23579378642	800.52001953125
3109.26157779358	800.200012207031
3111.28678110171	800.880004882813
3113.31140394062	802.039978027344
3115.33544654	802.880004882813
3117.35890912942	803.320007324219
3119.38179193832	803.280029296875
3121.40409519602	805.599975585938
3123.42581913174	805.159973144531
3125.44696397457	803.359985351563
3127.46752995345	803.640014648438
3129.48751729725	805.640014648438
3131.50692623469	807.039978027344
3133.52575699436	807.119995117188
3135.54400980476	807.280029296875
3137.56168489425	807.799987792969
3139.57878249108	806.440002441406
3141.59530282337	808.880004882813
3143.61124611913	808.239990234375
3145.62661260624	808.52001953125
3147.64140251247	808.640014648438
3149.65561606547	809.400024414063
3151.66925349277	811.52001953125
3153.68231502177	811.400024414063
3155.69480087977	812.159973144531
3157.70671129394	811.359985351563
3159.71804649132	813.679992675781
3161.72880669886	815.200012207031
3163.73899214336	813.880004882813
3165.74860305152	816.200012207031
3167.75763964991	814.880004882813
3169.766102165	813.679992675781
3171.77399082313	817.640014648438
3173.7813058505	817.960021972656
3175.78804747323	816.919982910156
3177.79421591731	815.799987792969
3179.79981140859	817.640014648438
3181.80483417282	819
3183.80928443564	818
3185.81316242255	820.679992675781
3187.81646835896	821.840026855469
3189.81920247013	818.880004882813
3191.82136498122	820.799987792969
3193.82295611727	821.919982910156
3195.82397610321	822.200012207031
3197.82442516385	824.320007324219
3199.82430352386	821.239990234375
3201.82361140782	823.440002441406
3203.82234904018	823
3205.82051664529	824.320007324219
3207.81811444735	825.320007324219
3209.81514267047	825.760009765625
3211.81160153863	825.400024414063
3213.80749127571	823.320007324219
3215.80281210545	823.919982910156
3217.79756425148	826.760009765625
3219.79174793733	826.080017089844
3221.7853633864	823.679992675781
3223.77841082196	825.440002441406
3225.77089046719	825.960021972656
3227.76280254513	828.679992675781
3229.75414727873	825.47998046875
3231.74492489081	829.640014648438
3233.73513560406	829.760009765625
3235.72477964107	825.919982910156
3237.71385722431	826.280029296875
3239.70236857614	831.039978027344
3241.6903139188	829.400024414063
3243.6776934744	828.799987792969
3245.66450746496	829.320007324219
3247.65075611237	829.760009765625
3249.63643963841	830.359985351563
3251.62155826472	829.52001953125
3253.60611221287	826.039978027344
3255.59010170428	826.159973144531
3257.57352696026	828.799987792969
3259.55638820202	830.719970703125
3261.53868565064	830.440002441406
3263.52041952708	831.080017089844
3265.50159005221	831.200012207031
3267.48219744676	828.880004882813
3269.46224193136	828.400024414063
3271.44172372651	830.280029296875
3273.42064305262	831.719970703125
3275.39900012996	831.440002441406
3277.3767951787	831.080017089844
3279.35402841889	829.880004882813
3281.33070007047	831.239990234375
3283.30681035326	833.640014648438
3285.28235948698	829.359985351563
3287.25734769121	831
3289.23177518544	831.719970703125
3291.20564218903	829.320007324219
3293.17894892124	827.239990234375
3295.1516956012	825.47998046875
3297.12388244795	828.239990234375
3299.09550968039	831.320007324219
3301.06657751732	831.599975585938
3303.03708617743	833
3305.00703587929	832.760009765625
3306.97642684135	830.280029296875
3308.94525928196	830.919982910156
3310.91353341935	829.840026855469
3312.88124947164	830.039978027344
3314.84840765683	828
3316.81500819282	829.200012207031
3318.78105129738	828.840026855469
3320.74653718818	829.840026855469
3322.71146608278	828.960021972656
3324.67583819861	829.280029296875
3326.639653753	827.919982910156
3328.60291296317	829.359985351563
3330.56561604621	828.47998046875
3332.52776321913	828.440002441406
3334.4893546988	830.760009765625
3336.45039070198	828.679992675781
3338.41087144533	828.760009765625
3340.37079714539	829.880004882813
3342.33016801859	829
3344.28898428124	828.960021972656
3346.24724614955	830.559997558594
3348.20495383962	830.840026855469
3350.16210756742	829.440002441406
3352.11870754883	827.52001953125
3354.07475399961	827.200012207031
3356.03024713539	827.080017089844
3357.98518717173	826.919982910156
3359.93957432403	829.080017089844
3361.89340880761	827.880004882813
3363.84669083768	829.320007324219
3365.79942062933	827.119995117188
3367.75159839753	827.239990234375
3369.70322435715	827
3371.65429872295	830.599975585938
3373.60482170957	830.919982910156
3375.55479353155	831.47998046875
3377.50421440332	832.080017089844
3379.45308453918	829.47998046875
3381.40140415335	828.440002441406
3383.34917345991	828.559997558594
3385.29639267284	827
3387.24306200602	829.880004882813
3389.18918167321	830.640014648438
3391.13475188806	831.919982910156
3393.07977286411	830.719970703125
3395.02424481479	829.200012207031
3396.96816795342	829.47998046875
3398.91154249322	830.919982910156
3400.85436864728	828.799987792969
3402.79664662859	831.239990234375
3404.73837665004	831.52001953125
3406.67955892439	829.559997558594
3408.62019366432	832.119995117188
3410.56028108236	830.640014648438
3412.49982139096	833.200012207031
3414.43881480247	830.679992675781
3416.37726152909	831.440002441406
3418.31516178295	833.440002441406
3420.25251577605	832.960021972656
3422.18932372029	830.159973144531
3424.12558582746	831.760009765625
3426.06130230922	832.679992675781
3427.99647337717	828.52001953125
3429.93109924274	828.440002441406
3431.8651801173	826.919982910156
3433.79871621209	828.960021972656
3435.73170773824	827.840026855469
3437.66415490678	830.559997558594
3439.59605792862	829.840026855469
3441.52741701458	830.919982910156
3443.45823237536	831.760009765625
3445.38850422154	829.919982910156
3447.31823276362	827
3449.24741821196	826.359985351563
3451.17606077684	823.559997558594
3453.10416066842	825.52001953125
3455.03171809674	827.159973144531
3456.95873327175	825.799987792969
3458.88520640329	824.159973144531
3460.81113770109	824.880004882813
3462.73652737477	822.840026855469
3464.66137563383	822.840026855469
3466.58568268769	823.799987792969
3468.50944874565	825.440002441406
3470.43267401689	825.760009765625
3472.3553587105	826.280029296875
3474.27750303545	825.200012207031
3476.19910720062	820.679992675781
3478.12017141476	818.359985351563
3480.04069588654	821.400024414063
3481.9606808245	823.359985351563
3483.88012643707	823.320007324219
3485.79903293259	822.320007324219
3487.7174005193	819.599975585938
3489.63522940532	817.239990234375
3491.55251979864	816.960021972656
3493.46927190719	817.919982910156
3495.38548593877	816.799987792969
3497.30116210107	813.960021972656
3499.21630060167	815.239990234375
3501.13090164807	814.919982910156
3503.04496544763	813.159973144531
3504.95849220763	813.080017089844
3506.87148213523	814.880004882813
3508.78393543748	813.799987792969
3510.69585232134	814.919982910156
3512.60723299365	813.919982910156
3514.51807766116	812.960021972656
3516.42838653049	814.640014648438
3518.33815980819	810.320007324219
3520.24739770066	808.640014648438
3522.15610041423	809.799987792969
3524.06426815511	810.359985351563
3525.9719011294	809
3527.87899954311	809.039978027344
3529.78556360213	808.440002441406
3531.69159351225	809
3533.59708947916	809.119995117188
3535.50205170844	807.119995117188
3537.40648040556	806.239990234375
3539.3103757759	805.719970703125
3541.21373802472	804
3543.11656735717	804.200012207031
3545.01886397833	803.200012207031
3546.92062809313	804.080017089844
3548.82185990643	803.919982910156
3550.72255962297	804
3552.62272744738	803.320007324219
3554.5223635842	801.679992675781
3556.42146823786	800.039978027344
3558.32004161268	800.719970703125
3560.21808391289	798.359985351563
3562.11559534259	798.799987792969
3564.01257610581	798.039978027344
3565.90902640645	798.52001953125
3567.80494644831	798
3569.7003364351	797.840026855469
3571.59519657042	797.719970703125
3573.48952705774	798.47998046875
3575.38332810048	798.760009765625
3577.27659990191	797.640014648438
3579.16934266521	797.880004882813
3581.06155659346	797.960021972656
3582.95324188965	797.159973144531
3584.84439875663	796.52001953125
3586.73502739718	795.719970703125
3588.62512801397	794.239990234375
3590.51470080955	794.52001953125
3592.40374598639	794.440002441406
3594.29226374685	795.039978027344
3596.18025429317	794.239990234375
3598.06771782751	792.840026855469
3599.95465455192	791.840026855469
3601.84106466834	791.760009765625
3603.72694837861	793
3605.61230588447	792.119995117188
3607.49713738756	791.640014648438
3609.38144308942	792.47998046875
3611.26522319148	793.280029296875
3613.14847789506	791.960021972656
3615.0312074014	790.840026855469
3616.91341191162	789.080017089844
3618.79509162674	789.47998046875
3620.67624674769	791.440002441406
3622.55687747528	789.239990234375
3624.43698401024	789.119995117188
3626.31656655317	789.960021972656
3628.1956253046	788.760009765625
3630.07416046492	788.799987792969
3631.95217223446	788.080017089844
3633.82966081342	788.320007324219
3635.70662640191	787.47998046875
3637.58306919993	786.400024414063
3639.45898940739	785.679992675781
3641.33438722409	786.440002441406
3643.20926284973	785.359985351563
3645.08361648392	785.960021972656
3646.95744832614	786.159973144531
3648.8307585758	785.840026855469
3650.7035474322	786.039978027344
3652.57581509452	785.200012207031
3654.44756176188	785.280029296875
3656.31878763324	785.080017089844
3658.18949290753	784.559997558594
3660.05967778352	784
3661.9293424599	782.799987792969
3663.79848713527	783.719970703125
3665.66711200812	783
3667.53521727684	781.760009765625
3669.40280313972	782.47998046875
3671.26986979494	781.679992675781
3673.13641744059	781.280029296875
3675.00244627468	781
