-140.373595351881	773.47998046875
-137.335129063906	773.679992675781
-134.297686810867	774.200012207031
-131.261268103955	773.359985351563
-128.225872454677	773.359985351563
-125.191499374839	773.320007324219
-122.158148376567	773.760009765625
-119.125818972292	773.440002441406
-116.094510674759	773.159973144531
-113.064222997021	773.640014648438
-110.034955452443	773.47998046875
-107.006707554687	773.760009765625
-103.979478817741	773.599975585938
-100.95326875589	773.52001953125
-97.928076883731	773.359985351563
-94.9039027161698	773.359985351563
-91.8807457684175	773.599975585938
-88.8586055560018	773.599975585938
-85.8374815947384	773.719970703125
-82.8173734007715	773.200012207031
-79.7982804905411	773.52001953125
-76.7802023807988	773.960021972656
-73.7631385885914	773.200012207031
-70.7470886312892	773.599975585938
-67.732052026553	773.52001953125
-64.7180282923587	773.47998046875
-61.7050169469884	773.080017089844
-58.6930175090183	773.719970703125
-55.6820294973386	773.52001953125
-52.6720524311495	773.239990234375
-49.66308582994	773.640014648438
-46.6551292135171	773.599975585938
-43.6481821019882	773.52001953125
-40.6422440157577	773.640014648438
-37.6373144755424	773.280029296875
-34.6333930023594	773.47998046875
-31.630479117526	773.320007324219
-28.6285723426709	773.239990234375
-25.6276721997107	773.760009765625
-22.6277782108771	773.919982910156
-19.628889898701	773.400024414063
-16.6310067860081	773.919982910156
-13.6341283959385	775.52001953125
-10.6382542519231	782.080017089844
-7.64338387769432	809.599975585938
-4.64951679729502	849.599975585938
-1.65665253506141	852.919982910156
1.33520938438089	822.640014648438
4.32606943608095	784.640014648438
7.315928094803	774.599975585938
10.3047858350146	773.640014648438
13.2926431308747	773.52001953125
16.2795004562541	773.47998046875
19.2653582847118	773.599975585938
22.2502170895187	773.47998046875
25.2340773436344	773.400024414063
28.216939519735	773.52001953125
31.1988040901939	773.359985351563
34.1796715270814	773.440002441406
37.1595423021732	774.039978027344
40.1384168869468	773.159973144531
43.1162957525854	773.47998046875
46.0931793699786	773.080017089844
49.0690682097059	773.280029296875
52.0439627420619	773.200012207031
55.0178634370476	773.320007324219
57.9907707643592	773.359985351563
60.9626851933962	773.559997558594
63.9336071932735	773.159973144531
66.9035372328018	773.52001953125
69.8724757804959	773.080017089844
72.8404233045826	773.840026855469
75.8073802729932	773.200012207031
78.7733471533597	773.320007324219
81.738324413019	773.200012207031
84.702312519025	773.320007324219
87.665311938125	773.320007324219
90.6273231367761	773.400024414063
93.5883465811569	773.719970703125
96.5483827371242	773.52001953125
99.5074320702731	773.679992675781
102.465495045889	772.960021972656
105.422572128961	772.960021972656
108.378663784199	773
111.333770476014	773.47998046875
114.287892668528	773.799987792969
117.24103082557	773.359985351563
120.193185410674	773.919982910156
123.144356887097	773.799987792969
126.094545717786	773.679992675781
129.043752365413	773.559997558594
131.991977292355	774.47998046875
134.939220960695	774.320007324219
137.885483832232	774.880004882813
140.83076636847	775.47998046875
143.775069030632	775.239990234375
146.718392279644	775.440002441406
149.660736576149	776.559997558594
152.602102380488	776.679992675781
155.54249015274	776.760009765625
158.481900352672	777.320007324219
161.420333439765	777.799987792969
164.357789873227	778.919982910156
167.294270111968	778.799987792969
170.229774614617	779.119995117188
173.164303839496	779.799987792969
176.097858244675	780.440002441406
179.030438287908	780.679992675781
181.962044426678	781.719970703125
184.89267711817	782.239990234375
187.822336819302	783.039978027344
190.751023986678	782.719970703125
193.678739076648	783.799987792969
196.605482545255	784.080017089844
199.531254848261	784.159973144531
202.456056441152	783.760009765625
205.379887779119	783.919982910156
208.30274931708	784.039978027344
211.224641509656	784.159973144531
214.145564811189	783.799987792969
217.06551967574	784.359985351563
219.984506557089	784.719970703125
222.902525908723	784.599975585938
225.819578183856	784.919982910156
228.735663835415	785.119995117188
231.650783316047	784.47998046875
234.564937078107	784.080017089844
237.478125573679	784.239990234375
240.390349254566	784.719970703125
243.301608572278	784.080017089844
246.211903978051	784.960021972656
249.121235922839	786.280029296875
252.029604857321	785.559997558594
254.93701123188	784.919982910156
257.843455496632	786.799987792969
260.748938101415	786.359985351563
263.653459495766	787.47998046875
266.557020128967	787.440002441406
269.459620450005	788.200012207031
272.361260907595	788.039978027344
275.261941950168	788.280029296875
278.161664025874	788.640014648438
281.060427582592	789
283.958233067921	788.400024414063
286.855080929176	788.599975585938
289.750971613398	788.359985351563
292.645905567344	788.679992675781
295.539883237503	788.039978027344
298.432905070079	787.200012207031
301.324971511007	788.080017089844
304.216083005931	788.679992675781
307.10624000023	789.52001953125
309.995442939003	793.280029296875
312.883692267071	796.52001953125
315.770988428979	805.280029296875
318.657331869	812
321.542723031127	815.159973144531
324.427162359076	814.080017089844
327.310650296293	806.200012207031
330.193187285945	799.039978027344
333.074773770929	794.200012207031
335.955410193855	789.760009765625
338.835096997075	788.679992675781
341.713834622655	788.239990234375
344.59162351239	787.200012207031
347.468464107802	787.159973144531
350.344356850137	786.960021972656
353.219302180373	786.880004882813
356.093300539208	786.599975585938
358.966352367073	787.159973144531
361.838458104123	786.799987792969
364.70961819024	785.960021972656
367.579833065031	785.640014648438
370.449103167837	785.840026855469
373.317428937727	785.919982910156
376.184810813496	786.119995117188
379.051249233659	785.919982910156
381.916744636474	785.960021972656
384.78129745992	786.47998046875
387.644908141706	786.359985351563
390.50757711927	786.400024414063
393.36930482978	785.239990234375
396.23009171014	786.719970703125
399.089938196969	785.760009765625
401.948844726631	785.919982910156
404.806811735214	786.320007324219
407.66383965853	786.679992675781
410.519928932138	786.080017089844
413.375079991314	785.919982910156
416.229293271071	786.359985351563
419.082569206155	785.559997558594
421.934908231031	786
424.786310779917	785.599975585938
427.636777286748	785.159973144531
430.486308185189	785.919982910156
433.334903908649	785.400024414063
436.182564890262	786.320007324219
439.029291562898	787.119995117188
441.875084359157	785.679992675781
444.719943711374	785.960021972656
447.563870051618	786.679992675781
450.406863811695	786.159973144531
453.248925423132	785.359985351563
456.090055317208	786
458.93025392492	785.599975585938
461.76952167701	785.919982910156
464.60785900395	785.840026855469
467.44526633595	784.760009765625
470.281744102955	786.080017089844
473.117292734635	785.640014648438
475.951912660415	785.640014648438
478.785604309439	785.119995117188
481.618368110592	785.760009765625
484.450204492499	786
487.281113883518	785.52001953125
490.111096711738	785.119995117188
492.940153404999	785.320007324219
495.768284390864	785.47998046875
498.595490096635	786.119995117188
501.421770949366	785.679992675781
504.247127375825	785.960021972656
507.071559802537	786.440002441406
509.89506865575	785.960021972656
512.717654361473	786.080017089844
515.539317345424	785.47998046875
518.360058033083	785.640014648438
521.179876849652	785.52001953125
523.998774220083	785.640014648438
526.816750569068	785.960021972656
529.633806321025	786.200012207031
532.44994190013	786.559997558594
535.265157730284	786.880004882813
538.079454235133	785.799987792969
540.892831838066	785.47998046875
543.705290962208	785.47998046875
546.516832030424	786.799987792969
549.32745546533	786.599975585938
552.137161689268	785.719970703125
554.945951124325	785
557.753824192341	784.52001953125
560.560781314883	785.400024414063
563.36682291327	785.440002441406
566.171949408555	785.359985351563
568.976161221537	784.359985351563
571.779458772759	785.799987792969
574.5818424825	785.400024414063
577.383312770792	785.52001953125
580.183870057402	785.960021972656
582.983514761843	786.159973144531
585.782247303363	785.47998046875
588.580068100976	785.039978027344
591.376977573414	786.359985351563
594.172976139164	785.359985351563
596.968064216463	785.119995117188
599.762242223282	784.919982910156
602.555510577335	785.400024414063
605.347869696099	784.919982910156
608.139319996771	784.880004882813
610.929861896313	785
613.719495811421	785.760009765625
616.508222158541	785.239990234375
619.296041353863	784.840026855469
622.082953813324	785.159973144531
624.868959952607	785.159973144531
627.654060187137	784.760009765625
630.438254932094	785.080017089844
633.221544602397	785.440002441406
636.003929612719	785.400024414063
638.785410377468	785.52001953125
641.565987310814	785.559997558594
644.345660826665	785
647.124431338674	786.159973144531
649.902299260252	784.52001953125
652.679265004552	784.440002441406
655.455328984475	784.960021972656
658.230491612671	785.359985351563
661.004753301541	785.599975585938
663.778114463229	785.320007324219
666.550575509631	786.799987792969
669.322136852395	785.52001953125
672.092798902916	785.559997558594
674.862562072336	785.080017089844
677.631426771548	785.280029296875
680.399393411204	785.320007324219
683.166462401689	785.52001953125
685.93263415315	785.599975585938
688.697909075486	785.599975585938
691.462287578337	785.239990234375
694.225770071098	785.119995117188
696.988356962926	785.679992675781
699.750048662705	785.280029296875
702.5108455791	785.679992675781
705.270748120503	785.320007324219
708.029756695068	785.760009765625
710.787871710705	785.280029296875
713.545093575065	786.320007324219
716.301422695566	785.760009765625
719.056859479364	785.679992675781
721.811404333376	785.400024414063
724.56505766427	785.599975585938
727.317819878473	785.52001953125
730.069691382148	785.119995117188
732.820672581226	785.47998046875
735.570763881396	784.960021972656
738.319965688092	785.599975585938
741.068278406496	785.400024414063
743.815702441559	786.039978027344
746.562238197974	785.760009765625
749.307886080196	785.640014648438
752.052646492436	785.840026855469
754.796519838656	785.440002441406
757.539506522567	786
760.28160694765	786
763.022821517128	786.599975585938
765.76315063399	786
768.502594700972	786
771.241154120572	785.559997558594
773.978829295045	785.400024414063
776.715620626397	786.559997558594
779.451528516396	786.080017089844
782.186553366565	786.880004882813
784.920695578179	787.679992675781
787.653955552283	787.880004882813
790.386333689662	786.880004882813
793.117830390877	786.080017089844
795.848446056227	786.919982910156
798.578181085792	786.039978027344
801.307035879389	785.559997558594
804.035010836599	785.440002441406
806.762106356774	786.640014648438
809.488322839013	786
812.213660682169	786.159973144531
814.938120284866	785.599975585938
817.661702045482	785.919982910156
820.384406362153	785.880004882813
823.10623363278	785.840026855469
825.827184255014	787.239990234375
828.547258626283	785.760009765625
831.266457143747	785.599975585938
833.984780204358	786.159973144531
836.702228204804	785.880004882813
839.418801541552	786.320007324219
842.134500610814	786.52001953125
844.849325808575	786.440002441406
847.563277530579	785.760009765625
850.276356172319	785.280029296875
852.988562129066	785.840026855469
855.69989579585	786.119995117188
858.410357567456	785.840026855469
861.119947838428	785.919982910156
863.828667003087	784.799987792969
866.536515455503	785.960021972656
869.243493589517	784.919982910156
871.949601798728	785.880004882813
874.654840476504	785.880004882813
877.359210015961	784.919982910156
880.062710810003	785.719970703125
882.765343251273	785.840026855469
885.467107732191	785.880004882813
888.168004644938	786.159973144531
890.868034381467	785.799987792969
893.567197333476	785.679992675781
896.265493892445	786.080017089844
898.962924449614	786.039978027344
901.659489395985	785.320007324219
904.355189122325	786.200012207031
907.050024019165	785.359985351563
909.743994476809	785.47998046875
912.437100885322	785.200012207031
915.129343634532	785.159973144531
917.820723114032	785.719970703125
920.511239713189	785.880004882813
923.200893821127	785.52001953125
925.889685826744	786.559997558594
928.577616118699	785.320007324219
931.264685085419	785.840026855469
933.950893115098	786.119995117188
936.6362405957	786.320007324219
939.320727914956	786.440002441406
942.004355460359	786.719970703125
944.687123619173	786
947.369032778431	785.47998046875
950.050083324934	786.119995117188
952.730275645247	785.440002441406
955.409610125711	786.080017089844
958.088087152423	786.719970703125
960.765707111263	785.919982910156
963.442470387871	785.840026855469
966.118377367657	785.840026855469
968.793428435798	785.840026855469
971.467623977254	785.52001953125
974.140964376739	785.280029296875
976.813450018737	785.200012207031
979.485081287511	785.880004882813
982.155858567087	785.640014648438
984.825782241271	785.159973144531
987.494852693624	785.159973144531
990.163070307487	785.840026855469
992.830435465978	785.239990234375
995.496948551973	785.47998046875
998.162609948122	787.359985351563
1000.82742003685	787.880004882813
1003.49137920036	789.159973144531
1006.15448782061	787.719970703125
1008.81674627934	788.280029296875
1011.47815495806	786.039978027344
1014.13871423805	785.280029296875
1016.79842450037	784.960021972656
1019.45728612586	785
1022.11529949509	784.760009765625
1024.77246498846	784.599975585938
1027.4287829861	785.039978027344
1030.08425386792	785.359985351563
1032.73887801363	785.960021972656
1035.3926558027	784.960021972656
1038.04558761435	784.799987792969
1040.69767382761	784.880004882813
1043.34891482125	784.880004882813
1045.99931097384	785.280029296875
1048.64886266371	785.760009765625
1051.29757026898	785.159973144531
1053.94543416753	785.239990234375
1056.59245473701	785.52001953125
1059.23863235486	785.559997558594
1061.8839673983	785.880004882813
1064.5284602443	785.679992675781
1067.17211126962	785.080017089844
1069.8149208508	785.320007324219
1072.45688936415	785.159973144531
1075.09801718577	785.679992675781
1077.7383046915	784.840026855469
1080.377752257	786.119995117188
1083.01636025767	785.960021972656
1085.65412906872	784.840026855469
1088.2910590651	786.080017089844
1090.92715062157	786.359985351563
1093.56240411266	785.760009765625
1096.19681991265	785.960021972656
1098.83039839564	785.599975585938
1101.46313993547	785.760009765625
1104.09504490579	786.239990234375
1106.72611368	785.599975585938
1109.35634663129	785.640014648438
1111.98574413263	785.200012207031
1114.61430655677	785.080017089844
1117.24203427624	784.679992675781
1119.86892766333	784.679992675781
1122.49498709014	784.679992675781
1125.12021292851	785.599975585938
1127.74460555011	785.280029296875
1130.36816532634	785
1132.99089262841	785.119995117188
1135.6127878273	784.840026855469
1138.23385129376	784.159973144531
1140.85408339834	783.679992675781
1143.47348451137	783.760009765625
1146.09205500294	784.039978027344
1148.70979524293	783.320007324219
1151.326705601	784.400024414063
1153.9427864466	783.640014648438
1156.55803814896	783.799987792969
1159.17246107707	784.840026855469
1161.78605559974	784.280029296875
1164.39882208551	784.719970703125
1167.01076090276	784.239990234375
1169.6218724196	784.47998046875
1172.23215700396	783.960021972656
1174.84161502352	785.119995117188
1177.45024684578	783.440002441406
1180.05805283799	783.440002441406
1182.66503336719	784.559997558594
1185.27118880021	784.559997558594
1187.87651950367	784.719970703125
1190.48102584395	783.679992675781
1193.08470818723	782.919982910156
1195.68756689948	784
1198.28960234643	785.280029296875
1200.89081489363	784.039978027344
1203.49120490636	784.840026855469
1206.09077274974	784.840026855469
1208.68951878864	784.119995117188
1211.28744338773	785.599975585938
1213.88454691145	785.320007324219
1216.48082972404	785.200012207031
1219.07629218953	787.239990234375
1221.6709346717	786
1224.26475753416	785.640014648438
1226.85776114028	785.679992675781
1229.44994585322	786.039978027344
1232.04131203592	786.760009765625
1234.63186005112	787.119995117188
1237.22159026133	788.080017089844
1239.81050302886	787.440002441406
1242.3985987158	787.47998046875
1244.98587768402	787.400024414063
1247.5723402952	788.239990234375
1250.15798691078	788.239990234375
1252.74281789199	788.080017089844
1255.32683359987	788.719970703125
1257.91003439523	788.359985351563
1260.49242063865	787.880004882813
1263.07399269055	788.080017089844
1265.65475091108	787.960021972656
1268.23469566021	786.760009765625
1270.81382729769	786.200012207031
1273.39214618306	786.960021972656
1275.96965267566	787.039978027344
1278.54634713458	786.359985351563
1281.12222991875	786.880004882813
1283.69730138685	785.919982910156
1286.27156189737	786.719970703125
1288.84501180858	786.119995117188
1291.41765147853	786.760009765625
1293.98948126509	787.400024414063
1296.56050152589	787.039978027344
1299.13071261837	787.280029296875
1301.70011489973	787.080017089844
1304.268708727	787.47998046875
1306.83649445698	787.919982910156
1309.40347244625	788.080017089844
1311.96964305119	788.159973144531
1314.53500662799	788.320007324219
1317.0995635326	788.47998046875
1319.66331412077	787.47998046875
1322.22625874806	789.039978027344
1324.7883977698	789.119995117188
1327.34973154112	787.719970703125
1329.91026041694	788
1332.46998475197	786.760009765625
1335.0289049007	788.200012207031
1337.58702121746	789.679992675781
1340.14433405631	788.919982910156
1342.70084377115	787.52001953125
1345.25655071563	787.640014648438
1347.81145524323	786.840026855469
1350.36555770721	787.119995117188
1352.91885846062	785.719970703125
1355.47135785631	785.599975585938
1358.02305624691	785.400024414063
1360.57395398486	785.52001953125
1363.12405142237	785.119995117188
1365.67334891148	785.119995117188
1368.22184680399	784.47998046875
1370.76954545151	784.320007324219
1373.31644520545	785.119995117188
1375.86254641699	785.52001953125
1378.40784943713	784.159973144531
1380.95235461666	784.640014648438
1383.49606230615	784.280029296875
1386.03897285598	785.239990234375
1388.58108661632	784.760009765625
1391.12240393713	784.719970703125
1393.66292516818	784
1396.20265065903	784.239990234375
1398.74158075901	785.200012207031
1401.2797158173	784.760009765625
1403.81705618282	784.239990234375
1406.35360220431	784.52001953125
1408.88935423032	784.47998046875
1411.42431260919	784.760009765625
1413.95847768903	784.239990234375
1416.49184981777	784.280029296875
1419.02442934314	784.320007324219
1421.55621661266	784.359985351563
1424.08721197364	785.119995117188
1426.61741577321	784.599975585938
1429.14682835828	783.799987792969
1431.67545007555	784.559997558594
1434.20328127153	785.880004882813
1436.73032229253	785.200012207031
1439.25657348466	785.880004882813
1441.78203519381	787.159973144531
1444.3067077657	787.400024414063
1446.83059154581	787.840026855469
1449.35368687944	788.400024414063
1451.8759941117	788.599975585938
1454.39751358748	788.200012207031
1456.91824565148	786.679992675781
1459.43819064818	787.880004882813
1461.95734892189	787
1464.4757208167	787.280029296875
1466.99330667649	787.320007324219
1469.51010684497	786.840026855469
1472.02612166564	786.200012207031
1474.54135148177	785.719970703125
1477.05579663646	785.239990234375
1479.56945747262	784.719970703125
1482.08233433293	784.559997558594
1484.59442755989	784.359985351563
1487.10573749579	784.640014648438
1489.61626448275	784.039978027344
1492.12600886264	783.960021972656
1494.63497097718	783.200012207031
1497.14315116786	782.840026855469
1499.65054977599	782.159973144531
1502.15716714267	782.320007324219
1504.66300360881	782.159973144531
1507.16805951512	781.359985351563
1509.67233520211	782.440002441406
1512.1758310101	781.880004882813
1514.67854727919	781.640014648438
1517.18048434931	781.320007324219
1519.68164256018	781.599975585938
1522.18202225132	781.280029296875
1524.68162376207	781.359985351563
1527.18044743155	781.239990234375
1529.67849359869	781.679992675781
1532.17576260224	781.52001953125
1534.67225478072	781.919982910156
1537.1679704725	782.080017089844
1539.66291001572	781.799987792969
1542.15707374832	782
1544.65046200807	781.359985351563
1547.14307513254	782.47998046875
1549.63491345907	781.400024414063
1552.12597732485	782.400024414063
1554.61626706685	782.159973144531
1557.10578302185	782.640014648438
1559.59452552644	782.52001953125
1562.082494917	783
1564.56969152973	783.039978027344
1567.05611570064	783.47998046875
1569.54176776552	783.47998046875
1572.02664806	784.200012207031
1574.51075691949	784.47998046875
1576.99409467921	785.080017089844
1579.4766616742	784.400024414063
1581.95845823929	784.239990234375
1584.43948470912	783.440002441406
1586.91974141815	783.119995117188
1589.39922870064	783.280029296875
1591.87794689064	784.359985351563
1594.35589632202	783.320007324219
1596.83307732848	782.840026855469
1599.30949024348	783.320007324219
1601.78513540033	784.039978027344
1604.26001313211	784.440002441406
1606.73412377175	785.359985351563
1609.20746765196	784
1611.68004510526	784.760009765625
1614.15185646398	784.919982910156
1616.62290206026	785.359985351563
1619.09318222605	784.559997558594
1621.56269729311	785.47998046875
1624.031447593	784.359985351563
1626.4994334571	785.239990234375
1628.9666552166	784.840026855469
1631.43311320248	785.400024414063
1633.89880774554	785.239990234375
1636.3637391764	785.840026855469
1638.82790782548	785.840026855469
1641.29131402301	786.119995117188
1643.75395809903	786.960021972656
1646.21584038339	787.47998046875
1648.67696120575	787.200012207031
1651.13732089558	788.159973144531
1653.59691978216	787.640014648438
1656.05575819459	788.239990234375
1658.51383646175	787.719970703125
1660.97115491238	788
1663.42771387498	787.239990234375
1665.8835136779	787.599975585938
1668.33855464928	787.840026855469
1670.79283711708	787.200012207031
1673.24636140907	787.119995117188
1675.69912785282	786.960021972656
1678.15113677572	786
1680.602388505	785.320007324219
1683.05288336764	785.200012207031
1685.50262169049	785.039978027344
1687.95160380019	784.359985351563
1690.39983002318	783.559997558594
1692.84730068573	782.679992675781
1695.29401611392	783.200012207031
1697.73997663364	781.200012207031
1700.18518257059	781.679992675781
1702.6296342503	781.400024414063
1705.07333199807	781.359985351563
1707.51627613907	781.52001953125
1709.95846699824	780.400024414063
1712.39990490036	781.080017089844
1714.84059017001	780.919982910156
1717.28052313159	780.440002441406
1719.7197041093	780.119995117188
1722.15813342718	780.039978027344
1724.59581140906	780.320007324219
1727.03273837859	779.880004882813
1729.46891465926	779.52001953125
1731.90434057432	779.719970703125
1734.3390164469	779.679992675781
1736.7729425999	779.159973144531
1739.20611935604	779.359985351563
1741.63854703787	779.080017089844
1744.07022596776	779.039978027344
1746.50115646787	778.960021972656
1748.93133886019	779.52001953125
1751.36077346652	778.840026855469
1753.7894606085	778.799987792969
1756.21740060755	779.039978027344
1758.64459378494	778.880004882813
1761.07104046172	778.640014648438
1763.49674095879	778.679992675781
1765.92169559684	779.280029296875
1768.3459046964	778.400024414063
1770.7693685778	778.440002441406
1773.1920875612	778.719970703125
1775.61406196656	779.039978027344
1778.03529211367	778.52001953125
1780.45577832214	778.440002441406
1782.87552091138	778.679992675781
1785.29452020064	778.320007324219
1787.71277650897	778.919982910156
1790.13029015525	778.159973144531
1792.54706145817	777.840026855469
1794.96309073625	778.359985351563
1797.3783783078	778.640014648438
1799.79292449097	778.039978027344
1802.20672960375	778.640014648438
1804.61979396389	778.320007324219
1807.03211788902	778.799987792969
1809.44370169655	778.559997558594
1811.85454570373	778.559997558594
1814.2646502276	777.719970703125
1816.67401558506	778.080017089844
1819.0826420928	778.400024414063
1821.49053006734	778
1823.89767982501	777.919982910156
1826.30409168198	778.280029296875
1828.70976595422	778
1831.11470295753	777.880004882813
1833.51890300752	778
1835.92236641964	778.47998046875
1838.32509350914	777.960021972656
1840.72708459111	778.47998046875
1843.12833998044	778.119995117188
1845.52885999184	778
1847.92864493987	778.200012207031
1850.32769513889	778.679992675781
1852.72601090307	777.840026855469
1855.12359254642	778.159973144531
1857.52044038278	778.640014648438
1859.91655472578	778.239990234375
1862.31193588889	778.679992675781
1864.70658418542	777.599975585938
1867.10049992847	777.280029296875
1869.49368343096	778.359985351563
1871.88613500568	777.239990234375
1874.27785496518	778.239990234375
1876.66884362188	777.960021972656
1879.059101288	778.119995117188
1881.44862827559	777.880004882813
1883.8374248965	778.159973144531
1886.22549146246	778.280029296875
1888.61282828495	777.960021972656
1890.99943567534	778.200012207031
1893.38531394477	777.799987792969
1895.77046340424	778.119995117188
1898.15488436455	778.119995117188
1900.53857713634	778.159973144531
1902.92154203006	778.679992675781
1905.303779356	777.799987792969
1907.68528942426	777.599975585938
1910.06607254477	777.919982910156
1912.44612902729	777.799987792969
1914.82545918139	778.080017089844
1917.20406331648	777.440002441406
1919.58194174178	777.919982910156
1921.95909476634	778.359985351563
1924.33552269905	777.919982910156
1926.71122584861	777.440002441406
1929.08620452353	777.799987792969
1931.46045903219	777.840026855469
1933.83398968275	777.640014648438
1936.20679678322	778.200012207031
1938.57888064142	777.599975585938
1940.95024156502	777.799987792969
1943.3208798615	778.080017089844
1945.69079583816	778.200012207031
1948.05998980213	777.960021972656
1950.42846206038	777.719970703125
1952.79621291969	778.840026855469
1955.16324268668	777.679992675781
1957.52955166778	777.919982910156
1959.89514016927	777.52001953125
1962.26000849723	777.919982910156
1964.62415695759	777.960021972656
1966.98758585609	778.119995117188
1969.3502954983	778.760009765625
1971.71228618964	778
1974.07355823532	777.719970703125
1976.43411194042	777.760009765625
1978.79394760981	777.919982910156
1981.1530655482	777.919982910156
1983.51146606014	778.159973144531
1985.86914944999	778.320007324219
1988.22611602196	778.52001953125
1990.58236608007	777.919982910156
1992.93789992817	777.960021972656
1995.29271786995	778.200012207031
1997.64682020892	777.919982910156
2000.00020724843	778.200012207031
2002.35287929162	777.799987792969
2004.70483664152	778.640014648438
2007.05607960095	778.679992675781
2009.40660847256	778.159973144531
2011.75642355884	777.559997558594
2014.1055251621	777.719970703125
2016.4539135845	778.039978027344
2018.80158912802	777.840026855469
2021.14855209444	777.559997558594
2023.49480278542	777.960021972656
2025.84034150242	778.119995117188
2028.18516854673	777.679992675781
2030.52928421948	777.799987792969
2032.87268882163	777.400024414063
2035.21538265398	778.400024414063
2037.55736601713	778
2039.89863921153	777.880004882813
2042.23920253747	778.559997558594
2044.57905629506	778.840026855469
2046.91820078425	778.200012207031
2049.2566363048	777.760009765625
2051.59436315633	778.320007324219
2053.93138163827	778.52001953125
2056.2676920499	778.119995117188
2058.6032946903	778.200012207031
2060.93818985843	778.47998046875
2063.27237785303	778.200012207031
2065.60585897272	778.239990234375
2067.93863351592	778.239990234375
2070.27070178089	778.47998046875
2072.60206406574	777.760009765625
2074.93272066838	777.880004882813
2077.26267188658	778.159973144531
2079.59191801793	778.719970703125
2081.92045935985	778.080017089844
2084.24829620962	778.320007324219
2086.57542886431	779.280029296875
2088.90185762087	778.559997558594
2091.22758277604	777.640014648438
2093.55260462643	778.159973144531
2095.87692346845	778.039978027344
2098.20053959837	778.440002441406
2100.52345331229	778.039978027344
2102.84566490614	777.840026855469
2105.16717467567	778.200012207031
2107.48798291649	777.919982910156
2109.80808992403	778.640014648438
2112.12749599355	778.599975585938
2114.44620142016	777.840026855469
2116.7642064988	778.640014648438
2119.08151152423	778.679992675781
2121.39811679106	777.640014648438
2123.71402259374	778.280029296875
2126.02922922653	777.679992675781
2128.34373698356	777.840026855469
2130.65754615876	778.119995117188
2132.97065704594	778.159973144531
2135.28306993869	778.200012207031
2137.59478513047	777.52001953125
2139.90580291459	778.039978027344
2142.21612358416	778.159973144531
2144.52574743214	778.280029296875
2146.83467475134	778.400024414063
2149.1429058344	778.119995117188
2151.45044097377	778.159973144531
2153.75728046178	778.719970703125
2156.06342459057	777.919982910156
2158.36887365212	778.280029296875
2160.67362793825	778.119995117188
2162.97768774061	778.320007324219
2165.28105335071	778.080017089844
2167.58372505987	778.080017089844
2169.88570315926	778.719970703125
2172.18698793988	777.960021972656
2174.48757969258	778.359985351563
2176.78747870805	778.320007324219
2179.08668527679	778.640014648438
2181.38519968917	778.679992675781
2183.68302223538	777.640014648438
2185.98015320547	777.679992675781
2188.27659288929	778.159973144531
2190.57234157656	777.799987792969
2192.86739955682	777.760009765625
2195.16176711948	777.239990234375
2197.45544455375	778.52001953125
2199.74843214869	777.960021972656
2202.04073019322	777.599975585938
2204.33233897607	778.159973144531
2206.62325878583	777.679992675781
2208.91348991093	778
2211.20303263961	777.960021972656
2213.49188726	778
2215.78005406001	777.679992675781
2218.06753332744	777.880004882813
2220.35432534991	777.960021972656
2222.64043041487	777.200012207031
2224.92584880964	777.679992675781
2227.21058082134	777.919982910156
2229.49462673696	778.359985351563
2231.77798684332	777.760009765625
2234.06066142709	777.320007324219
2236.34265077477	777.559997558594
2238.62395517269	777.679992675781
2240.90457490706	777.119995117188
2243.18451026388	777.280029296875
2245.46376152904	777.679992675781
2247.74232898823	777.679992675781
2250.02021292701	777.919982910156
2252.29741363077	777.880004882813
2254.57393138475	777.239990234375
2256.849766474	777.47998046875
2259.12491918346	777.159973144531
2261.39938979788	777.640014648438
2263.67317860185	777.880004882813
2265.94628587983	777.880004882813
2268.2187119161	777.679992675781
2270.49045699478	777.119995117188
2272.76152139985	777
2275.03190541511	777.52001953125
2277.30160932421	777.599975585938
2279.57063341067	777.320007324219
2281.83897795781	777
2284.10664324882	777.47998046875
2286.37362956672	777.799987792969
2288.63993719439	777.200012207031
2290.90556641454	777.400024414063
2293.17051750973	777.039978027344
2295.43479076235	777.359985351563
2297.69838645465	777.799987792969
2299.96130486871	777.52001953125
2302.22354628647	777.760009765625
2304.48511098971	777.679992675781
2306.74599926003	777.119995117188
2309.00621137891	776.559997558594
2311.26574762765	777.47998046875
2313.52460828741	777.200012207031
2315.78279363917	776.799987792969
2318.04030396379	777.679992675781
2320.29713954195	777.239990234375
2322.55330065418	776.640014648438
2324.80878758085	777.599975585938
2327.06360060219	777.719970703125
2329.31773999826	776.799987792969
2331.57120604897	776.960021972656
2333.82399903409	777.52001953125
2336.0761192332	776.840026855469
2338.32756692577	777.080017089844
2340.57834239108	777.400024414063
2342.82844590827	777.559997558594
2345.07787775633	777
2347.32663821409	777.320007324219
2349.57472756023	777.559997558594
2351.82214607327	777.119995117188
2354.06889403158	776.919982910156
2356.31497171337	776.840026855469
2358.56037939672	776.960021972656
2360.80511735953	776.760009765625
2363.04918587955	777.280029296875
2365.29258523439	777
2367.5353157015	776.719970703125
2369.77737755817	776.719970703125
2372.01877108156	776.799987792969
2374.25949654865	777.440002441406
2376.49955423629	776.880004882813
2378.73894442115	776.559997558594
2380.97766737977	776.760009765625
2383.21572338855	777.080017089844
2385.45311272369	777.200012207031
2387.68983566129	777.280029296875
2389.92589247727	776.880004882813
2392.1612834474	777.039978027344
2394.39600884731	777.200012207031
2396.63006895246	776.159973144531
2398.86346403818	777
2401.09619437962	776.760009765625
2403.32826025182	776.840026855469
2405.55966192963	776.760009765625
2407.79039968777	777.440002441406
2410.0204738008	777.080017089844
2412.24988454313	776.47998046875
2414.47863218902	777.239990234375
2416.70671701258	776.840026855469
2418.93413928778	776.47998046875
2421.16089928842	777.280029296875
2423.38699728817	776.880004882813
2425.61243356052	776.760009765625
2427.83720837884	777.320007324219
2430.06132201633	776.679992675781
2432.28477474606	777.200012207031
2434.50756684093	776.640014648438
2436.72969857371	776.919982910156
2438.95117021699	776.640014648438
2441.17198204325	777.119995117188
2443.39213432478	776.919982910156
2445.61162733376	776.52001953125
2447.83046134218	777.080017089844
2450.04863662192	777.080017089844
2452.26615344468	777.239990234375
2454.48301208203	776.840026855469
2456.69921280539	776.679992675781
2458.91475588602	776.440002441406
2461.12964159504	776.799987792969
2463.34387020342	777.080017089844
2465.55744198198	776.799987792969
2467.77035720139	777.200012207031
2469.98261613217	776.880004882813
2472.1942190447	776.47998046875
2474.40516620922	776.799987792969
2476.6154578958	776.679992675781
2478.82509437436	776.559997558594
2481.03407591471	776.52001953125
2483.24240278646	776.52001953125
2485.45007525911	776.760009765625
2487.65709360202	776.559997558594
2489.86345808435	776.799987792969
2492.06916897518	776.359985351563
2494.27422654339	777.080017089844
2496.47863105774	776.919982910156
2498.68238278683	777.119995117188
2500.88548199912	776.52001953125
2503.08792896294	777.039978027344
2505.28972394643	776.919982910156
2507.49086721763	776.47998046875
2509.6913590444	777.080017089844
2511.89119969447	777.200012207031
2514.09038943543	776.960021972656
2516.2889285347	776.719970703125
2518.48681725957	776.799987792969
2520.6840558772	777.280029296875
2522.88064465456	776.599975585938
2525.07658385852	777.119995117188
2527.27187375578	776.799987792969
2529.4665146129	776.559997558594
2531.66050669629	776.679992675781
2533.85385027222	776.760009765625
2536.04654560681	777
2538.23859296605	776.599975585938
2540.42999261577	776.960021972656
2542.62074482166	776.960021972656
2544.81084984925	776.799987792969
2547.00030796395	776.919982910156
2549.18911943101	776.599975585938
2551.37728451555	777.039978027344
2553.56480348252	776.960021972656
2555.75167659675	776.679992675781
2557.93790412292	776.919982910156
2560.12348632556	776.960021972656
2562.30842346905	776.880004882813
2564.49271581764	776.799987792969
2566.67636363544	776.47998046875
2568.85936718639	776.960021972656
2571.04172673431	776.960021972656
2573.22344254288	776.799987792969
2575.40451487562	776.679992675781
2577.58494399591	776.599975585938
2579.76473016699	776.960021972656
2581.94387365196	777.200012207031
2584.12237471377	776.320007324219
2586.30023361523	776.799987792969
2588.47745061901	776.880004882813
2590.65402598763	776.640014648438
2592.82995998348	776.760009765625
2595.0052528688	777.200012207031
2597.17990490568	777.320007324219
2599.35391635608	776.760009765625
2601.52728748181	776.559997558594
2603.70001854454	776.799987792969
2605.8721098058	777.159973144531
2608.04356152698	776.880004882813
2610.21437396931	776.919982910156
2612.3845473939	776.679992675781
2614.55408206173	777.039978027344
2616.72297823359	776.559997558594
2618.89123617017	776.919982910156
2621.058856132	776.799987792969
2623.22583837949	777.47998046875
2625.39218317288	777.080017089844
2627.55789077229	776.679992675781
2629.72296143769	776.880004882813
2631.88739542891	776.719970703125
2634.05119300563	776.840026855469
2636.21435442742	776.640014648438
2638.37687995367	776.440002441406
2640.53876984365	776.840026855469
2642.70002435649	777.200012207031
2644.86064375119	777.080017089844
2647.02062828658	777.280029296875
2649.17997822137	777.47998046875
2651.33869381413	777.039978027344
2653.49677532328	776.760009765625
2655.65422300711	777.320007324219
2657.81103712378	777.159973144531
2659.96721793127	777.599975585938
2662.12276568747	777.320007324219
2664.2776806501	776.880004882813
2666.43196307675	776.799987792969
2668.58561322486	777.760009765625
2670.73863135176	775.760009765625
2672.8910177146	777
2675.04277257043	777.359985351563
2677.19389617612	776.679992675781
2679.34438878845	777.719970703125
2681.49425066402	777.280029296875
2683.64348205931	777.119995117188
2685.79208323065	777.119995117188
2687.94005443425	777.320007324219
2690.08739592617	777.440002441406
2692.23410796233	777.159973144531
2694.38019079852	777.599975585938
2696.52564469038	777.47998046875
2698.67046989342	777.719970703125
2700.81466666302	777.47998046875
2702.9582352544	777.400024414063
2705.10117592265	776.359985351563
2707.24348892275	777.719970703125
2709.3851745095	777.640014648438
2711.5262329376	778
2713.66666446158	777.400024414063
2715.80646933585	777.679992675781
2717.94564781468	777.320007324219
2720.08420015222	777.559997558594
2722.22212660245	778.239990234375
2724.35942741923	777.679992675781
2726.49610285628	777.359985351563
2728.63215316721	777.799987792969
2730.76757860544	778.119995117188
2732.9023794243	778.440002441406
2735.03655587697	778
2737.17010821648	778.080017089844
2739.30303669573	778.52001953125
2741.4353415675	777.880004882813
2743.56702308442	778.719970703125
2745.69808149898	777.640014648438
2747.82851706355	777.719970703125
2749.95833003034	777.840026855469
2752.08752065145	778
2754.21608917883	777.47998046875
2756.3440358643	777.400024414063
2758.47136095954	777.159973144531
2760.59806471609	778.359985351563
2762.72414738537	777.760009765625
2764.84960921865	777.760009765625
2766.97445046708	777.799987792969
2769.09867138166	778.159973144531
2771.22227221326	778.239990234375
2773.34525321263	777.919982910156
2775.46761463035	778.080017089844
2777.58935671691	777.719970703125
2779.71047972262	777.880004882813
2781.83098389771	777.760009765625
2783.95086949221	777.880004882813
2786.07013675607	778.119995117188
2788.18878593908	778
2790.3068172909	777.559997558594
2792.42423106106	777.559997558594
2794.54102749895	777.52001953125
2796.65720685384	777.799987792969
2798.77276937486	777.280029296875
2800.88771531098	777.880004882813
2803.00204491107	778.159973144531
2805.11575842387	778.599975585938
2807.22885609796	778.640014648438
2809.34133818179	777.52001953125
2811.4532049237	777.679992675781
2813.56445657189	777.960021972656
2815.6750933744	778.799987792969
2817.78511557916	778.599975585938
2819.89452343398	778.440002441406
2822.00331718652	778.760009765625
2824.11149708429	778.52001953125
2826.2190633747	779.52001953125
2828.32601630502	778.320007324219
2830.43235612237	778.919982910156
2832.53808307375	779.440002441406
2834.64319740603	779.880004882813
2836.74769936595	780.320007324219
2838.85158920011	781.080017089844
2840.95486715497	780.960021972656
2843.05753347689	782.119995117188
2845.15958841206	781.960021972656
2847.26103220657	783.47998046875
2849.36186510636	784.080017089844
2851.46208735724	784.960021972656
2853.56169920488	784.880004882813
2855.66070089485	784.919982910156
2857.75909267257	785.039978027344
2859.85687478332	786.280029296875
2861.95404747225	786.640014648438
2864.05061098439	788.039978027344
2866.14656556464	788.599975585938
2868.24191145777	788.919982910156
2870.3366489084	789.719970703125
2872.43077816104	789.719970703125
2874.52429946006	791.159973144531
2876.61721304971	791.039978027344
2878.70951917409	791.919982910156
2880.8012180772	790.719970703125
2882.89231000287	792.039978027344
2884.98279519483	792.47998046875
2887.07267389667	792.799987792969
2889.16194635186	792.960021972656
2891.25061280373	792.159973144531
2893.33867349546	793.440002441406
2895.42612867015	793.159973144531
2897.51297857074	793.320007324219
2899.59922344003	793.359985351563
2901.68486352071	794.359985351563
2903.76989905533	794.919982910156
2905.85433028632	794.799987792969
2907.93815745598	796.119995117188
2910.02138080648	797.039978027344
2912.10400057985	796.679992675781
2914.186017018	797.760009765625
2916.26743036271	798.679992675781
2918.34824085563	799
2920.4284487383	800.119995117188
2922.5080542521	800.080017089844
2924.58705763829	801
2926.66545913802	801.679992675781
2928.74325899231	802.359985351563
2930.82045744202	802.840026855469
2932.89705472792	801.280029296875
2934.97305109062	802.52001953125
2937.04844677063	804.919982910156
2939.12324200832	804.640014648438
2941.19743704393	802.960021972656
2943.27103211757	802.760009765625
2945.34402746923	802.47998046875
2947.41642333876	800.880004882813
2949.48821996592	799.599975585938
2951.55941759028	798.559997558594
2953.63001645135	798.760009765625
2955.70001678845	797.960021972656
2957.76941884083	797.200012207031
2959.83822284757	796.400024414063
2961.90642904764	795.960021972656
2963.97403767988	795.280029296875
2966.04104898302	795.760009765625
2968.10746319565	796.039978027344
2970.17328055621	794.159973144531
2972.23850130305	794.119995117188
2974.30312567438	793.840026855469
2976.36715390829	793.640014648438
2978.43058624273	793.320007324219
2980.49342291553	793.080017089844
2982.55566416439	793
2984.61731022691	792.239990234375
2986.67836134051	791.880004882813
2988.73881774255	793
2990.79867967021	791.640014648438
2992.85794736058	791.400024414063
2994.9166210506	790.280029296875
2996.97470097711	789.359985351563
2999.03218737679	788.960021972656
3001.08908048622	788.679992675781
3003.14538054186	789.919982910156
3005.20108778002	788.719970703125
3007.25620243691	788.280029296875
3009.3107247486	788.280029296875
3011.36465495104	788.760009765625
3013.41799328004	787.599975585938
3015.47073997133	787.840026855469
3017.52289526045	786.640014648438
3019.57445938288	788.159973144531
3021.62543257393	787.239990234375
3023.6758150688	787.599975585938
3025.72560710258	786.799987792969
3027.77480891021	787.799987792969
3029.82342072652	789.320007324219
3031.87144278622	788.919982910156
3033.91887532389	789.159973144531
3035.96571857399	789.239990234375
3038.01197277084	789.200012207031
3040.05763814867	789.799987792969
3042.10271494154	788.960021972656
3044.14720338344	790.200012207031
3046.19110370818	789.599975585938
3048.2344161495	790.080017089844
3050.27714094097	791.039978027344
3052.31927831608	789.880004882813
3054.36082850816	791.47998046875
3056.40179175044	792.200012207031
3058.44216827602	791.799987792969
3060.48195831786	792.960021972656
3062.52116210884	793.039978027344
3064.55977988167	792.440002441406
3066.59781186897	792.359985351563
3068.63525830322	793
3070.67211941678	794.47998046875
3072.7083954419	795.200012207031
3074.7440866107	793.960021972656
3076.77919315516	794.919982910156
3078.81371530716	795.159973144531
3080.84765329846	795.599975585938
3082.88100736068	795.159973144531
3084.91377772534	794.159973144531
3086.94596462381	794.880004882813
3088.97756828737	796.52001953125
3091.00858894714	796.52001953125
3093.03902683417	796.320007324219
3095.06888217933	796.080017089844
3097.09815521342	797.239990234375
3099.12684616709	797.640014648438
3101.15495527087	797.119995117188
3103.18248275518	796.880004882813
3105.20942885031	799.679992675781
3107.23579378642	799.280029296875
3109.26157779358	799.200012207031
3111.28678110171	800.359985351563
3113.31140394062	802.559997558594
3115.33544654	803.039978027344
3117.35890912942	802.960021972656
3119.38179193832	802.840026855469
3121.40409519602	805.359985351563
3123.42581913174	804.799987792969
3125.44696397457	802.799987792969
3127.46752995345	803.440002441406
3129.48751729725	806.039978027344
3131.50692623469	807
3133.52575699436	806.440002441406
3135.54400980476	806.919982910156
3137.56168489425	807.960021972656
3139.57878249108	807.239990234375
3141.59530282337	808.440002441406
3143.61124611913	809.440002441406
3145.62661260624	808.080017089844
3147.64140251247	808.880004882813
3149.65561606547	809.559997558594
3151.66925349277	810.52001953125
3153.68231502177	811.799987792969
3155.69480087977	811.039978027344
3157.70671129394	810.679992675781
3159.71804649132	813.359985351563
3161.72880669886	813.960021972656
3163.73899214336	813.960021972656
3165.74860305152	816.159973144531
3167.75763964991	814.239990234375
3169.766102165	813.440002441406
3171.77399082313	817.840026855469
3173.7813058505	817.320007324219
3175.78804747323	816.719970703125
3177.79421591731	816.159973144531
3179.79981140859	817.960021972656
3181.80483417282	819.640014648438
3183.80928443564	817.559997558594
3185.81316242255	821.359985351563
3187.81646835896	821.440002441406
3189.81920247013	819.640014648438
3191.82136498122	820
3193.82295611727	822.200012207031
3195.82397610321	823.679992675781
3197.82442516385	825.359985351563
3199.82430352386	821.880004882813
3201.82361140782	823.239990234375
3203.82234904018	823.799987792969
3205.82051664529	823.840026855469
3207.81811444735	824.799987792969
3209.81514267047	825.039978027344
3211.81160153863	825.280029296875
3213.80749127571	823.039978027344
3215.80281210545	823.640014648438
3217.79756425148	825.599975585938
3219.79174793733	825.280029296875
3221.7853633864	823.320007324219
3223.77841082196	824.719970703125
3225.77089046719	826.320007324219
3227.76280254513	828.640014648438
3229.75414727873	826.239990234375
3231.74492489081	829.599975585938
3233.73513560406	829.599975585938
3235.72477964107	825.679992675781
3237.71385722431	826.200012207031
3239.70236857614	830.599975585938
3241.6903139188	829.679992675781
3243.6776934744	828.840026855469
3245.66450746496	827.919982910156
3247.65075611237	830
3249.63643963841	828.840026855469
3251.62155826472	830.599975585938
3253.60611221287	825.599975585938
3255.59010170428	826.039978027344
3257.57352696026	828.719970703125
3259.55638820202	831.159973144531
3261.53868565064	829.919982910156
3263.52041952708	830.760009765625
3265.50159005221	831.440002441406
3267.48219744676	828.559997558594
3269.46224193136	827.799987792969
3271.44172372651	831.039978027344
3273.42064305262	832.440002441406
3275.39900012996	832.640014648438
3277.3767951787	830.919982910156
3279.35402841889	830.159973144531
3281.33070007047	831
3283.30681035326	833.320007324219
3285.28235948698	828.679992675781
3287.25734769121	832.080017089844
3289.23177518544	831.760009765625
3291.20564218903	829.400024414063
3293.17894892124	826.400024414063
3295.1516956012	825.47998046875
3297.12388244795	828.559997558594
3299.09550968039	832.52001953125
3301.06657751732	831.880004882813
3303.03708617743	833.119995117188
3305.00703587929	831.47998046875
3306.97642684135	830.200012207031
3308.94525928196	830.159973144531
3310.91353341935	830.400024414063
3312.88124947164	830.039978027344
3314.84840765683	828.119995117188
3316.81500819282	828.200012207031
3318.78105129738	828.320007324219
3320.74653718818	829.159973144531
3322.71146608278	828.440002441406
3324.67583819861	829.359985351563
3326.639653753	828.559997558594
3328.60291296317	829.599975585938
3330.56561604621	828.039978027344
3332.52776321913	828
3334.4893546988	829.960021972656
3336.45039070198	828.840026855469
3338.41087144533	828.039978027344
3340.37079714539	830.119995117188
3342.33016801859	828.359985351563
3344.28898428124	827.640014648438
3346.24724614955	830.719970703125
3348.20495383962	830.119995117188
3350.16210756742	828.119995117188
3352.11870754883	827.200012207031
3354.07475399961	827.47998046875
3356.03024713539	827.559997558594
3357.98518717173	826.640014648438
3359.93957432403	829.840026855469
3361.89340880761	829.440002441406
3363.84669083768	829.400024414063
3365.79942062933	826.960021972656
3367.75159839753	826.960021972656
3369.70322435715	827.239990234375
3371.65429872295	829.919982910156
3373.60482170957	830.400024414063
3375.55479353155	831.599975585938
3377.50421440332	831.159973144531
3379.45308453918	830.080017089844
3381.40140415335	828.52001953125
3383.34917345991	829.599975585938
3385.29639267284	828.039978027344
3387.24306200602	829
3389.18918167321	830.679992675781
3391.13475188806	831.52001953125
3393.07977286411	831.320007324219
3395.02424481479	829.840026855469
3396.96816795342	828.760009765625
3398.91154249322	830.719970703125
3400.85436864728	829.400024414063
3402.79664662859	831.400024414063
3404.73837665004	831.440002441406
3406.67955892439	829.359985351563
3408.62019366432	831.760009765625
3410.56028108236	830.47998046875
3412.49982139096	832.640014648438
3414.43881480247	829.719970703125
3416.37726152909	830.559997558594
3418.31516178295	832.640014648438
3420.25251577605	832.840026855469
3422.18932372029	830.599975585938
3424.12558582746	831.080017089844
3426.06130230922	831.080017089844
3427.99647337717	829.119995117188
3429.93109924274	829.359985351563
3431.8651801173	827.960021972656
3433.79871621209	827.440002441406
3435.73170773824	827.039978027344
3437.66415490678	829.880004882813
3439.59605792862	829.679992675781
3441.52741701458	830.599975585938
3443.45823237536	831.640014648438
3445.38850422154	828.159973144531
3447.31823276362	826.599975585938
3449.24741821196	827.320007324219
3451.17606077684	823.599975585938
3453.10416066842	824.559997558594
3455.03171809674	826.239990234375
3456.95873327175	824.840026855469
3458.88520640329	823.719970703125
3460.81113770109	825.280029296875
3462.73652737477	822.760009765625
3464.66137563383	823.159973144531
3466.58568268769	824.159973144531
3468.50944874565	825.159973144531
3470.43267401689	824.599975585938
3472.3553587105	825.640014648438
3474.27750303545	824.400024414063
3476.19910720062	821.400024414063
3478.12017141476	818.359985351563
3480.04069588654	821.320007324219
3481.9606808245	823.440002441406
3483.88012643707	824.320007324219
3485.79903293259	822.52001953125
3487.7174005193	820.239990234375
3489.63522940532	817.960021972656
3491.55251979864	817.679992675781
3493.46927190719	817.239990234375
3495.38548593877	815.919982910156
3497.30116210107	814.359985351563
3499.21630060167	814.760009765625
3501.13090164807	813.760009765625
3503.04496544763	812.760009765625
3504.95849220763	812.840026855469
3506.87148213523	815.239990234375
3508.78393543748	814.119995117188
3510.69585232134	814.119995117188
3512.60723299365	813
3514.51807766116	813.400024414063
3516.42838653049	814.359985351563
3518.33815980819	810.880004882813
3520.24739770066	809.320007324219
3522.15610041423	809.400024414063
3524.06426815511	809.719970703125
3525.9719011294	808.280029296875
3527.87899954311	809.239990234375
3529.78556360213	808.119995117188
3531.69159351225	809.239990234375
3533.59708947916	809.440002441406
3535.50205170844	807.320007324219
3537.40648040556	806.440002441406
3539.3103757759	805.159973144531
3541.21373802472	804.159973144531
3543.11656735717	803.599975585938
3545.01886397833	801.840026855469
3546.92062809313	803.320007324219
3548.82185990643	803.559997558594
3550.72255962297	804
3552.62272744738	803.559997558594
3554.5223635842	802.200012207031
3556.42146823786	800.119995117188
3558.32004161268	800.280029296875
3560.21808391289	798.359985351563
3562.11559534259	799.159973144531
3564.01257610581	797.799987792969
3565.90902640645	798.159973144531
3567.80494644831	798.119995117188
3569.7003364351	797.880004882813
3571.59519657042	798.119995117188
3573.48952705774	798.640014648438
3575.38332810048	799.200012207031
3577.27659990191	797.239990234375
3579.16934266521	798.039978027344
3581.06155659346	798.320007324219
3582.95324188965	796.840026855469
3584.84439875663	796.080017089844
3586.73502739718	796.080017089844
3588.62512801397	794.159973144531
3590.51470080955	794.440002441406
3592.40374598639	794.47998046875
3594.29226374685	794.440002441406
3596.18025429317	794
3598.06771782751	792.039978027344
3599.95465455192	791.559997558594
3601.84106466834	791.960021972656
3603.72694837861	793.280029296875
3605.61230588447	792
3607.49713738756	791.719970703125
3609.38144308942	792.47998046875
3611.26522319148	793.52001953125
3613.14847789506	792.320007324219
3615.0312074014	790.400024414063
3616.91341191162	789.200012207031
3618.79509162674	789.760009765625
3620.67624674769	790.080017089844
3622.55687747528	789.280029296875
3624.43698401024	789
3626.31656655317	789.840026855469
3628.1956253046	789.280029296875
3630.07416046492	789.039978027344
3631.95217223446	788.400024414063
3633.82966081342	788.200012207031
3635.70662640191	786.919982910156
3637.58306919993	786.239990234375
3639.45898940739	785.359985351563
3641.33438722409	787.080017089844
3643.20926284973	785.359985351563
3645.08361648392	785.47998046875
3646.95744832614	785.599975585938
3648.8307585758	785.599975585938
3650.7035474322	785.559997558594
3652.57581509452	785.200012207031
3654.44756176188	784.719970703125
3656.31878763324	784.799987792969
3658.18949290753	784.440002441406
3660.05967778352	783.760009765625
3661.9293424599	782.919982910156
3663.79848713527	783.719970703125
3665.66711200812	783.400024414063
3667.53521727684	781.799987792969
3669.40280313972	782.640014648438
3671.26986979494	781.47998046875
3673.13641744059	781.280029296875
3675.00244627468	781.239990234375
