-140.373595351881	774.159973144531
-137.335129063906	774.119995117188
-134.297686810867	773.599975585938
-131.261268103955	773.679992675781
-128.225872454677	773.799987792969
-125.191499374839	773.640014648438
-122.158148376567	774.039978027344
-119.125818972292	773.760009765625
-116.094510674759	773.840026855469
-113.064222997021	773.52001953125
-110.034955452443	774.159973144531
-107.006707554687	773.799987792969
-103.979478817741	773.599975585938
-100.95326875589	773.880004882813
-97.928076883731	774.400024414063
-94.9039027161698	773.799987792969
-91.8807457684175	774
-88.8586055560018	773.960021972656
-85.8374815947384	773.880004882813
-82.8173734007715	773.679992675781
-79.7982804905411	773.880004882813
-76.7802023807988	773.559997558594
-73.7631385885914	773.640014648438
-70.7470886312892	773.320007324219
-67.732052026553	774.200012207031
-64.7180282923587	773.960021972656
-61.7050169469884	773.880004882813
-58.6930175090183	773.47998046875
-55.6820294973386	773.679992675781
-52.6720524311495	773.960021972656
-49.66308582994	773.599975585938
-46.6551292135171	773.799987792969
-43.6481821019882	773.440002441406
-40.6422440157577	773.799987792969
-37.6373144755424	773.52001953125
-34.6333930023594	773.679992675781
-31.630479117526	773.960021972656
-28.6285723426709	773.679992675781
-25.6276721997107	773.760009765625
-22.6277782108771	773.599975585938
-19.628889898701	773.760009765625
-16.6310067860081	774.359985351563
-13.6341283959385	775.239990234375
-10.6382542519231	780.280029296875
-7.64338387769432	804.47998046875
-4.64951679729502	845
-1.65665253506141	845.159973144531
1.33520938438089	824.599975585938
4.32606943608095	786
7.315928094803	775.200012207031
10.3047858350146	774
13.2926431308747	773.960021972656
16.2795004562541	773.679992675781
19.2653582847118	773.52001953125
22.2502170895187	774.119995117188
25.2340773436344	773.880004882813
28.216939519735	774.039978027344
31.1988040901939	774.200012207031
34.1796715270814	774.039978027344
37.1595423021732	773.960021972656
40.1384168869468	774.119995117188
43.1162957525854	774.159973144531
46.0931793699786	773.679992675781
49.0690682097059	773.640014648438
52.0439627420619	773.880004882813
55.0178634370476	773.880004882813
57.9907707643592	773.679992675781
60.9626851933962	773.840026855469
63.9336071932735	773.799987792969
66.9035372328018	773.880004882813
69.8724757804959	773.599975585938
72.8404233045826	773.679992675781
75.8073802729932	773.440002441406
78.7733471533597	773.840026855469
81.738324413019	773.880004882813
84.702312519025	773.47998046875
87.665311938125	773.320007324219
90.6273231367761	773.640014648438
93.5883465811569	773.679992675781
96.5483827371242	773.919982910156
99.5074320702731	773.799987792969
102.465495045889	773.640014648438
105.422572128961	773.840026855469
108.378663784199	773.919982910156
111.333770476014	773.960021972656
114.287892668528	774.239990234375
117.24103082557	773.719970703125
120.193185410674	773.880004882813
123.144356887097	773.840026855469
126.094545717786	774.440002441406
129.043752365413	774.440002441406
131.991977292355	774.719970703125
134.939220960695	774.960021972656
137.885483832232	775.200012207031
140.83076636847	775.640014648438
143.775069030632	774.960021972656
146.718392279644	776.039978027344
149.660736576149	776.52001953125
152.602102380488	777.080017089844
155.54249015274	776.760009765625
158.481900352672	777.880004882813
161.420333439765	778.239990234375
164.357789873227	778.52001953125
167.294270111968	778.760009765625
170.229774614617	779.359985351563
173.164303839496	780.119995117188
176.097858244675	781
179.030438287908	781.080017089844
181.962044426678	781.440002441406
184.89267711817	781.919982910156
187.822336819302	782.400024414063
190.751023986678	783
193.678739076648	783.52001953125
196.605482545255	783.679992675781
199.531254848261	784.679992675781
202.456056441152	784.559997558594
205.379887779119	784.599975585938
208.30274931708	784.359985351563
211.224641509656	784
214.145564811189	784.280029296875
217.06551967574	784.440002441406
219.984506557089	785.200012207031
222.902525908723	784.359985351563
225.819578183856	784.359985351563
228.735663835415	784.799987792969
231.650783316047	784.559997558594
234.564937078107	784.239990234375
237.478125573679	784.52001953125
240.390349254566	784
243.301608572278	784.679992675781
246.211903978051	784.640014648438
249.121235922839	784.599975585938
252.029604857321	786.119995117188
254.93701123188	786.359985351563
257.843455496632	787.359985351563
260.748938101415	786.719970703125
263.653459495766	787.599975585938
266.557020128967	787.039978027344
269.459620450005	787.960021972656
272.361260907595	787.919982910156
275.261941950168	788.440002441406
278.161664025874	789.440002441406
281.060427582592	788.679992675781
283.958233067921	789.47998046875
286.855080929176	788.599975585938
289.750971613398	787.960021972656
292.645905567344	787.719970703125
295.539883237503	788.239990234375
298.432905070079	787.799987792969
301.324971511007	787.719970703125
304.216083005931	788.359985351563
307.10624000023	788.919982910156
309.995442939003	792.119995117188
312.883692267071	794.359985351563
315.770988428979	801.719970703125
318.657331869	809.52001953125
321.542723031127	813.47998046875
324.427162359076	812.039978027344
327.310650296293	803.840026855469
330.193187285945	796.320007324219
333.074773770929	792.159973144531
335.955410193855	790.440002441406
338.835096997075	789
341.713834622655	787.52001953125
344.59162351239	787.599975585938
347.468464107802	786.840026855469
350.344356850137	787.679992675781
353.219302180373	787.320007324219
356.093300539208	787.159973144531
358.966352367073	787.080017089844
361.838458104123	786.840026855469
364.70961819024	785.880004882813
367.579833065031	785.320007324219
370.449103167837	785.679992675781
373.317428937727	785.960021972656
376.184810813496	786.039978027344
379.051249233659	786.359985351563
381.916744636474	785.280029296875
384.78129745992	786.400024414063
387.644908141706	786.320007324219
390.50757711927	786.440002441406
393.36930482978	785.320007324219
396.23009171014	786.239990234375
399.089938196969	785.960021972656
401.948844726631	785.760009765625
404.806811735214	786.119995117188
407.66383965853	787
410.519928932138	785.52001953125
413.375079991314	786
416.229293271071	786.039978027344
419.082569206155	785.719970703125
421.934908231031	786.52001953125
424.786310779917	785.960021972656
427.636777286748	785.280029296875
430.486308185189	786.159973144531
433.334903908649	786.119995117188
436.182564890262	786.760009765625
439.029291562898	786.320007324219
441.875084359157	785.719970703125
444.719943711374	785.960021972656
447.563870051618	786.200012207031
450.406863811695	786.280029296875
453.248925423132	785.039978027344
456.090055317208	786.119995117188
458.93025392492	785.719970703125
461.76952167701	786.359985351563
464.60785900395	786.719970703125
467.44526633595	786.359985351563
470.281744102955	785.280029296875
473.117292734635	784.679992675781
475.951912660415	785.760009765625
478.785604309439	785.640014648438
481.618368110592	787
484.450204492499	785.919982910156
487.281113883518	785.960021972656
490.111096711738	785.760009765625
492.940153404999	785.47998046875
495.768284390864	786.640014648438
498.595490096635	786.47998046875
501.421770949366	785.919982910156
504.247127375825	786.52001953125
507.071559802537	786.599975585938
509.89506865575	786.159973144531
512.717654361473	786.440002441406
515.539317345424	786.640014648438
518.360058033083	786.359985351563
521.179876849652	786.400024414063
523.998774220083	786.119995117188
526.816750569068	785.840026855469
529.633806321025	785.559997558594
532.44994190013	786.320007324219
535.265157730284	786.400024414063
538.079454235133	786.239990234375
540.892831838066	786.080017089844
543.705290962208	786.280029296875
546.516832030424	785.760009765625
549.32745546533	786.359985351563
552.137161689268	785.52001953125
554.945951124325	786.239990234375
557.753824192341	786.200012207031
560.560781314883	785.320007324219
563.36682291327	786.400024414063
566.171949408555	786
568.976161221537	785.640014648438
571.779458772759	786.52001953125
574.5818424825	785
577.383312770792	785.640014648438
580.183870057402	785.840026855469
582.983514761843	785.239990234375
585.782247303363	786.239990234375
588.580068100976	786.359985351563
591.376977573414	785.719970703125
594.172976139164	786.599975585938
596.968064216463	786.039978027344
599.762242223282	785.960021972656
602.555510577335	785.320007324219
605.347869696099	785.440002441406
608.139319996771	785.359985351563
610.929861896313	785.239990234375
613.719495811421	785.960021972656
616.508222158541	784.799987792969
619.296041353863	785.359985351563
622.082953813324	786.039978027344
624.868959952607	784.760009765625
627.654060187137	785.159973144531
630.438254932094	784.679992675781
633.221544602397	785
636.003929612719	785.960021972656
638.785410377468	785.400024414063
641.565987310814	785.919982910156
644.345660826665	786.159973144531
647.124431338674	785.919982910156
649.902299260252	785.440002441406
652.679265004552	784.559997558594
655.455328984475	785.159973144531
658.230491612671	786
661.004753301541	785.719970703125
663.778114463229	785.919982910156
666.550575509631	786.719970703125
669.322136852395	786.599975585938
672.092798902916	785.200012207031
674.862562072336	785.320007324219
677.631426771548	785.679992675781
680.399393411204	785.280029296875
683.166462401689	786.080017089844
685.93263415315	785.919982910156
688.697909075486	785.760009765625
691.462287578337	786.200012207031
694.225770071098	785.400024414063
696.988356962926	785.159973144531
699.750048662705	785.400024414063
702.5108455791	786.080017089844
705.270748120503	785.679992675781
708.029756695068	785.080017089844
710.787871710705	784.760009765625
713.545093575065	785.159973144531
716.301422695566	785.440002441406
719.056859479364	786.119995117188
721.811404333376	786
724.56505766427	787.119995117188
727.317819878473	786.200012207031
730.069691382148	786.200012207031
732.820672581226	785.200012207031
735.570763881396	785.080017089844
738.319965688092	785.119995117188
741.068278406496	785.919982910156
743.815702441559	785.760009765625
746.562238197974	785.960021972656
749.307886080196	785.679992675781
752.052646492436	786.080017089844
754.796519838656	786.840026855469
757.539506522567	786.719970703125
760.28160694765	786.799987792969
763.022821517128	786.200012207031
765.76315063399	786.599975585938
768.502594700972	786.119995117188
771.241154120572	786.039978027344
773.978829295045	785.599975585938
776.715620626397	785.679992675781
779.451528516396	785.640014648438
782.186553366565	786.47998046875
784.920695578179	786.880004882813
787.653955552283	787.440002441406
790.386333689662	787.440002441406
793.117830390877	787
795.848446056227	785.760009765625
798.578181085792	786.47998046875
801.307035879389	785.679992675781
804.035010836599	785
806.762106356774	785.239990234375
809.488322839013	785.47998046875
812.213660682169	785.559997558594
814.938120284866	785.400024414063
817.661702045482	785.239990234375
820.384406362153	785.119995117188
823.10623363278	785.159973144531
825.827184255014	785.679992675781
828.547258626283	785.52001953125
831.266457143747	786.52001953125
833.984780204358	785.159973144531
836.702228204804	785.559997558594
839.418801541552	785.239990234375
842.134500610814	785.359985351563
844.849325808575	784.919982910156
847.563277530579	786.280029296875
850.276356172319	785.239990234375
852.988562129066	786
855.69989579585	786.039978027344
858.410357567456	784.280029296875
861.119947838428	786.359985351563
863.828667003087	785.559997558594
866.536515455503	785.359985351563
869.243493589517	785.280029296875
871.949601798728	785.039978027344
874.654840476504	784.960021972656
877.359210015961	785.760009765625
880.062710810003	784.960021972656
882.765343251273	785.679992675781
885.467107732191	785.52001953125
888.168004644938	785.640014648438
890.868034381467	785.359985351563
893.567197333476	785.440002441406
896.265493892445	785.559997558594
898.962924449614	785.640014648438
901.659489395985	784.960021972656
904.355189122325	784.52001953125
907.050024019165	785.359985351563
909.743994476809	785.47998046875
912.437100885322	785.239990234375
915.129343634532	784.239990234375
917.820723114032	784.919982910156
920.511239713189	785.280029296875
923.200893821127	785.840026855469
925.889685826744	785.280029296875
928.577616118699	785.359985351563
931.264685085419	785.640014648438
933.950893115098	785.47998046875
936.6362405957	786.599975585938
939.320727914956	786
942.004355460359	785.719970703125
944.687123619173	785.200012207031
947.369032778431	785.200012207031
950.050083324934	785.159973144531
952.730275645247	785.039978027344
955.409610125711	785.080017089844
958.088087152423	785.47998046875
960.765707111263	784.799987792969
963.442470387871	785
966.118377367657	785.47998046875
968.793428435798	785.719970703125
971.467623977254	785.359985351563
974.140964376739	785
976.813450018737	785.280029296875
979.485081287511	785.320007324219
982.155858567087	785.440002441406
984.825782241271	785.239990234375
987.494852693624	785.039978027344
990.163070307487	785.239990234375
992.830435465978	785.599975585938
995.496948551973	785.200012207031
998.162609948122	785.799987792969
1000.82742003685	786.400024414063
1003.49137920036	787.719970703125
1006.15448782061	787.52001953125
1008.81674627934	786.200012207031
1011.47815495806	785.039978027344
1014.13871423805	785.400024414063
1016.79842450037	784.799987792969
1019.45728612586	784.52001953125
1022.11529949509	784.440002441406
1024.77246498846	784
1027.4287829861	784.47998046875
1030.08425386792	784.679992675781
1032.73887801363	784.599975585938
1035.3926558027	785.200012207031
1038.04558761435	784.159973144531
1040.69767382761	785.119995117188
1043.34891482125	784.200012207031
1045.99931097384	784.320007324219
1048.64886266371	784.359985351563
1051.29757026898	784.840026855469
1053.94543416753	785.119995117188
1056.59245473701	784.760009765625
1059.23863235486	785.679992675781
1061.8839673983	784.880004882813
1064.5284602443	785.280029296875
1067.17211126962	784.960021972656
1069.8149208508	785.119995117188
1072.45688936415	784.960021972656
1075.09801718577	785.440002441406
1077.7383046915	784.159973144531
1080.377752257	785.119995117188
1083.01636025767	785.400024414063
1085.65412906872	785.919982910156
1088.2910590651	786.039978027344
1090.92715062157	785.719970703125
1093.56240411266	785.799987792969
1096.19681991265	785.559997558594
1098.83039839564	785.359985351563
1101.46313993547	785.679992675781
1104.09504490579	785.760009765625
1106.72611368	784.919982910156
1109.35634663129	784.840026855469
1111.98574413263	784
1114.61430655677	784.239990234375
1117.24203427624	784.52001953125
1119.86892766333	784.239990234375
1122.49498709014	784.280029296875
1125.12021292851	785.080017089844
1127.74460555011	783.919982910156
1130.36816532634	785.039978027344
1132.99089262841	784.400024414063
1135.6127878273	784.280029296875
1138.23385129376	783.559997558594
1140.85408339834	783.239990234375
1143.47348451137	783.719970703125
1146.09205500294	783.719970703125
1148.70979524293	783.760009765625
1151.326705601	783.599975585938
1153.9427864466	783
1156.55803814896	783.47998046875
1159.17246107707	783.280029296875
1161.78605559974	783.679992675781
1164.39882208551	784.039978027344
1167.01076090276	784.239990234375
1169.6218724196	783.47998046875
1172.23215700396	783.840026855469
1174.84161502352	784.47998046875
1177.45024684578	784.039978027344
1180.05805283799	783.159973144531
1182.66503336719	784.239990234375
1185.27118880021	784.080017089844
1187.87651950367	783.799987792969
1190.48102584395	783.359985351563
1193.08470818723	783.919982910156
1195.68756689948	784.119995117188
1198.28960234643	783.640014648438
1200.89081489363	784.400024414063
1203.49120490636	784.52001953125
1206.09077274974	785.679992675781
1208.68951878864	784.320007324219
1211.28744338773	785.440002441406
1213.88454691145	784.159973144531
1216.48082972404	784.119995117188
1219.07629218953	784.440002441406
1221.6709346717	784.559997558594
1224.26475753416	784.239990234375
1226.85776114028	784.400024414063
1229.44994585322	785.880004882813
1232.04131203592	785.559997558594
1234.63186005112	786.52001953125
1237.22159026133	786.599975585938
1239.81050302886	786.47998046875
1242.3985987158	786.960021972656
1244.98587768402	786.679992675781
1247.5723402952	786.400024414063
1250.15798691078	786.760009765625
1252.74281789199	786.200012207031
1255.32683359987	786.599975585938
1257.91003439523	787.440002441406
1260.49242063865	786.679992675781
1263.07399269055	786.559997558594
1265.65475091108	786.440002441406
1268.23469566021	787.039978027344
1270.81382729769	786.039978027344
1273.39214618306	785.400024414063
1275.96965267566	785.919982910156
1278.54634713458	785.559997558594
1281.12222991875	786.52001953125
1283.69730138685	786.280029296875
1286.27156189737	785.840026855469
1288.84501180858	785.47998046875
1291.41765147853	785.679992675781
1293.98948126509	785.880004882813
1296.56050152589	785.719970703125
1299.13071261837	785.440002441406
1301.70011489973	787.039978027344
1304.268708727	787.039978027344
1306.83649445698	787
1309.40347244625	786.320007324219
1311.96964305119	785.919982910156
1314.53500662799	786.640014648438
1317.0995635326	786.679992675781
1319.66331412077	786.359985351563
1322.22625874806	786.799987792969
1324.7883977698	787.200012207031
1327.34973154112	786.359985351563
1329.91026041694	785.799987792969
1332.46998475197	786.159973144531
1335.0289049007	786.080017089844
1337.58702121746	786.559997558594
1340.14433405631	787.119995117188
1342.70084377115	787.359985351563
1345.25655071563	787.200012207031
1347.81145524323	786.440002441406
1350.36555770721	786.080017089844
1352.91885846062	784.440002441406
1355.47135785631	784.440002441406
1358.02305624691	785.200012207031
1360.57395398486	784.320007324219
1363.12405142237	785.039978027344
1365.67334891148	783.559997558594
1368.22184680399	783.599975585938
1370.76954545151	784.039978027344
1373.31644520545	783.919982910156
1375.86254641699	784.039978027344
1378.40784943713	783.640014648438
1380.95235461666	783.320007324219
1383.49606230615	784.440002441406
1386.03897285598	783.559997558594
1388.58108661632	783.760009765625
1391.12240393713	783.359985351563
1393.66292516818	784.080017089844
1396.20265065903	783.440002441406
1398.74158075901	784.080017089844
1401.2797158173	783.880004882813
1403.81705618282	783.599975585938
1406.35360220431	784
1408.88935423032	783.960021972656
1411.42431260919	783.840026855469
1413.95847768903	783.200012207031
1416.49184981777	783.440002441406
1419.02442934314	783.280029296875
1421.55621661266	784.119995117188
1424.08721197364	784.359985351563
1426.61741577321	784.47998046875
1429.14682835828	783.719970703125
1431.67545007555	783.880004882813
1434.20328127153	784.119995117188
1436.73032229253	784.679992675781
1439.25657348466	784.640014648438
1441.78203519381	785.52001953125
1444.3067077657	785.440002441406
1446.83059154581	787.440002441406
1449.35368687944	786.799987792969
1451.8759941117	786.880004882813
1454.39751358748	786.400024414063
1456.91824565148	786.880004882813
1459.43819064818	786.159973144531
1461.95734892189	785.960021972656
1464.4757208167	785.440002441406
1466.99330667649	785.760009765625
1469.51010684497	785.760009765625
1472.02612166564	783.760009765625
1474.54135148177	783.679992675781
1477.05579663646	784.359985351563
1479.56945747262	783.239990234375
1482.08233433293	783.679992675781
1484.59442755989	782.919982910156
1487.10573749579	783.239990234375
1489.61626448275	783.47998046875
1492.12600886264	783.440002441406
1494.63497097718	782.760009765625
1497.14315116786	781.960021972656
1499.65054977599	781.52001953125
1502.15716714267	781.359985351563
1504.66300360881	781.719970703125
1507.16805951512	781.719970703125
1509.67233520211	781.599975585938
1512.1758310101	781.719970703125
1514.67854727919	780.880004882813
1517.18048434931	782.159973144531
1519.68164256018	781.359985351563
1522.18202225132	781
1524.68162376207	781.039978027344
1527.18044743155	781.47998046875
1529.67849359869	781.200012207031
1532.17576260224	781.320007324219
1534.67225478072	781.320007324219
1537.1679704725	781.239990234375
1539.66291001572	781.640014648438
1542.15707374832	781.320007324219
1544.65046200807	781.880004882813
1547.14307513254	781.880004882813
1549.63491345907	781.440002441406
1552.12597732485	782.159973144531
1554.61626706685	782.52001953125
1557.10578302185	782.52001953125
1559.59452552644	782.200012207031
1562.082494917	782.320007324219
1564.56969152973	781.960021972656
1567.05611570064	782.320007324219
1569.54176776552	783.440002441406
1572.02664806	783.559997558594
1574.51075691949	783.039978027344
1576.99409467921	783.52001953125
1579.4766616742	783.080017089844
1581.95845823929	783.400024414063
1584.43948470912	783.799987792969
1586.91974141815	783.320007324219
1589.39922870064	782.880004882813
1591.87794689064	783.239990234375
1594.35589632202	783.119995117188
1596.83307732848	782.919982910156
1599.30949024348	783.559997558594
1601.78513540033	784.400024414063
1604.26001313211	784.200012207031
1606.73412377175	784.52001953125
1609.20746765196	783.880004882813
1611.68004510526	784
1614.15185646398	784.52001953125
1616.62290206026	785.080017089844
1619.09318222605	784.840026855469
1621.56269729311	784.559997558594
1624.031447593	784.960021972656
1626.4994334571	784.47998046875
1628.9666552166	785.239990234375
1631.43311320248	785.159973144531
1633.89880774554	784.919982910156
1636.3637391764	785.960021972656
1638.82790782548	785.760009765625
1641.29131402301	785.359985351563
1643.75395809903	785.640014648438
1646.21584038339	786.159973144531
1648.67696120575	786.640014648438
1651.13732089558	786.760009765625
1653.59691978216	787.679992675781
1656.05575819459	788.119995117188
1658.51383646175	786.719970703125
1660.97115491238	787.599975585938
1663.42771387498	786.880004882813
1665.8835136779	787.119995117188
1668.33855464928	787.119995117188
1670.79283711708	786.039978027344
1673.24636140907	786.440002441406
1675.69912785282	784.799987792969
1678.15113677572	785.679992675781
1680.602388505	784.359985351563
1683.05288336764	784.320007324219
1685.50262169049	784.239990234375
1687.95160380019	783.159973144531
1690.39983002318	782.760009765625
1692.84730068573	783.159973144531
1695.29401611392	782.039978027344
1697.73997663364	782.200012207031
1700.18518257059	781.760009765625
1702.6296342503	781.320007324219
1705.07333199807	781.760009765625
1707.51627613907	781.039978027344
1709.95846699824	780.320007324219
1712.39990490036	780.679992675781
1714.84059017001	780.440002441406
1717.28052313159	780
1719.7197041093	779.840026855469
1722.15813342718	780.47998046875
1724.59581140906	779.799987792969
1727.03273837859	780.200012207031
1729.46891465926	779.719970703125
1731.90434057432	779.919982910156
1734.3390164469	779.119995117188
1736.7729425999	779.080017089844
1739.20611935604	779.559997558594
1741.63854703787	779.599975585938
1744.07022596776	778.960021972656
1746.50115646787	779.119995117188
1748.93133886019	778.320007324219
1751.36077346652	778.760009765625
1753.7894606085	779.320007324219
1756.21740060755	778.919982910156
1758.64459378494	778.52001953125
1761.07104046172	778.719970703125
1763.49674095879	778.599975585938
1765.92169559684	778.640014648438
1768.3459046964	778.280029296875
1770.7693685778	778.840026855469
1773.1920875612	778.960021972656
1775.61406196656	778.799987792969
1778.03529211367	778.880004882813
1780.45577832214	778.679992675781
1782.87552091138	778.599975585938
1785.29452020064	778.840026855469
1787.71277650897	778.559997558594
1790.13029015525	778.52001953125
1792.54706145817	778.359985351563
1794.96309073625	778.280029296875
1797.3783783078	778.280029296875
1799.79292449097	778.599975585938
1802.20672960375	777.960021972656
1804.61979396389	778.919982910156
1807.03211788902	778.719970703125
1809.44370169655	778.400024414063
1811.85454570373	777.960021972656
1814.2646502276	777.880004882813
1816.67401558506	778.159973144531
1819.0826420928	778.52001953125
1821.49053006734	778.47998046875
1823.89767982501	778.52001953125
1826.30409168198	778.280029296875
1828.70976595422	778.280029296875
1831.11470295753	777.400024414063
1833.51890300752	777.679992675781
1835.92236641964	778.400024414063
1838.32509350914	778.52001953125
1840.72708459111	777.880004882813
1843.12833998044	777.840026855469
1845.52885999184	777.440002441406
1847.92864493987	777.280029296875
1850.32769513889	778.320007324219
1852.72601090307	778.200012207031
1855.12359254642	777.719970703125
1857.52044038278	777.599975585938
1859.91655472578	777.799987792969
1862.31193588889	777.52001953125
1864.70658418542	778
1867.10049992847	777.400024414063
1869.49368343096	777.719970703125
1871.88613500568	777.880004882813
1874.27785496518	777.840026855469
1876.66884362188	778.159973144531
1879.059101288	778
1881.44862827559	777.640014648438
1883.8374248965	778.559997558594
1886.22549146246	777.919982910156
1888.61282828495	778.080017089844
1890.99943567534	777.159973144531
1893.38531394477	778
1895.77046340424	777.679992675781
1898.15488436455	778.200012207031
1900.53857713634	777.880004882813
1902.92154203006	777.719970703125
1905.303779356	778.359985351563
1907.68528942426	778.039978027344
1910.06607254477	778.080017089844
1912.44612902729	778.119995117188
1914.82545918139	778
1917.20406331648	777.960021972656
1919.58194174178	778.239990234375
1921.95909476634	777.52001953125
1924.33552269905	778.320007324219
1926.71122584861	777.640014648438
1929.08620452353	778.039978027344
1931.46045903219	777.679992675781
1933.83398968275	777.840026855469
1936.20679678322	778.080017089844
1938.57888064142	778.080017089844
1940.95024156502	777.880004882813
1943.3208798615	778
1945.69079583816	778.080017089844
1948.05998980213	777.640014648438
1950.42846206038	778
1952.79621291969	777.919982910156
1955.16324268668	777.880004882813
1957.52955166778	778.320007324219
1959.89514016927	777.799987792969
1962.26000849723	777.799987792969
1964.62415695759	777.47998046875
1966.98758585609	777.880004882813
1969.3502954983	777.960021972656
1971.71228618964	778.159973144531
1974.07355823532	777.719970703125
1976.43411194042	778.039978027344
1978.79394760981	777.799987792969
1981.1530655482	777.799987792969
1983.51146606014	778
1985.86914944999	778.119995117188
1988.22611602196	777.440002441406
1990.58236608007	777.840026855469
1992.93789992817	778.239990234375
1995.29271786995	778.320007324219
1997.64682020892	777.919982910156
2000.00020724843	777.840026855469
2002.35287929162	777.719970703125
2004.70483664152	778.400024414063
2007.05607960095	778.280029296875
2009.40660847256	778.039978027344
2011.75642355884	778.320007324219
2014.1055251621	777.919982910156
2016.4539135845	778.119995117188
2018.80158912802	777.880004882813
2021.14855209444	778.440002441406
2023.49480278542	778.440002441406
2025.84034150242	778.239990234375
2028.18516854673	778.039978027344
2030.52928421948	777.440002441406
2032.87268882163	778.080017089844
2035.21538265398	778.400024414063
2037.55736601713	777.799987792969
2039.89863921153	778.640014648438
2042.23920253747	778.280029296875
2044.57905629506	777.679992675781
2046.91820078425	778.280029296875
2049.2566363048	778.080017089844
2051.59436315633	777.47998046875
2053.93138163827	778.200012207031
2056.2676920499	778.039978027344
2058.6032946903	778.47998046875
2060.93818985843	777.919982910156
2063.27237785303	777.719970703125
2065.60585897272	778.159973144531
2067.93863351592	777.719970703125
2070.27070178089	778.239990234375
2072.60206406574	778.159973144531
2074.93272066838	778.280029296875
2077.26267188658	778.080017089844
2079.59191801793	778.280029296875
2081.92045935985	778.320007324219
2084.24829620962	777.719970703125
2086.57542886431	778.400024414063
2088.90185762087	778.200012207031
2091.22758277604	778.52001953125
2093.55260462643	778.599975585938
2095.87692346845	777.47998046875
2098.20053959837	778.400024414063
2100.52345331229	777.440002441406
2102.84566490614	777.640014648438
2105.16717467567	777.840026855469
2107.48798291649	778.080017089844
2109.80808992403	778.440002441406
2112.12749599355	778.200012207031
2114.44620142016	777.880004882813
2116.7642064988	778.119995117188
2119.08151152423	778.559997558594
2121.39811679106	777.760009765625
2123.71402259374	778.239990234375
2126.02922922653	777.840026855469
2128.34373698356	778.280029296875
2130.65754615876	778.960021972656
2132.97065704594	778.280029296875
2135.28306993869	777.919982910156
2137.59478513047	778.440002441406
2139.90580291459	777.840026855469
2142.21612358416	778.280029296875
2144.52574743214	778.799987792969
2146.83467475134	778.359985351563
2149.1429058344	778.400024414063
2151.45044097377	777.880004882813
2153.75728046178	777.799987792969
2156.06342459057	778.119995117188
2158.36887365212	777.840026855469
2160.67362793825	778.640014648438
2162.97768774061	778.280029296875
2165.28105335071	778.280029296875
2167.58372505987	778.320007324219
2169.88570315926	778.200012207031
2172.18698793988	778.440002441406
2174.48757969258	777.919982910156
2176.78747870805	777.440002441406
2179.08668527679	778.400024414063
2181.38519968917	778.320007324219
2183.68302223538	778.039978027344
2185.98015320547	777.359985351563
2188.27659288929	778.039978027344
2190.57234157656	777.960021972656
2192.86739955682	777.840026855469
2195.16176711948	777.799987792969
2197.45544455375	778.200012207031
2199.74843214869	777.640014648438
2202.04073019322	776.840026855469
2204.33233897607	777.52001953125
2206.62325878583	777.840026855469
2208.91348991093	777.599975585938
2211.20303263961	778.440002441406
2213.49188726	777.719970703125
2215.78005406001	777.840026855469
2218.06753332744	777.559997558594
2220.35432534991	777.559997558594
2222.64043041487	777.52001953125
2224.92584880964	777.320007324219
2227.21058082134	777.919982910156
2229.49462673696	777.960021972656
2231.77798684332	777.52001953125
2234.06066142709	777.440002441406
2236.34265077477	777.440002441406
2238.62395517269	776.919982910156
2240.90457490706	777.559997558594
2243.18451026388	777.960021972656
2245.46376152904	777.200012207031
2247.74232898823	777.119995117188
2250.02021292701	778.119995117188
2252.29741363077	777.159973144531
2254.57393138475	777.840026855469
2256.849766474	777.760009765625
2259.12491918346	777.280029296875
2261.39938979788	777.119995117188
2263.67317860185	776.799987792969
2265.94628587983	777.320007324219
2268.2187119161	777.280029296875
2270.49045699478	777.200012207031
2272.76152139985	777.239990234375
2275.03190541511	777.47998046875
2277.30160932421	777.200012207031
2279.57063341067	777.239990234375
2281.83897795781	777.200012207031
2284.10664324882	777.200012207031
2286.37362956672	777.239990234375
2288.63993719439	777.719970703125
2290.90556641454	777.359985351563
2293.17051750973	777.47998046875
2295.43479076235	777.440002441406
2297.69838645465	777.400024414063
2299.96130486871	777.400024414063
2302.22354628647	777.47998046875
2304.48511098971	777.719970703125
2306.74599926003	777.080017089844
2309.00621137891	777.440002441406
2311.26574762765	776.919982910156
2313.52460828741	777.239990234375
2315.78279363917	777.679992675781
2318.04030396379	777.320007324219
2320.29713954195	777.400024414063
2322.55330065418	776.840026855469
2324.80878758085	777.400024414063
2327.06360060219	776.919982910156
2329.31773999826	777.280029296875
2331.57120604897	777.52001953125
2333.82399903409	777.119995117188
2336.0761192332	776.679992675781
2338.32756692577	777
2340.57834239108	777.47998046875
2342.82844590827	776.760009765625
2345.07787775633	776.799987792969
2347.32663821409	777.200012207031
2349.57472756023	776.880004882813
2351.82214607327	776.760009765625
2354.06889403158	777.239990234375
2356.31497171337	776.840026855469
2358.56037939672	776.880004882813
2360.80511735953	776.919982910156
2363.04918587955	777.239990234375
2365.29258523439	776.960021972656
2367.5353157015	777.280029296875
2369.77737755817	776.880004882813
2372.01877108156	776.799987792969
2374.25949654865	777.400024414063
2376.49955423629	776.960021972656
2378.73894442115	776.799987792969
2380.97766737977	776.799987792969
2383.21572338855	776.919982910156
2385.45311272369	777.239990234375
2387.68983566129	776.320007324219
2389.92589247727	777.119995117188
2392.1612834474	776.960021972656
2394.39600884731	776.280029296875
2396.63006895246	776.840026855469
2398.86346403818	777.159973144531
2401.09619437962	776.52001953125
2403.32826025182	777.080017089844
2405.55966192963	776.880004882813
2407.79039968777	776.359985351563
2410.0204738008	776.52001953125
2412.24988454313	777.039978027344
2414.47863218902	777.679992675781
2416.70671701258	776.47998046875
2418.93413928778	776.400024414063
2421.16089928842	776.919982910156
2423.38699728817	776.559997558594
2425.61243356052	777
2427.83720837884	777.200012207031
2430.06132201633	776.039978027344
2432.28477474606	777.280029296875
2434.50756684093	776.640014648438
2436.72969857371	776.840026855469
2438.95117021699	777.159973144531
2441.17198204325	776.280029296875
2443.39213432478	776.47998046875
2445.61162733376	776.52001953125
2447.83046134218	776.799987792969
2450.04863662192	776.679992675781
2452.26615344468	776.47998046875
2454.48301208203	776.47998046875
2456.69921280539	777
2458.91475588602	776.559997558594
2461.12964159504	777.080017089844
2463.34387020342	776.52001953125
2465.55744198198	776.400024414063
2467.77035720139	776.679992675781
2469.98261613217	776.52001953125
2472.1942190447	776.840026855469
2474.40516620922	776.760009765625
2476.6154578958	776.880004882813
2478.82509437436	777.52001953125
2481.03407591471	776.919982910156
2483.24240278646	776.080017089844
2485.45007525911	776.159973144531
2487.65709360202	776.679992675781
2489.86345808435	776.47998046875
2492.06916897518	776.799987792969
2494.27422654339	777.039978027344
2496.47863105774	776.52001953125
2498.68238278683	776.799987792969
2500.88548199912	776.47998046875
2503.08792896294	776
2505.28972394643	776.640014648438
2507.49086721763	776.359985351563
2509.6913590444	776.47998046875
2511.89119969447	776.599975585938
2514.09038943543	776.159973144531
2516.2889285347	776.960021972656
2518.48681725957	776.440002441406
2520.6840558772	776.599975585938
2522.88064465456	777.039978027344
2525.07658385852	776.719970703125
2527.27187375578	776.719970703125
2529.4665146129	776.640014648438
2531.66050669629	776.52001953125
2533.85385027222	776.799987792969
2536.04654560681	776.359985351563
2538.23859296605	776.47998046875
2540.42999261577	776.599975585938
2542.62074482166	776.159973144531
2544.81084984925	776.760009765625
2547.00030796395	776.280029296875
2549.18911943101	776.719970703125
2551.37728451555	776.359985351563
2553.56480348252	776.200012207031
2555.75167659675	776.47998046875
2557.93790412292	776.760009765625
2560.12348632556	776.559997558594
2562.30842346905	776.640014648438
2564.49271581764	776.919982910156
2566.67636363544	776.760009765625
2568.85936718639	776.679992675781
2571.04172673431	776.359985351563
2573.22344254288	776.200012207031
2575.40451487562	776.359985351563
2577.58494399591	776.200012207031
2579.76473016699	776.960021972656
2581.94387365196	776.280029296875
2584.12237471377	776.760009765625
2586.30023361523	776.52001953125
2588.47745061901	776.47998046875
2590.65402598763	776.359985351563
2592.82995998348	776.400024414063
2595.0052528688	776.880004882813
2597.17990490568	777.400024414063
2599.35391635608	776.359985351563
2601.52728748181	776.840026855469
2603.70001854454	776.559997558594
2605.8721098058	776.719970703125
2608.04356152698	776.119995117188
2610.21437396931	776.799987792969
2612.3845473939	776.599975585938
2614.55408206173	776.640014648438
2616.72297823359	776.719970703125
2618.89123617017	776.679992675781
2621.058856132	776.760009765625
2623.22583837949	777.080017089844
2625.39218317288	777.280029296875
2627.55789077229	776.880004882813
2629.72296143769	776.880004882813
2631.88739542891	776.599975585938
2634.05119300563	776.960021972656
2636.21435442742	776.640014648438
2638.37687995367	776.679992675781
2640.53876984365	776.840026855469
2642.70002435649	776.47998046875
2644.86064375119	776.880004882813
2647.02062828658	776.239990234375
2649.17997822137	776.640014648438
2651.33869381413	776.52001953125
2653.49677532328	776.799987792969
2655.65422300711	776.599975585938
2657.81103712378	776.760009765625
2659.96721793127	776.799987792969
2662.12276568747	776.599975585938
2664.2776806501	777.119995117188
2666.43196307675	777
2668.58561322486	776.280029296875
2670.73863135176	777.119995117188
2672.8910177146	776.640014648438
2675.04277257043	776.719970703125
2677.19389617612	776.679992675781
2679.34438878845	776.440002441406
2681.49425066402	777.039978027344
2683.64348205931	776.919982910156
2685.79208323065	776.840026855469
2687.94005443425	777.119995117188
2690.08739592617	776.52001953125
2692.23410796233	776.359985351563
2694.38019079852	777
2696.52564469038	777.080017089844
2698.67046989342	776.919982910156
2700.81466666302	777.200012207031
2702.9582352544	777.47998046875
2705.10117592265	777.080017089844
2707.24348892275	776.719970703125
2709.3851745095	777.760009765625
2711.5262329376	777.159973144531
2713.66666446158	777.080017089844
2715.80646933585	776.719970703125
2717.94564781468	777.599975585938
2720.08420015222	777.559997558594
2722.22212660245	777.239990234375
2724.35942741923	777.080017089844
2726.49610285628	777.47998046875
2728.63215316721	777.640014648438
2730.76757860544	778.400024414063
2732.9023794243	777.440002441406
2735.03655587697	777.440002441406
2737.17010821648	777.559997558594
2739.30303669573	777.840026855469
2741.4353415675	777.760009765625
2743.56702308442	777.47998046875
2745.69808149898	777.599975585938
2747.82851706355	776.960021972656
2749.95833003034	777.47998046875
2752.08752065145	777.200012207031
2754.21608917883	776.880004882813
2756.3440358643	776.559997558594
2758.47136095954	776.719970703125
2760.59806471609	777.52001953125
2762.72414738537	777.080017089844
2764.84960921865	777.799987792969
2766.97445046708	777.679992675781
2769.09867138166	777.039978027344
2771.22227221326	777.280029296875
2773.34525321263	777.119995117188
2775.46761463035	777.919982910156
2777.58935671691	777.159973144531
2779.71047972262	777.280029296875
2781.83098389771	777.320007324219
2783.95086949221	777.440002441406
2786.07013675607	777.799987792969
2788.18878593908	777.200012207031
2790.3068172909	777.640014648438
2792.42423106106	777.760009765625
2794.54102749895	777.52001953125
2796.65720685384	777.679992675781
2798.77276937486	777.559997558594
2800.88771531098	777.159973144531
2803.00204491107	777.080017089844
2805.11575842387	777.880004882813
2807.22885609796	778.239990234375
2809.34133818179	778.200012207031
2811.4532049237	778.039978027344
2813.56445657189	778
2815.6750933744	778.119995117188
2817.78511557916	778.159973144531
2819.89452343398	778.47998046875
2822.00331718652	778.599975585938
2824.11149708429	778.239990234375
2826.2190633747	778.320007324219
2828.32601630502	778.47998046875
2830.43235612237	778.559997558594
2832.53808307375	778.960021972656
2834.64319740603	779.119995117188
2836.74769936595	779.080017089844
2838.85158920011	779.640014648438
2840.95486715497	780.080017089844
2843.05753347689	780.840026855469
2845.15958841206	781.599975585938
2847.26103220657	782.640014648438
2849.36186510636	783.039978027344
2851.46208735724	783.280029296875
2853.56169920488	783.799987792969
2855.66070089485	783.799987792969
2857.75909267257	784.159973144531
2859.85687478332	784.880004882813
2861.95404747225	785.400024414063
2864.05061098439	785.840026855469
2866.14656556464	785.919982910156
2868.24191145777	786.599975585938
2870.3366489084	787.840026855469
2872.43077816104	787.559997558594
2874.52429946006	788.039978027344
2876.61721304971	787.960021972656
2878.70951917409	788.119995117188
2880.8012180772	789.239990234375
2882.89231000287	789.080017089844
2884.98279519483	789.919982910156
2887.07267389667	788.919982910156
2889.16194635186	788.320007324219
2891.25061280373	789.880004882813
2893.33867349546	790.799987792969
2895.42612867015	791.52001953125
2897.51297857074	791
2899.59922344003	791.359985351563
2901.68486352071	791.080017089844
2903.76989905533	791.47998046875
2905.85433028632	792
2907.93815745598	792.200012207031
2910.02138080648	793.719970703125
2912.10400057985	793.039978027344
2914.186017018	793.440002441406
2916.26743036271	794.919982910156
2918.34824085563	795.960021972656
2920.4284487383	795.719970703125
2922.5080542521	795.599975585938
2924.58705763829	797.52001953125
2926.66545913802	798.960021972656
2928.74325899231	798.47998046875
2930.82045744202	798.080017089844
2932.89705472792	798.880004882813
2934.97305109062	799.080017089844
2937.04844677063	799.799987792969
2939.12324200832	800.640014648438
2941.19743704393	800.719970703125
2943.27103211757	798.640014648438
2945.34402746923	798.960021972656
2947.41642333876	797.200012207031
2949.48821996592	796.239990234375
2951.55941759028	795.679992675781
2953.63001645135	795.47998046875
2955.70001678845	794.799987792969
2957.76941884083	794.599975585938
2959.83822284757	794.359985351563
2961.90642904764	793
2963.97403767988	793.080017089844
2966.04104898302	794
2968.10746319565	794.239990234375
2970.17328055621	793.239990234375
2972.23850130305	792.599975585938
2974.30312567438	792.52001953125
2976.36715390829	791.760009765625
2978.43058624273	790.960021972656
2980.49342291553	792.280029296875
2982.55566416439	791.919982910156
2984.61731022691	790.799987792969
2986.67836134051	790.960021972656
2988.73881774255	791.080017089844
2990.79867967021	790.640014648438
2992.85794736058	789.400024414063
2994.9166210506	789.239990234375
2996.97470097711	788.840026855469
2999.03218737679	788.760009765625
3001.08908048622	787.599975585938
3003.14538054186	787.880004882813
3005.20108778002	788.599975585938
3007.25620243691	788.640014648438
3009.3107247486	787.760009765625
3011.36465495104	787.52001953125
3013.41799328004	787.760009765625
3015.47073997133	787.47998046875
3017.52289526045	786.039978027344
3019.57445938288	787.47998046875
3021.62543257393	787.039978027344
3023.6758150688	787.640014648438
3025.72560710258	787.239990234375
3027.77480891021	788.119995117188
3029.82342072652	788.119995117188
3031.87144278622	788.039978027344
3033.91887532389	788.280029296875
3035.96571857399	788.119995117188
3038.01197277084	790.400024414063
3040.05763814867	789.440002441406
3042.10271494154	790.239990234375
3044.14720338344	789.559997558594
3046.19110370818	790.919982910156
3048.2344161495	789.760009765625
3050.27714094097	791.440002441406
3052.31927831608	791.320007324219
3054.36082850816	792.159973144531
3056.40179175044	792.080017089844
3058.44216827602	793.400024414063
3060.48195831786	793.840026855469
3062.52116210884	793.080017089844
3064.55977988167	792.52001953125
3066.59781186897	792.400024414063
3068.63525830322	792.840026855469
3070.67211941678	795.119995117188
3072.7083954419	795.880004882813
3074.7440866107	794.320007324219
3076.77919315516	793.960021972656
3078.81371530716	795.400024414063
3080.84765329846	796.559997558594
3082.88100736068	795.119995117188
3084.91377772534	795.760009765625
3086.94596462381	795.52001953125
3088.97756828737	795.799987792969
3091.00858894714	796.52001953125
3093.03902683417	797.47998046875
3095.06888217933	797.47998046875
3097.09815521342	797.239990234375
3099.12684616709	798
3101.15495527087	797.880004882813
3103.18248275518	799.400024414063
3105.20942885031	799.919982910156
3107.23579378642	801.919982910156
3109.26157779358	800.200012207031
3111.28678110171	799.960021972656
3113.31140394062	802.640014648438
3115.33544654	804.400024414063
3117.35890912942	804.640014648438
3119.38179193832	804
3121.40409519602	805
3123.42581913174	804.719970703125
3125.44696397457	804.200012207031
3127.46752995345	806.559997558594
3129.48751729725	807.760009765625
3131.50692623469	810.119995117188
3133.52575699436	806.880004882813
3135.54400980476	810.119995117188
3137.56168489425	809.039978027344
3139.57878249108	809.440002441406
3141.59530282337	810.320007324219
3143.61124611913	810.159973144531
3145.62661260624	810.080017089844
3147.64140251247	809.47998046875
3149.65561606547	811.280029296875
3151.66925349277	812.119995117188
3153.68231502177	811.919982910156
3155.69480087977	812.880004882813
3157.70671129394	812.320007324219
3159.71804649132	814.719970703125
3161.72880669886	816.359985351563
3163.73899214336	816.47998046875
3165.74860305152	815.880004882813
3167.75763964991	816.47998046875
3169.766102165	815.359985351563
3171.77399082313	818.679992675781
3173.7813058505	819.039978027344
3175.78804747323	817.640014648438
3177.79421591731	818.280029296875
3179.79981140859	821.440002441406
3181.80483417282	822.039978027344
3183.80928443564	819.359985351563
3185.81316242255	822.080017089844
3187.81646835896	822.679992675781
3189.81920247013	823.400024414063
3191.82136498122	823.200012207031
3193.82295611727	823.880004882813
3195.82397610321	824.52001953125
3197.82442516385	826.880004882813
3199.82430352386	825.400024414063
3201.82361140782	824.559997558594
3203.82234904018	826.159973144531
3205.82051664529	826.200012207031
3207.81811444735	827.359985351563
3209.81514267047	828.760009765625
3211.81160153863	826.640014648438
3213.80749127571	825.080017089844
3215.80281210545	825.400024414063
3217.79756425148	827.52001953125
3219.79174793733	827.320007324219
3221.7853633864	826.159973144531
3223.77841082196	826.919982910156
3225.77089046719	830.52001953125
3227.76280254513	830.799987792969
3229.75414727873	828.400024414063
3231.74492489081	832.239990234375
3233.73513560406	832.640014648438
3235.72477964107	828.799987792969
3237.71385722431	829.119995117188
3239.70236857614	833.719970703125
3241.6903139188	832.919982910156
3243.6776934744	833.719970703125
3245.66450746496	830.919982910156
3247.65075611237	832.440002441406
3249.63643963841	833
3251.62155826472	831.640014648438
3253.60611221287	828.919982910156
3255.59010170428	827.359985351563
3257.57352696026	832.400024414063
3259.55638820202	833.200012207031
3261.53868565064	832.559997558594
3263.52041952708	835.559997558594
3265.50159005221	833.880004882813
3267.48219744676	831.440002441406
3269.46224193136	830.280029296875
3271.44172372651	831.039978027344
3273.42064305262	833.799987792969
3275.39900012996	833.039978027344
3277.3767951787	833.440002441406
3279.35402841889	833.119995117188
3281.33070007047	832.47998046875
3283.30681035326	835.52001953125
3285.28235948698	834.039978027344
3287.25734769121	834.280029296875
3289.23177518544	834.640014648438
3291.20564218903	831.799987792969
3293.17894892124	829
3295.1516956012	827.400024414063
3297.12388244795	831.840026855469
3299.09550968039	835.640014648438
3301.06657751732	837.080017089844
3303.03708617743	836.52001953125
3305.00703587929	833.52001953125
3306.97642684135	833.119995117188
3308.94525928196	831.200012207031
3310.91353341935	832.640014648438
3312.88124947164	834.200012207031
3314.84840765683	832.119995117188
3316.81500819282	832.320007324219
3318.78105129738	832.52001953125
3320.74653718818	832.47998046875
3322.71146608278	831.559997558594
3324.67583819861	831.400024414063
3326.639653753	830.760009765625
3328.60291296317	832.960021972656
3330.56561604621	832.760009765625
3332.52776321913	830.840026855469
3334.4893546988	833.640014648438
3336.45039070198	831.239990234375
3338.41087144533	831.359985351563
3340.37079714539	833
3342.33016801859	830.919982910156
3344.28898428124	829.919982910156
3346.24724614955	832.320007324219
3348.20495383962	832.719970703125
3350.16210756742	829.599975585938
3352.11870754883	832.200012207031
3354.07475399961	831.119995117188
3356.03024713539	828.200012207031
3357.98518717173	828.400024414063
3359.93957432403	830.239990234375
3361.89340880761	830.919982910156
3363.84669083768	832.799987792969
3365.79942062933	829.760009765625
3367.75159839753	828.440002441406
3369.70322435715	831.679992675781
3371.65429872295	833.320007324219
3373.60482170957	833.320007324219
3375.55479353155	834.400024414063
3377.50421440332	834.400024414063
3379.45308453918	831.880004882813
3381.40140415335	830.960021972656
3383.34917345991	830.039978027344
3385.29639267284	830.440002441406
3387.24306200602	832.880004882813
3389.18918167321	834.280029296875
3391.13475188806	834.719970703125
3393.07977286411	834.400024414063
3395.02424481479	832.039978027344
3396.96816795342	831.359985351563
3398.91154249322	831.799987792969
3400.85436864728	832.559997558594
3402.79664662859	834.039978027344
3404.73837665004	833.960021972656
3406.67955892439	832.159973144531
3408.62019366432	835.52001953125
3410.56028108236	834.320007324219
3412.49982139096	836.719970703125
3414.43881480247	834.119995117188
3416.37726152909	834.440002441406
3418.31516178295	835.320007324219
3420.25251577605	833.039978027344
3422.18932372029	833.359985351563
3424.12558582746	834.159973144531
3426.06130230922	833.359985351563
3427.99647337717	833.280029296875
3429.93109924274	832.719970703125
3431.8651801173	829.400024414063
3433.79871621209	829.280029296875
3435.73170773824	830.640014648438
3437.66415490678	831.960021972656
3439.59605792862	833.080017089844
3441.52741701458	832.960021972656
3443.45823237536	832.880004882813
3445.38850422154	832.640014648438
3447.31823276362	830.239990234375
3449.24741821196	830.47998046875
3451.17606077684	828.400024414063
3453.10416066842	829.320007324219
3455.03171809674	829.320007324219
3456.95873327175	828.679992675781
3458.88520640329	826.039978027344
3460.81113770109	826.679992675781
3462.73652737477	824.200012207031
3464.66137563383	825.320007324219
3466.58568268769	824.880004882813
3468.50944874565	826.919982910156
3470.43267401689	829.599975585938
3472.3553587105	827.47998046875
3474.27750303545	827.239990234375
3476.19910720062	824.440002441406
3478.12017141476	822.440002441406
3480.04069588654	824.760009765625
3481.9606808245	826.280029296875
3483.88012643707	827.359985351563
3485.79903293259	823.640014648438
3487.7174005193	821.919982910156
3489.63522940532	820.599975585938
3491.55251979864	818.679992675781
3493.46927190719	819.719970703125
3495.38548593877	818.919982910156
3497.30116210107	817.880004882813
3499.21630060167	817
3501.13090164807	818.280029296875
3503.04496544763	815.320007324219
3504.95849220763	816.280029296875
3506.87148213523	817.840026855469
3508.78393543748	817.919982910156
3510.69585232134	816.760009765625
3512.60723299365	816.640014648438
3514.51807766116	815.47998046875
3516.42838653049	814.440002441406
3518.33815980819	813.280029296875
3520.24739770066	809.799987792969
3522.15610041423	811
3524.06426815511	812.559997558594
3525.9719011294	810.640014648438
3527.87899954311	810.559997558594
3529.78556360213	810.440002441406
3531.69159351225	811.919982910156
3533.59708947916	809.679992675781
3535.50205170844	807.880004882813
3537.40648040556	810.47998046875
3539.3103757759	809.200012207031
3541.21373802472	806.840026855469
3543.11656735717	805.559997558594
3545.01886397833	804.359985351563
3546.92062809313	805.039978027344
3548.82185990643	806.359985351563
3550.72255962297	806.080017089844
3552.62272744738	805.919982910156
3554.5223635842	802.679992675781
3556.42146823786	802.599975585938
3558.32004161268	801.960021972656
3560.21808391289	800.119995117188
3562.11559534259	800.52001953125
3564.01257610581	799.239990234375
3565.90902640645	799.559997558594
3567.80494644831	798.840026855469
3569.7003364351	799.760009765625
3571.59519657042	798.919982910156
3573.48952705774	799.52001953125
3575.38332810048	800.200012207031
3577.27659990191	799.159973144531
3579.16934266521	799.159973144531
3581.06155659346	799.52001953125
3582.95324188965	798.359985351563
3584.84439875663	798.440002441406
3586.73502739718	796.799987792969
3588.62512801397	795.400024414063
3590.51470080955	796.440002441406
3592.40374598639	795.880004882813
3594.29226374685	795.960021972656
3596.18025429317	795.679992675781
3598.06771782751	794.159973144531
3599.95465455192	791.719970703125
3601.84106466834	791.52001953125
3603.72694837861	793.159973144531
3605.61230588447	793.960021972656
3607.49713738756	793.52001953125
3609.38144308942	795.760009765625
3611.26522319148	794.47998046875
3613.14847789506	792.679992675781
3615.0312074014	791.559997558594
3616.91341191162	791.200012207031
3618.79509162674	791.320007324219
3620.67624674769	791.119995117188
3622.55687747528	790.960021972656
3624.43698401024	790.080017089844
3626.31656655317	790.559997558594
3628.1956253046	790.320007324219
3630.07416046492	789.960021972656
3631.95217223446	788.719970703125
3633.82966081342	789
3635.70662640191	787.599975585938
3637.58306919993	787.119995117188
3639.45898940739	786.760009765625
3641.33438722409	787.679992675781
3643.20926284973	787.359985351563
3645.08361648392	785.880004882813
3646.95744832614	787.239990234375
3648.8307585758	786.840026855469
3650.7035474322	786.799987792969
3652.57581509452	785.679992675781
3654.44756176188	784.400024414063
3656.31878763324	785.440002441406
3658.18949290753	784.440002441406
3660.05967778352	784.239990234375
3661.9293424599	783.799987792969
3663.79848713527	783.960021972656
3665.66711200812	783.039978027344
3667.53521727684	782.719970703125
3669.40280313972	783.039978027344
3671.26986979494	782.039978027344
3673.13641744059	780.919982910156
3675.00244627468	781.359985351563
