-140.373595351881	774.080017089844
-137.335129063906	773.599975585938
-134.297686810867	774.039978027344
-131.261268103955	774.200012207031
-128.225872454677	773.840026855469
-125.191499374839	773.919982910156
-122.158148376567	773.799987792969
-119.125818972292	773.799987792969
-116.094510674759	773.880004882813
-113.064222997021	773.880004882813
-110.034955452443	773.840026855469
-107.006707554687	773.799987792969
-103.979478817741	774.039978027344
-100.95326875589	773.679992675781
-97.928076883731	773.840026855469
-94.9039027161698	774.320007324219
-91.8807457684175	774.080017089844
-88.8586055560018	773.440002441406
-85.8374815947384	773.960021972656
-82.8173734007715	773.599975585938
-79.7982804905411	774.320007324219
-76.7802023807988	774.080017089844
-73.7631385885914	774
-70.7470886312892	773.799987792969
-67.732052026553	773.919982910156
-64.7180282923587	773.719970703125
-61.7050169469884	774.039978027344
-58.6930175090183	774.119995117188
-55.6820294973386	773.599975585938
-52.6720524311495	773.760009765625
-49.66308582994	773.719970703125
-46.6551292135171	773.599975585938
-43.6481821019882	773.960021972656
-40.6422440157577	774.039978027344
-37.6373144755424	773.760009765625
-34.6333930023594	774.119995117188
-31.630479117526	773.640014648438
-28.6285723426709	773.559997558594
-25.6276721997107	773.640014648438
-22.6277782108771	774.320007324219
-19.628889898701	773.840026855469
-16.6310067860081	774.840026855469
-13.6341283959385	774.559997558594
-10.6382542519231	781.039978027344
-7.64338387769432	807.320007324219
-4.64951679729502	853.679992675781
-1.65665253506141	858.799987792969
1.33520938438089	830.52001953125
4.32606943608095	787
7.315928094803	775.119995117188
10.3047858350146	774.159973144531
13.2926431308747	774.119995117188
16.2795004562541	774.359985351563
19.2653582847118	773.880004882813
22.2502170895187	774.080017089844
25.2340773436344	773.719970703125
28.216939519735	773.880004882813
31.1988040901939	773.840026855469
34.1796715270814	774.039978027344
37.1595423021732	774
40.1384168869468	774.52001953125
43.1162957525854	774.080017089844
46.0931793699786	773.559997558594
49.0690682097059	773.880004882813
52.0439627420619	774.239990234375
55.0178634370476	773.880004882813
57.9907707643592	773.599975585938
60.9626851933962	773.599975585938
63.9336071932735	773.400024414063
66.9035372328018	773.599975585938
69.8724757804959	774.280029296875
72.8404233045826	773.599975585938
75.8073802729932	774.159973144531
78.7733471533597	773.440002441406
81.738324413019	773.679992675781
84.702312519025	773.719970703125
87.665311938125	773.799987792969
90.6273231367761	773.47998046875
93.5883465811569	773.640014648438
96.5483827371242	773.960021972656
99.5074320702731	774.119995117188
102.465495045889	773.52001953125
105.422572128961	773.960021972656
108.378663784199	773.840026855469
111.333770476014	773.880004882813
114.287892668528	773.799987792969
117.24103082557	773.559997558594
120.193185410674	773.760009765625
123.144356887097	774.359985351563
126.094545717786	774.52001953125
129.043752365413	774.52001953125
131.991977292355	774.640014648438
134.939220960695	775.159973144531
137.885483832232	775.52001953125
140.83076636847	775.799987792969
143.775069030632	775.840026855469
146.718392279644	776.359985351563
149.660736576149	776.119995117188
152.602102380488	776.880004882813
155.54249015274	776.960021972656
158.481900352672	777.679992675781
161.420333439765	778.239990234375
164.357789873227	778.559997558594
167.294270111968	779.440002441406
170.229774614617	779.679992675781
173.164303839496	779.559997558594
176.097858244675	780.559997558594
179.030438287908	781.719970703125
181.962044426678	782.159973144531
184.89267711817	782.840026855469
187.822336819302	783.320007324219
190.751023986678	784
193.678739076648	783.719970703125
196.605482545255	783.960021972656
199.531254848261	784.039978027344
202.456056441152	783.760009765625
205.379887779119	784.919982910156
208.30274931708	785.200012207031
211.224641509656	784.559997558594
214.145564811189	784.280029296875
217.06551967574	784.760009765625
219.984506557089	785.119995117188
222.902525908723	785.200012207031
225.819578183856	784.880004882813
228.735663835415	785.400024414063
231.650783316047	785.52001953125
234.564937078107	784.159973144531
237.478125573679	784.200012207031
240.390349254566	784.760009765625
243.301608572278	785.080017089844
246.211903978051	785.440002441406
249.121235922839	785.239990234375
252.029604857321	786
254.93701123188	785.880004882813
257.843455496632	786.47998046875
260.748938101415	787.760009765625
263.653459495766	788.159973144531
266.557020128967	788.280029296875
269.459620450005	788.080017089844
272.361260907595	788.840026855469
275.261941950168	789.559997558594
278.161664025874	789.080017089844
281.060427582592	788.599975585938
283.958233067921	788.359985351563
286.855080929176	788.159973144531
289.750971613398	788.679992675781
292.645905567344	788.119995117188
295.539883237503	788.52001953125
298.432905070079	788.47998046875
301.324971511007	788.280029296875
304.216083005931	788.280029296875
307.10624000023	790.200012207031
309.995442939003	791.640014648438
312.883692267071	796.840026855469
315.770988428979	801.599975585938
318.657331869	809.239990234375
321.542723031127	813.799987792969
324.427162359076	811.280029296875
327.310650296293	804.159973144531
330.193187285945	796.559997558594
333.074773770929	793.52001953125
335.955410193855	790.880004882813
338.835096997075	788.960021972656
341.713834622655	788.559997558594
344.59162351239	788.039978027344
347.468464107802	786.559997558594
350.344356850137	786.960021972656
353.219302180373	787.960021972656
356.093300539208	787.119995117188
358.966352367073	787.400024414063
361.838458104123	786.719970703125
364.70961819024	786.239990234375
367.579833065031	787.159973144531
370.449103167837	786.799987792969
373.317428937727	786.280029296875
376.184810813496	786.400024414063
379.051249233659	785.919982910156
381.916744636474	786.52001953125
384.78129745992	786.679992675781
387.644908141706	786.200012207031
390.50757711927	786.640014648438
393.36930482978	786.159973144531
396.23009171014	785.960021972656
399.089938196969	785.719970703125
401.948844726631	785.599975585938
404.806811735214	786.320007324219
407.66383965853	785.799987792969
410.519928932138	785.640014648438
413.375079991314	787.119995117188
416.229293271071	785.119995117188
419.082569206155	786.559997558594
421.934908231031	786.47998046875
424.786310779917	786.159973144531
427.636777286748	786.080017089844
430.486308185189	785.320007324219
433.334903908649	786.119995117188
436.182564890262	785.960021972656
439.029291562898	786.320007324219
441.875084359157	786.880004882813
444.719943711374	786.200012207031
447.563870051618	786.320007324219
450.406863811695	786.440002441406
453.248925423132	786.239990234375
456.090055317208	785.559997558594
458.93025392492	786.159973144531
461.76952167701	785.760009765625
464.60785900395	786.159973144531
467.44526633595	787.159973144531
470.281744102955	786.440002441406
473.117292734635	785.840026855469
475.951912660415	785.760009765625
478.785604309439	787.039978027344
481.618368110592	786.599975585938
484.450204492499	786.039978027344
487.281113883518	786.960021972656
490.111096711738	785.47998046875
492.940153404999	785.719970703125
495.768284390864	786.760009765625
498.595490096635	786.320007324219
501.421770949366	786.599975585938
504.247127375825	788.119995117188
507.071559802537	787.080017089844
509.89506865575	787.440002441406
512.717654361473	785.880004882813
515.539317345424	786.799987792969
518.360058033083	786.320007324219
521.179876849652	786
523.998774220083	785.960021972656
526.816750569068	786.280029296875
529.633806321025	786.200012207031
532.44994190013	786.52001953125
535.265157730284	787.039978027344
538.079454235133	786.559997558594
540.892831838066	786.640014648438
543.705290962208	786.320007324219
546.516832030424	786.960021972656
549.32745546533	786.599975585938
552.137161689268	785.880004882813
554.945951124325	786.280029296875
557.753824192341	785.400024414063
560.560781314883	786.080017089844
563.36682291327	786.440002441406
566.171949408555	785.880004882813
568.976161221537	786
571.779458772759	785.840026855469
574.5818424825	785.640014648438
577.383312770792	785.799987792969
580.183870057402	786.47998046875
582.983514761843	786.840026855469
585.782247303363	786.960021972656
588.580068100976	786.960021972656
591.376977573414	786.320007324219
594.172976139164	786.080017089844
596.968064216463	785.679992675781
599.762242223282	785.559997558594
602.555510577335	786.47998046875
605.347869696099	785.159973144531
608.139319996771	785.799987792969
610.929861896313	785.400024414063
613.719495811421	785.719970703125
616.508222158541	785.679992675781
619.296041353863	786.640014648438
622.082953813324	785.719970703125
624.868959952607	785.919982910156
627.654060187137	787.039978027344
630.438254932094	785.400024414063
633.221544602397	786.280029296875
636.003929612719	786.599975585938
638.785410377468	786.239990234375
641.565987310814	786.440002441406
644.345660826665	786.960021972656
647.124431338674	786.159973144531
649.902299260252	787.119995117188
652.679265004552	785.679992675781
655.455328984475	785.880004882813
658.230491612671	785.919982910156
661.004753301541	786.200012207031
663.778114463229	786.119995117188
666.550575509631	786.320007324219
669.322136852395	786.52001953125
672.092798902916	785.799987792969
674.862562072336	786.200012207031
677.631426771548	787.159973144531
680.399393411204	785.760009765625
683.166462401689	785.47998046875
685.93263415315	786.080017089844
688.697909075486	785.760009765625
691.462287578337	786.159973144531
694.225770071098	785.280029296875
696.988356962926	785.119995117188
699.750048662705	786.159973144531
702.5108455791	785.599975585938
705.270748120503	785.359985351563
708.029756695068	786.080017089844
710.787871710705	785.799987792969
713.545093575065	785.719970703125
716.301422695566	785.640014648438
719.056859479364	786.080017089844
721.811404333376	785.880004882813
724.56505766427	786.200012207031
727.317819878473	786.280029296875
730.069691382148	785.52001953125
732.820672581226	785.280029296875
735.570763881396	785.119995117188
738.319965688092	785.799987792969
741.068278406496	786.599975585938
743.815702441559	786.599975585938
746.562238197974	786.47998046875
749.307886080196	786.239990234375
752.052646492436	786.080017089844
754.796519838656	785.52001953125
757.539506522567	785.640014648438
760.28160694765	785.880004882813
763.022821517128	786.719970703125
765.76315063399	785.599975585938
768.502594700972	786.679992675781
771.241154120572	786.559997558594
773.978829295045	787.400024414063
776.715620626397	785.320007324219
779.451528516396	786.840026855469
782.186553366565	787.119995117188
784.920695578179	787
787.653955552283	787.599975585938
790.386333689662	788.159973144531
793.117830390877	787.359985351563
795.848446056227	787.280029296875
798.578181085792	786.559997558594
801.307035879389	785.640014648438
804.035010836599	784.799987792969
806.762106356774	785
809.488322839013	785.440002441406
812.213660682169	786.200012207031
814.938120284866	786.640014648438
817.661702045482	786.159973144531
820.384406362153	786.239990234375
823.10623363278	786.039978027344
825.827184255014	785.760009765625
828.547258626283	785.840026855469
831.266457143747	785.239990234375
833.984780204358	786.799987792969
836.702228204804	786.039978027344
839.418801541552	785.47998046875
842.134500610814	785.640014648438
844.849325808575	785.080017089844
847.563277530579	785.159973144531
850.276356172319	785.880004882813
852.988562129066	786.880004882813
855.69989579585	785.640014648438
858.410357567456	786.159973144531
861.119947838428	786.320007324219
863.828667003087	785.119995117188
866.536515455503	785.960021972656
869.243493589517	785.200012207031
871.949601798728	785.880004882813
874.654840476504	785.799987792969
877.359210015961	785.400024414063
880.062710810003	785.440002441406
882.765343251273	786.159973144531
885.467107732191	785.880004882813
888.168004644938	785.599975585938
890.868034381467	785.47998046875
893.567197333476	785.640014648438
896.265493892445	785.400024414063
898.962924449614	785.280029296875
901.659489395985	785
904.355189122325	786.679992675781
907.050024019165	786
909.743994476809	785.719970703125
912.437100885322	784.679992675781
915.129343634532	785.440002441406
917.820723114032	785.239990234375
920.511239713189	785.320007324219
923.200893821127	785.840026855469
925.889685826744	785.599975585938
928.577616118699	785.799987792969
931.264685085419	786.320007324219
933.950893115098	786.039978027344
936.6362405957	786.239990234375
939.320727914956	785.440002441406
942.004355460359	785.960021972656
944.687123619173	785.47998046875
947.369032778431	785.840026855469
950.050083324934	785.440002441406
952.730275645247	786.200012207031
955.409610125711	785.960021972656
958.088087152423	785.799987792969
960.765707111263	785.960021972656
963.442470387871	785.599975585938
966.118377367657	785.559997558594
968.793428435798	786.159973144531
971.467623977254	786.200012207031
974.140964376739	785.080017089844
976.813450018737	785.679992675781
979.485081287511	785.280029296875
982.155858567087	785.640014648438
984.825782241271	786.039978027344
987.494852693624	785.159973144531
990.163070307487	785.200012207031
992.830435465978	784.960021972656
995.496948551973	784.719970703125
998.162609948122	785.960021972656
1000.82742003685	787
1003.49137920036	788.119995117188
1006.15448782061	788.559997558594
1008.81674627934	787
1011.47815495806	785.960021972656
1014.13871423805	785.119995117188
1016.79842450037	784.440002441406
1019.45728612586	784.47998046875
1022.11529949509	784.719970703125
1024.77246498846	784.47998046875
1027.4287829861	784.760009765625
1030.08425386792	785.119995117188
1032.73887801363	785.400024414063
1035.3926558027	785.359985351563
1038.04558761435	786.200012207031
1040.69767382761	785.159973144531
1043.34891482125	785.400024414063
1045.99931097384	785.559997558594
1048.64886266371	784.840026855469
1051.29757026898	784.919982910156
1053.94543416753	784.919982910156
1056.59245473701	785.200012207031
1059.23863235486	785.559997558594
1061.8839673983	785.080017089844
1064.5284602443	785.47998046875
1067.17211126962	785.119995117188
1069.8149208508	784.960021972656
1072.45688936415	784.960021972656
1075.09801718577	785
1077.7383046915	785.400024414063
1080.377752257	785.47998046875
1083.01636025767	785.760009765625
1085.65412906872	786.080017089844
1088.2910590651	785.599975585938
1090.92715062157	786.039978027344
1093.56240411266	786.239990234375
1096.19681991265	786.239990234375
1098.83039839564	785.799987792969
1101.46313993547	786.280029296875
1104.09504490579	786.080017089844
1106.72611368	785.159973144531
1109.35634663129	784.400024414063
1111.98574413263	785.47998046875
1114.61430655677	785.119995117188
1117.24203427624	785.039978027344
1119.86892766333	785.320007324219
1122.49498709014	785.159973144531
1125.12021292851	784.919982910156
1127.74460555011	784.960021972656
1130.36816532634	785.039978027344
1132.99089262841	784.440002441406
1135.6127878273	784.280029296875
1138.23385129376	783.640014648438
1140.85408339834	783.52001953125
1143.47348451137	783.320007324219
1146.09205500294	783.320007324219
1148.70979524293	783.760009765625
1151.326705601	783.599975585938
1153.9427864466	783.880004882813
1156.55803814896	784.280029296875
1159.17246107707	784.119995117188
1161.78605559974	784.159973144531
1164.39882208551	783.760009765625
1167.01076090276	783.880004882813
1169.6218724196	784.200012207031
1172.23215700396	784.359985351563
1174.84161502352	784.599975585938
1177.45024684578	783.359985351563
1180.05805283799	783.880004882813
1182.66503336719	784.440002441406
1185.27118880021	784.200012207031
1187.87651950367	784.119995117188
1190.48102584395	784
1193.08470818723	783.400024414063
1195.68756689948	784.440002441406
1198.28960234643	784.799987792969
1200.89081489363	784.679992675781
1203.49120490636	786
1206.09077274974	784.960021972656
1208.68951878864	785.320007324219
1211.28744338773	784.760009765625
1213.88454691145	785.359985351563
1216.48082972404	784.679992675781
1219.07629218953	784.760009765625
1221.6709346717	784.52001953125
1224.26475753416	784.840026855469
1226.85776114028	786.320007324219
1229.44994585322	786.320007324219
1232.04131203592	786.280029296875
1234.63186005112	786.799987792969
1237.22159026133	786.679992675781
1239.81050302886	787.239990234375
1242.3985987158	787.760009765625
1244.98587768402	788
1247.5723402952	787.52001953125
1250.15798691078	787.840026855469
1252.74281789199	787.52001953125
1255.32683359987	787.599975585938
1257.91003439523	787.919982910156
1260.49242063865	787.239990234375
1263.07399269055	787.640014648438
1265.65475091108	786.47998046875
1268.23469566021	786.840026855469
1270.81382729769	786.599975585938
1273.39214618306	786.039978027344
1275.96965267566	786.280029296875
1278.54634713458	786.080017089844
1281.12222991875	786.359985351563
1283.69730138685	786.239990234375
1286.27156189737	786.559997558594
1288.84501180858	786.119995117188
1291.41765147853	786.200012207031
1293.98948126509	786.039978027344
1296.56050152589	786.119995117188
1299.13071261837	786.400024414063
1301.70011489973	786.640014648438
1304.268708727	787.239990234375
1306.83649445698	786.880004882813
1309.40347244625	787.159973144531
1311.96964305119	787.239990234375
1314.53500662799	786.960021972656
1317.0995635326	787.559997558594
1319.66331412077	786.919982910156
1322.22625874806	787.320007324219
1324.7883977698	787.799987792969
1327.34973154112	786.719970703125
1329.91026041694	787.159973144531
1332.46998475197	786.239990234375
1335.0289049007	787.359985351563
1337.58702121746	787.840026855469
1340.14433405631	787.880004882813
1342.70084377115	787.320007324219
1345.25655071563	787.239990234375
1347.81145524323	786.400024414063
1350.36555770721	785.400024414063
1352.91885846062	785.159973144531
1355.47135785631	785.47998046875
1358.02305624691	785.119995117188
1360.57395398486	785.039978027344
1363.12405142237	784.599975585938
1365.67334891148	784.919982910156
1368.22184680399	784.320007324219
1370.76954545151	784.400024414063
1373.31644520545	784.159973144531
1375.86254641699	784.52001953125
1378.40784943713	783.799987792969
1380.95235461666	784.159973144531
1383.49606230615	783.52001953125
1386.03897285598	784.599975585938
1388.58108661632	785.039978027344
1391.12240393713	785.080017089844
1393.66292516818	784.400024414063
1396.20265065903	784.640014648438
1398.74158075901	784.52001953125
1401.2797158173	783.119995117188
1403.81705618282	784.47998046875
1406.35360220431	784
1408.88935423032	783.960021972656
1411.42431260919	783.640014648438
1413.95847768903	783.799987792969
1416.49184981777	784.159973144531
1419.02442934314	783.760009765625
1421.55621661266	783.47998046875
1424.08721197364	785.200012207031
1426.61741577321	783.679992675781
1429.14682835828	784.159973144531
1431.67545007555	784.599975585938
1434.20328127153	784.359985351563
1436.73032229253	785.400024414063
1439.25657348466	785.359985351563
1441.78203519381	786.159973144531
1444.3067077657	787.080017089844
1446.83059154581	787.640014648438
1449.35368687944	788.359985351563
1451.8759941117	788.280029296875
1454.39751358748	786.799987792969
1456.91824565148	787.039978027344
1459.43819064818	785.880004882813
1461.95734892189	787.080017089844
1464.4757208167	786.47998046875
1466.99330667649	785.919982910156
1469.51010684497	785.640014648438
1472.02612166564	785.559997558594
1474.54135148177	784.52001953125
1477.05579663646	784.640014648438
1479.56945747262	784.440002441406
1482.08233433293	783.400024414063
1484.59442755989	783.080017089844
1487.10573749579	783.280029296875
1489.61626448275	783.760009765625
1492.12600886264	783.679992675781
1494.63497097718	782.679992675781
1497.14315116786	782.359985351563
1499.65054977599	781.919982910156
1502.15716714267	781.640014648438
1504.66300360881	782.640014648438
1507.16805951512	781.159973144531
1509.67233520211	782.039978027344
1512.1758310101	782.039978027344
1514.67854727919	781.679992675781
1517.18048434931	782
1519.68164256018	781.359985351563
1522.18202225132	781.799987792969
1524.68162376207	781
1527.18044743155	781.320007324219
1529.67849359869	782.119995117188
1532.17576260224	781.159973144531
1534.67225478072	782.400024414063
1537.1679704725	781.880004882813
1539.66291001572	781.599975585938
1542.15707374832	781.719970703125
1544.65046200807	781.640014648438
1547.14307513254	782.840026855469
1549.63491345907	781.559997558594
1552.12597732485	781.840026855469
1554.61626706685	782.359985351563
1557.10578302185	782.640014648438
1559.59452552644	782.400024414063
1562.082494917	782.200012207031
1564.56969152973	782.359985351563
1567.05611570064	782.919982910156
1569.54176776552	783.400024414063
1572.02664806	783.159973144531
1574.51075691949	783.239990234375
1576.99409467921	784.159973144531
1579.4766616742	784.200012207031
1581.95845823929	783.799987792969
1584.43948470912	784.119995117188
1586.91974141815	784.359985351563
1589.39922870064	783.599975585938
1591.87794689064	784.119995117188
1594.35589632202	783.239990234375
1596.83307732848	783
1599.30949024348	783.760009765625
1601.78513540033	785.239990234375
1604.26001313211	784.320007324219
1606.73412377175	785.080017089844
1609.20746765196	785.119995117188
1611.68004510526	784.200012207031
1614.15185646398	784.799987792969
1616.62290206026	784.840026855469
1619.09318222605	785.47998046875
1621.56269729311	784.960021972656
1624.031447593	784.080017089844
1626.4994334571	784.239990234375
1628.9666552166	785.440002441406
1631.43311320248	785.280029296875
1633.89880774554	785.599975585938
1636.3637391764	786
1638.82790782548	785.840026855469
1641.29131402301	785.919982910156
1643.75395809903	786.799987792969
1646.21584038339	787
1648.67696120575	786.880004882813
1651.13732089558	786.679992675781
1653.59691978216	787.760009765625
1656.05575819459	787.640014648438
1658.51383646175	787.719970703125
1660.97115491238	787.52001953125
1663.42771387498	786.47998046875
1665.8835136779	787.640014648438
1668.33855464928	787.159973144531
1670.79283711708	786.960021972656
1673.24636140907	786.559997558594
1675.69912785282	786.239990234375
1678.15113677572	785.440002441406
1680.602388505	785.080017089844
1683.05288336764	785.200012207031
1685.50262169049	784.239990234375
1687.95160380019	783.799987792969
1690.39983002318	783.719970703125
1692.84730068573	782.47998046875
1695.29401611392	783.640014648438
1697.73997663364	782.640014648438
1700.18518257059	782.679992675781
1702.6296342503	781.320007324219
1705.07333199807	781.200012207031
1707.51627613907	781.200012207031
1709.95846699824	780.919982910156
1712.39990490036	780.400024414063
1714.84059017001	780.320007324219
1717.28052313159	779.880004882813
1719.7197041093	779.840026855469
1722.15813342718	780.320007324219
1724.59581140906	780.640014648438
1727.03273837859	779.919982910156
1729.46891465926	779.880004882813
1731.90434057432	779.320007324219
1734.3390164469	778.799987792969
1736.7729425999	779.119995117188
1739.20611935604	779.119995117188
1741.63854703787	779.919982910156
1744.07022596776	779.52001953125
1746.50115646787	778.880004882813
1748.93133886019	778.799987792969
1751.36077346652	779.039978027344
1753.7894606085	779.080017089844
1756.21740060755	779
1758.64459378494	778.960021972656
1761.07104046172	779.080017089844
1763.49674095879	778.679992675781
1765.92169559684	778.840026855469
1768.3459046964	778.960021972656
1770.7693685778	778.159973144531
1773.1920875612	778.919982910156
1775.61406196656	778.320007324219
1778.03529211367	779.119995117188
1780.45577832214	779.080017089844
1782.87552091138	779.039978027344
1785.29452020064	778.679992675781
1787.71277650897	778.599975585938
1790.13029015525	778.719970703125
1792.54706145817	778.440002441406
1794.96309073625	778.559997558594
1797.3783783078	778.52001953125
1799.79292449097	778.440002441406
1802.20672960375	778.559997558594
1804.61979396389	778.400024414063
1807.03211788902	778.679992675781
1809.44370169655	778.760009765625
1811.85454570373	778.599975585938
1814.2646502276	777.599975585938
1816.67401558506	778.559997558594
1819.0826420928	778.640014648438
1821.49053006734	778.880004882813
1823.89767982501	778.960021972656
1826.30409168198	778.799987792969
1828.70976595422	778.119995117188
1831.11470295753	778.359985351563
1833.51890300752	778.47998046875
1835.92236641964	778.159973144531
1838.32509350914	777.960021972656
1840.72708459111	777.599975585938
1843.12833998044	777.599975585938
1845.52885999184	778.47998046875
1847.92864493987	777.799987792969
1850.32769513889	777.559997558594
1852.72601090307	778.47998046875
1855.12359254642	778.440002441406
1857.52044038278	778.239990234375
1859.91655472578	777.840026855469
1862.31193588889	778.200012207031
1864.70658418542	778.200012207031
1867.10049992847	777.799987792969
1869.49368343096	777.760009765625
1871.88613500568	777.440002441406
1874.27785496518	778.080017089844
1876.66884362188	777.320007324219
1879.059101288	778.47998046875
1881.44862827559	777.52001953125
1883.8374248965	777.960021972656
1886.22549146246	778.159973144531
1888.61282828495	778.320007324219
1890.99943567534	777.960021972656
1893.38531394477	777.760009765625
1895.77046340424	778.47998046875
1898.15488436455	778.440002441406
1900.53857713634	778.080017089844
1902.92154203006	778.440002441406
1905.303779356	778.440002441406
1907.68528942426	777.840026855469
1910.06607254477	778.400024414063
1912.44612902729	777.760009765625
1914.82545918139	778.039978027344
1917.20406331648	777.719970703125
1919.58194174178	778.640014648438
1921.95909476634	778.880004882813
1924.33552269905	778.039978027344
1926.71122584861	778.200012207031
1929.08620452353	777.52001953125
1931.46045903219	777.640014648438
1933.83398968275	778.440002441406
1936.20679678322	778.559997558594
1938.57888064142	778.039978027344
1940.95024156502	778.359985351563
1943.3208798615	778.359985351563
1945.69079583816	778.080017089844
1948.05998980213	778.239990234375
1950.42846206038	778.080017089844
1952.79621291969	777.159973144531
1955.16324268668	777.840026855469
1957.52955166778	777.640014648438
1959.89514016927	777.799987792969
1962.26000849723	777.280029296875
1964.62415695759	778.039978027344
1966.98758585609	778.320007324219
1969.3502954983	778.400024414063
1971.71228618964	778.440002441406
1974.07355823532	778.159973144531
1976.43411194042	778.119995117188
1978.79394760981	777.359985351563
1981.1530655482	778.239990234375
1983.51146606014	778.200012207031
1985.86914944999	777.880004882813
1988.22611602196	778.080017089844
1990.58236608007	778.280029296875
1992.93789992817	778.039978027344
1995.29271786995	778.080017089844
1997.64682020892	778.640014648438
2000.00020724843	778.320007324219
2002.35287929162	778.080017089844
2004.70483664152	778.799987792969
2007.05607960095	778.119995117188
2009.40660847256	778.119995117188
2011.75642355884	778
2014.1055251621	777.880004882813
2016.4539135845	778.760009765625
2018.80158912802	778.119995117188
2021.14855209444	778.440002441406
2023.49480278542	778.159973144531
2025.84034150242	778.47998046875
2028.18516854673	777.640014648438
2030.52928421948	778.320007324219
2032.87268882163	778.440002441406
2035.21538265398	777.679992675781
2037.55736601713	778.400024414063
2039.89863921153	777.919982910156
2042.23920253747	778.440002441406
2044.57905629506	778.760009765625
2046.91820078425	778.599975585938
2049.2566363048	778.320007324219
2051.59436315633	778.599975585938
2053.93138163827	777.760009765625
2056.2676920499	778.559997558594
2058.6032946903	778.039978027344
2060.93818985843	778.280029296875
2063.27237785303	778.080017089844
2065.60585897272	777.919982910156
2067.93863351592	777.840026855469
2070.27070178089	778.119995117188
2072.60206406574	778.440002441406
2074.93272066838	778.799987792969
2077.26267188658	778.799987792969
2079.59191801793	777.960021972656
2081.92045935985	778.47998046875
2084.24829620962	778.760009765625
2086.57542886431	778.159973144531
2088.90185762087	778.640014648438
2091.22758277604	778.52001953125
2093.55260462643	778.679992675781
2095.87692346845	778.679992675781
2098.20053959837	777.799987792969
2100.52345331229	778.47998046875
2102.84566490614	778.47998046875
2105.16717467567	778.599975585938
2107.48798291649	778.52001953125
2109.80808992403	778.559997558594
2112.12749599355	778
2114.44620142016	778.159973144531
2116.7642064988	778.159973144531
2119.08151152423	778.239990234375
2121.39811679106	778.599975585938
2123.71402259374	779.159973144531
2126.02922922653	778.640014648438
2128.34373698356	778.280029296875
2130.65754615876	778.239990234375
2132.97065704594	778.440002441406
2135.28306993869	778.47998046875
2137.59478513047	778.239990234375
2139.90580291459	778.320007324219
2142.21612358416	778.52001953125
2144.52574743214	778.52001953125
2146.83467475134	778.039978027344
2149.1429058344	778.320007324219
2151.45044097377	778.599975585938
2153.75728046178	777.559997558594
2156.06342459057	778.599975585938
2158.36887365212	778.47998046875
2160.67362793825	778.239990234375
2162.97768774061	777.919982910156
2165.28105335071	778.239990234375
2167.58372505987	778.320007324219
2169.88570315926	778.52001953125
2172.18698793988	778.640014648438
2174.48757969258	777.960021972656
2176.78747870805	778.400024414063
2179.08668527679	778.280029296875
2181.38519968917	777.960021972656
2183.68302223538	778.159973144531
2185.98015320547	777.960021972656
2188.27659288929	778.239990234375
2190.57234157656	778.47998046875
2192.86739955682	777.960021972656
2195.16176711948	778.200012207031
2197.45544455375	778.159973144531
2199.74843214869	777.840026855469
2202.04073019322	778
2204.33233897607	777.960021972656
2206.62325878583	778.640014648438
2208.91348991093	777.960021972656
2211.20303263961	778.039978027344
2213.49188726	777.840026855469
2215.78005406001	777.880004882813
2218.06753332744	778.159973144531
2220.35432534991	777.760009765625
2222.64043041487	777.559997558594
2224.92584880964	777.47998046875
2227.21058082134	777.640014648438
2229.49462673696	778.200012207031
2231.77798684332	777.880004882813
2234.06066142709	777.919982910156
2236.34265077477	777.559997558594
2238.62395517269	777.559997558594
2240.90457490706	777.280029296875
2243.18451026388	777.919982910156
2245.46376152904	778.119995117188
2247.74232898823	777.679992675781
2250.02021292701	777.640014648438
2252.29741363077	777.640014648438
2254.57393138475	777.960021972656
2256.849766474	777.440002441406
2259.12491918346	777
2261.39938979788	777.47998046875
2263.67317860185	777.47998046875
2265.94628587983	777.960021972656
2268.2187119161	777.599975585938
2270.49045699478	777.559997558594
2272.76152139985	777.320007324219
2275.03190541511	778
2277.30160932421	777.320007324219
2279.57063341067	777.599975585938
2281.83897795781	777.599975585938
2284.10664324882	777.559997558594
2286.37362956672	777.039978027344
2288.63993719439	777.640014648438
2290.90556641454	776.440002441406
2293.17051750973	777.599975585938
2295.43479076235	777.200012207031
2297.69838645465	777.039978027344
2299.96130486871	777.599975585938
2302.22354628647	777.52001953125
2304.48511098971	777.320007324219
2306.74599926003	777.200012207031
2309.00621137891	777.47998046875
2311.26574762765	777.47998046875
2313.52460828741	776.599975585938
2315.78279363917	776.880004882813
2318.04030396379	777.52001953125
2320.29713954195	777.47998046875
2322.55330065418	777.359985351563
2324.80878758085	777.760009765625
2327.06360060219	777.52001953125
2329.31773999826	777.359985351563
2331.57120604897	777.47998046875
2333.82399903409	778.119995117188
2336.0761192332	777.679992675781
2338.32756692577	777.47998046875
2340.57834239108	776.840026855469
2342.82844590827	777.47998046875
2345.07787775633	776.799987792969
2347.32663821409	777.52001953125
2349.57472756023	777.159973144531
2351.82214607327	777.200012207031
2354.06889403158	776.840026855469
2356.31497171337	777.320007324219
2358.56037939672	776.919982910156
2360.80511735953	777.039978027344
2363.04918587955	777.159973144531
2365.29258523439	777.200012207031
2367.5353157015	777.119995117188
2369.77737755817	777.679992675781
2372.01877108156	777.400024414063
2374.25949654865	777.159973144531
2376.49955423629	776.880004882813
2378.73894442115	776.880004882813
2380.97766737977	776.640014648438
2383.21572338855	777.159973144531
2385.45311272369	776.679992675781
2387.68983566129	776.960021972656
2389.92589247727	777.039978027344
2392.1612834474	777.440002441406
2394.39600884731	776.719970703125
2396.63006895246	777.200012207031
2398.86346403818	776.400024414063
2401.09619437962	776.880004882813
2403.32826025182	776.640014648438
2405.55966192963	777
2407.79039968777	777
2410.0204738008	777.080017089844
2412.24988454313	776.799987792969
2414.47863218902	776.840026855469
2416.70671701258	777.119995117188
2418.93413928778	776.719970703125
2421.16089928842	776.719970703125
2423.38699728817	776.799987792969
2425.61243356052	776.559997558594
2427.83720837884	776.880004882813
2430.06132201633	776.640014648438
2432.28477474606	777.119995117188
2434.50756684093	777.039978027344
2436.72969857371	776.880004882813
2438.95117021699	776.960021972656
2441.17198204325	776.880004882813
2443.39213432478	776.960021972656
2445.61162733376	776.840026855469
2447.83046134218	776.280029296875
2450.04863662192	777.400024414063
2452.26615344468	776.52001953125
2454.48301208203	776.559997558594
2456.69921280539	776.799987792969
2458.91475588602	776.440002441406
2461.12964159504	777.159973144531
2463.34387020342	777.039978027344
2465.55744198198	776.280029296875
2467.77035720139	777.119995117188
2469.98261613217	777
2472.1942190447	777.239990234375
2474.40516620922	776.599975585938
2476.6154578958	776.960021972656
2478.82509437436	776.679992675781
2481.03407591471	776.880004882813
2483.24240278646	776.880004882813
2485.45007525911	776.760009765625
2487.65709360202	776.760009765625
2489.86345808435	777.280029296875
2492.06916897518	776.47998046875
2494.27422654339	776.640014648438
2496.47863105774	776.760009765625
2498.68238278683	777.159973144531
2500.88548199912	777.320007324219
2503.08792896294	776.200012207031
2505.28972394643	777.200012207031
2507.49086721763	776.840026855469
2509.6913590444	776.559997558594
2511.89119969447	776.880004882813
2514.09038943543	776.640014648438
2516.2889285347	777
2518.48681725957	777.159973144531
2520.6840558772	776.47998046875
2522.88064465456	776.359985351563
2525.07658385852	777
2527.27187375578	777.039978027344
2529.4665146129	776.760009765625
2531.66050669629	777.039978027344
2533.85385027222	776.359985351563
2536.04654560681	776.640014648438
2538.23859296605	776.919982910156
2540.42999261577	776.679992675781
2542.62074482166	777.039978027344
2544.81084984925	776.760009765625
2547.00030796395	777.200012207031
2549.18911943101	776.640014648438
2551.37728451555	776.919982910156
2553.56480348252	776.760009765625
2555.75167659675	777.400024414063
2557.93790412292	776.440002441406
2560.12348632556	776.760009765625
2562.30842346905	776.52001953125
2564.49271581764	776.919982910156
2566.67636363544	776.719970703125
2568.85936718639	776.760009765625
2571.04172673431	776.960021972656
2573.22344254288	776.799987792969
2575.40451487562	776.280029296875
2577.58494399591	776.880004882813
2579.76473016699	776.400024414063
2581.94387365196	776.719970703125
2584.12237471377	776.640014648438
2586.30023361523	776.280029296875
2588.47745061901	777.119995117188
2590.65402598763	776.840026855469
2592.82995998348	777.52001953125
2595.0052528688	776.679992675781
2597.17990490568	776.960021972656
2599.35391635608	776.960021972656
2601.52728748181	776.599975585938
2603.70001854454	776.599975585938
2605.8721098058	776.47998046875
2608.04356152698	776.880004882813
2610.21437396931	776.960021972656
2612.3845473939	777.47998046875
2614.55408206173	776.559997558594
2616.72297823359	776.200012207031
2618.89123617017	777.080017089844
2621.058856132	777.119995117188
2623.22583837949	776.960021972656
2625.39218317288	776.919982910156
2627.55789077229	776.840026855469
2629.72296143769	776.719970703125
2631.88739542891	777.359985351563
2634.05119300563	776.799987792969
2636.21435442742	776.799987792969
2638.37687995367	776.799987792969
2640.53876984365	777.52001953125
2642.70002435649	777.159973144531
2644.86064375119	776.760009765625
2647.02062828658	777.119995117188
2649.17997822137	776.840026855469
2651.33869381413	776.880004882813
2653.49677532328	777.239990234375
2655.65422300711	777.239990234375
2657.81103712378	777
2659.96721793127	777.559997558594
2662.12276568747	777.159973144531
2664.2776806501	776.52001953125
2666.43196307675	776.799987792969
2668.58561322486	776.760009765625
2670.73863135176	777.47998046875
2672.8910177146	777.280029296875
2675.04277257043	777.039978027344
2677.19389617612	777.400024414063
2679.34438878845	777
2681.49425066402	777.47998046875
2683.64348205931	776.760009765625
2685.79208323065	776.919982910156
2687.94005443425	776.640014648438
2690.08739592617	777.52001953125
2692.23410796233	777.080017089844
2694.38019079852	776.919982910156
2696.52564469038	777.559997558594
2698.67046989342	777.799987792969
2700.81466666302	777.159973144531
2702.9582352544	777.400024414063
2705.10117592265	777.119995117188
2707.24348892275	777
2709.3851745095	777.799987792969
2711.5262329376	777.400024414063
2713.66666446158	777.239990234375
2715.80646933585	777.640014648438
2717.94564781468	777.559997558594
2720.08420015222	777.599975585938
2722.22212660245	777.52001953125
2724.35942741923	777.599975585938
2726.49610285628	777.440002441406
2728.63215316721	777.280029296875
2730.76757860544	778.159973144531
2732.9023794243	778.440002441406
2735.03655587697	777.760009765625
2737.17010821648	777.760009765625
2739.30303669573	777.719970703125
2741.4353415675	777.799987792969
2743.56702308442	777.919982910156
2745.69808149898	777.799987792969
2747.82851706355	777.719970703125
2749.95833003034	777.440002441406
2752.08752065145	777.799987792969
2754.21608917883	777.440002441406
2756.3440358643	777.440002441406
2758.47136095954	777.280029296875
2760.59806471609	777.679992675781
2762.72414738537	778.080017089844
2764.84960921865	778.119995117188
2766.97445046708	778
2769.09867138166	777.919982910156
2771.22227221326	777.559997558594
2773.34525321263	777.640014648438
2775.46761463035	777.719970703125
2777.58935671691	777.640014648438
2779.71047972262	777.239990234375
2781.83098389771	777.239990234375
2783.95086949221	777.799987792969
2786.07013675607	777.559997558594
2788.18878593908	777.039978027344
2790.3068172909	777.679992675781
2792.42423106106	777.47998046875
2794.54102749895	777.640014648438
2796.65720685384	777.440002441406
2798.77276937486	777.440002441406
2800.88771531098	777.640014648438
2803.00204491107	777.52001953125
2805.11575842387	778
2807.22885609796	777.799987792969
2809.34133818179	777.440002441406
2811.4532049237	777.640014648438
2813.56445657189	777.799987792969
2815.6750933744	778.039978027344
2817.78511557916	778.679992675781
2819.89452343398	777.760009765625
2822.00331718652	778.640014648438
2824.11149708429	778.640014648438
2826.2190633747	779.159973144531
2828.32601630502	778.119995117188
2830.43235612237	778.960021972656
2832.53808307375	779.359985351563
2834.64319740603	778.880004882813
2836.74769936595	779.47998046875
2838.85158920011	779.840026855469
2840.95486715497	780.159973144531
2843.05753347689	781.280029296875
2845.15958841206	782.280029296875
2847.26103220657	783.039978027344
2849.36186510636	783.280029296875
2851.46208735724	784.200012207031
2853.56169920488	783.47998046875
2855.66070089485	784.760009765625
2857.75909267257	784.799987792969
2859.85687478332	785.080017089844
2861.95404747225	786.039978027344
2864.05061098439	786.640014648438
2866.14656556464	786.52001953125
2868.24191145777	787.039978027344
2870.3366489084	788.880004882813
2872.43077816104	789.640014648438
2874.52429946006	790.080017089844
2876.61721304971	788.52001953125
2878.70951917409	789.080017089844
2880.8012180772	790.200012207031
2882.89231000287	789.559997558594
2884.98279519483	789.159973144531
2887.07267389667	790.200012207031
2889.16194635186	790.440002441406
2891.25061280373	790.880004882813
2893.33867349546	792.159973144531
2895.42612867015	791.760009765625
2897.51297857074	791.679992675781
2899.59922344003	792.799987792969
2901.68486352071	792.599975585938
2903.76989905533	791.599975585938
2905.85433028632	793.599975585938
2907.93815745598	794.52001953125
2910.02138080648	795.239990234375
2912.10400057985	794
2914.186017018	795.119995117188
2916.26743036271	796.239990234375
2918.34824085563	796.640014648438
2920.4284487383	797.919982910156
2922.5080542521	797.440002441406
2924.58705763829	798.719970703125
2926.66545913802	799.080017089844
2928.74325899231	798.47998046875
2930.82045744202	800.280029296875
2932.89705472792	800.799987792969
2934.97305109062	800.400024414063
2937.04844677063	801.039978027344
2939.12324200832	801.52001953125
2941.19743704393	800.280029296875
2943.27103211757	800.440002441406
2945.34402746923	800.400024414063
2947.41642333876	798.119995117188
2949.48821996592	797.119995117188
2951.55941759028	797.320007324219
2953.63001645135	795.880004882813
2955.70001678845	795.47998046875
2957.76941884083	795.080017089844
2959.83822284757	795.47998046875
2961.90642904764	794.840026855469
2963.97403767988	794.200012207031
2966.04104898302	794.52001953125
2968.10746319565	793.359985351563
2970.17328055621	793.039978027344
2972.23850130305	793.239990234375
2974.30312567438	792.640014648438
2976.36715390829	791.440002441406
2978.43058624273	792.239990234375
2980.49342291553	791.760009765625
2982.55566416439	791.960021972656
2984.61731022691	791.559997558594
2986.67836134051	792.239990234375
2988.73881774255	791.799987792969
2990.79867967021	791.960021972656
2992.85794736058	790
2994.9166210506	790.039978027344
2996.97470097711	788.799987792969
2999.03218737679	789.52001953125
3001.08908048622	787.760009765625
3003.14538054186	787.840026855469
3005.20108778002	788.400024414063
3007.25620243691	788.400024414063
3009.3107247486	788.280029296875
3011.36465495104	788.200012207031
3013.41799328004	788.239990234375
3015.47073997133	788.039978027344
3017.52289526045	787.719970703125
3019.57445938288	787.440002441406
3021.62543257393	787.320007324219
3023.6758150688	786.799987792969
3025.72560710258	788
3027.77480891021	787.880004882813
3029.82342072652	787.880004882813
3031.87144278622	789.359985351563
3033.91887532389	789.359985351563
3035.96571857399	788.52001953125
3038.01197277084	788.799987792969
3040.05763814867	789.880004882813
3042.10271494154	790.280029296875
3044.14720338344	789.280029296875
3046.19110370818	790.280029296875
3048.2344161495	790.159973144531
3050.27714094097	790.760009765625
3052.31927831608	790.719970703125
3054.36082850816	791.200012207031
3056.40179175044	792.919982910156
3058.44216827602	792.840026855469
3060.48195831786	793.039978027344
3062.52116210884	792.679992675781
3064.55977988167	793.52001953125
3066.59781186897	791.919982910156
3068.63525830322	792.039978027344
3070.67211941678	794.799987792969
3072.7083954419	795.159973144531
3074.7440866107	794.52001953125
3076.77919315516	794.719970703125
3078.81371530716	795.559997558594
3080.84765329846	794.960021972656
3082.88100736068	796.440002441406
3084.91377772534	794.960021972656
3086.94596462381	795.440002441406
3088.97756828737	795.719970703125
3091.00858894714	797.159973144531
3093.03902683417	797.679992675781
3095.06888217933	797.719970703125
3097.09815521342	797.52001953125
3099.12684616709	797.840026855469
3101.15495527087	797.840026855469
3103.18248275518	798.080017089844
3105.20942885031	799.719970703125
3107.23579378642	801.280029296875
3109.26157779358	799.159973144531
3111.28678110171	801.159973144531
3113.31140394062	803.52001953125
3115.33544654	803.760009765625
3117.35890912942	805
3119.38179193832	803.440002441406
3121.40409519602	805.599975585938
3123.42581913174	805.679992675781
3125.44696397457	802.919982910156
3127.46752995345	803.840026855469
3129.48751729725	807
3131.50692623469	808.440002441406
3133.52575699436	807.799987792969
3135.54400980476	809.239990234375
3137.56168489425	808.320007324219
3139.57878249108	807.679992675781
3141.59530282337	809.200012207031
3143.61124611913	810
3145.62661260624	808.359985351563
3147.64140251247	808.799987792969
3149.65561606547	810
3151.66925349277	812.239990234375
3153.68231502177	810.400024414063
3155.69480087977	812.119995117188
3157.70671129394	811.440002441406
3159.71804649132	814.039978027344
3161.72880669886	816.400024414063
3163.73899214336	814.400024414063
3165.74860305152	815.599975585938
3167.75763964991	815.52001953125
3169.766102165	814.599975585938
3171.77399082313	817.640014648438
3173.7813058505	818.719970703125
3175.78804747323	817.52001953125
3177.79421591731	815.640014648438
3179.79981140859	819.159973144531
3181.80483417282	819.960021972656
3183.80928443564	818.239990234375
3185.81316242255	821.320007324219
3187.81646835896	822.039978027344
3189.81920247013	821.280029296875
3191.82136498122	822.039978027344
3193.82295611727	824.239990234375
3195.82397610321	824.760009765625
3197.82442516385	825.280029296875
3199.82430352386	821.640014648438
3201.82361140782	823.799987792969
3203.82234904018	825.359985351563
3205.82051664529	824.52001953125
3207.81811444735	827.200012207031
3209.81514267047	826.919982910156
3211.81160153863	827.119995117188
3213.80749127571	825
3215.80281210545	826.039978027344
3217.79756425148	827.679992675781
3219.79174793733	825.760009765625
3221.7853633864	823.47998046875
3223.77841082196	826.080017089844
3225.77089046719	829.559997558594
3227.76280254513	830.760009765625
3229.75414727873	828
3231.74492489081	830.799987792969
3233.73513560406	829.640014648438
3235.72477964107	827.679992675781
3237.71385722431	827.239990234375
3239.70236857614	831.719970703125
3241.6903139188	832.200012207031
3243.6776934744	832.359985351563
3245.66450746496	829.799987792969
3247.65075611237	830.200012207031
3249.63643963841	832.599975585938
3251.62155826472	831.640014648438
3253.60611221287	828.640014648438
3255.59010170428	826.320007324219
3257.57352696026	830.880004882813
3259.55638820202	831.960021972656
3261.53868565064	832.47998046875
3263.52041952708	834.080017089844
3265.50159005221	832.119995117188
3267.48219744676	829.080017089844
3269.46224193136	829.799987792969
3271.44172372651	831.400024414063
3273.42064305262	834.919982910156
3275.39900012996	834.440002441406
3277.3767951787	835.159973144531
3279.35402841889	831.760009765625
3281.33070007047	833.400024414063
3283.30681035326	835.320007324219
3285.28235948698	832.400024414063
3287.25734769121	831.960021972656
3289.23177518544	834.919982910156
3291.20564218903	831.679992675781
3293.17894892124	827.799987792969
3295.1516956012	825.880004882813
3297.12388244795	831.719970703125
3299.09550968039	833.080017089844
3301.06657751732	832.880004882813
3303.03708617743	833.359985351563
3305.00703587929	832.840026855469
3306.97642684135	831.080017089844
3308.94525928196	830.719970703125
3310.91353341935	831.840026855469
3312.88124947164	832.200012207031
3314.84840765683	829.840026855469
3316.81500819282	831.47998046875
3318.78105129738	829.159973144531
3320.74653718818	830.880004882813
3322.71146608278	830.119995117188
3324.67583819861	829.599975585938
3326.639653753	831.280029296875
3328.60291296317	831.440002441406
3330.56561604621	832.52001953125
3332.52776321913	829.52001953125
3334.4893546988	832.359985351563
3336.45039070198	831.119995117188
3338.41087144533	830
3340.37079714539	831.359985351563
3342.33016801859	831.359985351563
3344.28898428124	830.760009765625
3346.24724614955	831.919982910156
3348.20495383962	834.119995117188
3350.16210756742	829.559997558594
3352.11870754883	830.880004882813
3354.07475399961	829.52001953125
3356.03024713539	827.320007324219
3357.98518717173	828.880004882813
3359.93957432403	830.840026855469
3361.89340880761	830.760009765625
3363.84669083768	830.119995117188
3365.79942062933	827.799987792969
3367.75159839753	830.239990234375
3369.70322435715	831.440002441406
3371.65429872295	831.640014648438
3373.60482170957	832.200012207031
3375.55479353155	832.719970703125
3377.50421440332	834.320007324219
3379.45308453918	831.039978027344
3381.40140415335	830.359985351563
3383.34917345991	829.960021972656
3385.29639267284	830.320007324219
3387.24306200602	832.799987792969
3389.18918167321	832.359985351563
3391.13475188806	833.400024414063
3393.07977286411	835.280029296875
3395.02424481479	832.400024414063
3396.96816795342	831.880004882813
3398.91154249322	832.840026855469
3400.85436864728	831.239990234375
3402.79664662859	831.799987792969
3404.73837665004	832.679992675781
3406.67955892439	832.359985351563
3408.62019366432	832.359985351563
3410.56028108236	833.359985351563
3412.49982139096	834.280029296875
3414.43881480247	832.640014648438
3416.37726152909	832.799987792969
3418.31516178295	834
3420.25251577605	834.919982910156
3422.18932372029	833.080017089844
3424.12558582746	833
3426.06130230922	833.280029296875
3427.99647337717	830.039978027344
3429.93109924274	828.880004882813
3431.8651801173	829.760009765625
3433.79871621209	829.47998046875
3435.73170773824	829.320007324219
3437.66415490678	831.359985351563
3439.59605792862	831.280029296875
3441.52741701458	831.760009765625
3443.45823237536	832.799987792969
3445.38850422154	830.960021972656
3447.31823276362	828.119995117188
3449.24741821196	828
3451.17606077684	828.599975585938
3453.10416066842	828.760009765625
3455.03171809674	829.280029296875
3456.95873327175	827.039978027344
3458.88520640329	826.52001953125
3460.81113770109	827.47998046875
3462.73652737477	825.320007324219
3464.66137563383	825
3466.58568268769	826.119995117188
3468.50944874565	827.400024414063
3470.43267401689	829.840026855469
3472.3553587105	828.960021972656
3474.27750303545	826.359985351563
3476.19910720062	821.679992675781
3478.12017141476	819.799987792969
3480.04069588654	823.840026855469
3481.9606808245	825.440002441406
3483.88012643707	825.119995117188
3485.79903293259	823.880004882813
3487.7174005193	821.52001953125
3489.63522940532	821.080017089844
3491.55251979864	818.799987792969
3493.46927190719	820.280029296875
3495.38548593877	819.159973144531
3497.30116210107	816.119995117188
3499.21630060167	816.359985351563
3501.13090164807	816.679992675781
3503.04496544763	814.840026855469
3504.95849220763	814.919982910156
3506.87148213523	816.52001953125
3508.78393543748	816.760009765625
3510.69585232134	817.559997558594
3512.60723299365	815.679992675781
3514.51807766116	815.47998046875
3516.42838653049	814.559997558594
3518.33815980819	813.52001953125
3520.24739770066	810.880004882813
3522.15610041423	810.640014648438
3524.06426815511	811
3525.9719011294	809.359985351563
3527.87899954311	810.760009765625
3529.78556360213	811.919982910156
3531.69159351225	811.200012207031
3533.59708947916	810.080017089844
3535.50205170844	809.47998046875
3537.40648040556	808.840026855469
3539.3103757759	807.320007324219
3541.21373802472	806.359985351563
3543.11656735717	804.159973144531
3545.01886397833	804.359985351563
3546.92062809313	804.599975585938
3548.82185990643	805.119995117188
3550.72255962297	805.239990234375
3552.62272744738	805.400024414063
3554.5223635842	802.320007324219
3556.42146823786	800.799987792969
3558.32004161268	801.679992675781
3560.21808391289	799.799987792969
3562.11559534259	800.320007324219
3564.01257610581	799.760009765625
3565.90902640645	799.640014648438
3567.80494644831	799.880004882813
3569.7003364351	798.280029296875
3571.59519657042	799.080017089844
3573.48952705774	798.119995117188
3575.38332810048	799
3577.27659990191	798.559997558594
3579.16934266521	799.919982910156
3581.06155659346	799.679992675781
3582.95324188965	797.119995117188
3584.84439875663	797.799987792969
3586.73502739718	796.679992675781
3588.62512801397	794.239990234375
3590.51470080955	795.679992675781
3592.40374598639	797.200012207031
3594.29226374685	796
3596.18025429317	794.559997558594
3598.06771782751	794.320007324219
3599.95465455192	793.159973144531
3601.84106466834	792.320007324219
3603.72694837861	792.880004882813
3605.61230588447	793.320007324219
3607.49713738756	792.320007324219
3609.38144308942	794.559997558594
3611.26522319148	794.359985351563
3613.14847789506	792.359985351563
3615.0312074014	792.080017089844
3616.91341191162	791.640014648438
3618.79509162674	791.080017089844
3620.67624674769	790.159973144531
3622.55687747528	790.640014648438
3624.43698401024	790.200012207031
3626.31656655317	790.47998046875
3628.1956253046	790.400024414063
3630.07416046492	789.719970703125
3631.95217223446	788.760009765625
3633.82966081342	788.47998046875
3635.70662640191	787.760009765625
3637.58306919993	786.52001953125
3639.45898940739	786.840026855469
3641.33438722409	787.280029296875
3643.20926284973	787
3645.08361648392	786.960021972656
3646.95744832614	785.840026855469
3648.8307585758	786.799987792969
3650.7035474322	785.960021972656
3652.57581509452	785.799987792969
3654.44756176188	784.640014648438
3656.31878763324	785.239990234375
3658.18949290753	785.320007324219
3660.05967778352	784.840026855469
3661.9293424599	783.640014648438
3663.79848713527	783
3665.66711200812	782.880004882813
3667.53521727684	783
3669.40280313972	782.719970703125
3671.26986979494	782.320007324219
3673.13641744059	782.080017089844
3675.00244627468	781.559997558594
