-140.373595351881	775.280029296875
-137.335129063906	774.880004882813
-134.297686810867	774.599975585938
-131.261268103955	775
-128.225872454677	774.47998046875
-125.191499374839	774.400024414063
-122.158148376567	774.559997558594
-119.125818972292	774.159973144531
-116.094510674759	774.719970703125
-113.064222997021	774.47998046875
-110.034955452443	774.719970703125
-107.006707554687	774.52001953125
-103.979478817741	774.440002441406
-100.95326875589	774.719970703125
-97.928076883731	774.919982910156
-94.9039027161698	774.400024414063
-91.8807457684175	774.559997558594
-88.8586055560018	774.320007324219
-85.8374815947384	774.880004882813
-82.8173734007715	774.599975585938
-79.7982804905411	774.559997558594
-76.7802023807988	774.640014648438
-73.7631385885914	774.760009765625
-70.7470886312892	774.599975585938
-67.732052026553	774.919982910156
-64.7180282923587	774.559997558594
-61.7050169469884	773.919982910156
-58.6930175090183	774.599975585938
-55.6820294973386	774.599975585938
-52.6720524311495	774.760009765625
-49.66308582994	774.840026855469
-46.6551292135171	774.960021972656
-43.6481821019882	774.719970703125
-40.6422440157577	774.760009765625
-37.6373144755424	774.760009765625
-34.6333930023594	774.919982910156
-31.630479117526	774.880004882813
-28.6285723426709	774.760009765625
-25.6276721997107	774.840026855469
-22.6277782108771	774.880004882813
-19.628889898701	774.840026855469
-16.6310067860081	775.239990234375
-13.6341283959385	775.799987792969
-10.6382542519231	779.719970703125
-7.64338387769432	799.47998046875
-4.64951679729502	836.280029296875
-1.65665253506141	850.400024414063
1.33520938438089	827.159973144531
4.32606943608095	789.159973144531
7.315928094803	776.200012207031
10.3047858350146	775.119995117188
13.2926431308747	774.960021972656
16.2795004562541	774.359985351563
19.2653582847118	774.679992675781
22.2502170895187	774.640014648438
25.2340773436344	774.640014648438
28.216939519735	774.440002441406
31.1988040901939	774.880004882813
34.1796715270814	774.280029296875
37.1595423021732	774.200012207031
40.1384168869468	773.960021972656
43.1162957525854	774.679992675781
46.0931793699786	774.840026855469
49.0690682097059	774.960021972656
52.0439627420619	774.239990234375
55.0178634370476	774.200012207031
57.9907707643592	774.880004882813
60.9626851933962	774.320007324219
63.9336071932735	774.640014648438
66.9035372328018	774.400024414063
69.8724757804959	774.400024414063
72.8404233045826	774.440002441406
75.8073802729932	774.47998046875
78.7733471533597	774.719970703125
81.738324413019	774.799987792969
84.702312519025	774.599975585938
87.665311938125	774.280029296875
90.6273231367761	774.320007324219
93.5883465811569	774.559997558594
96.5483827371242	774.760009765625
99.5074320702731	774.599975585938
102.465495045889	774.799987792969
105.422572128961	774.440002441406
108.378663784199	774.320007324219
111.333770476014	774.47998046875
114.287892668528	774.159973144531
117.24103082557	774.599975585938
120.193185410674	774.840026855469
123.144356887097	774.719970703125
126.094545717786	775.039978027344
129.043752365413	775.159973144531
131.991977292355	775.440002441406
134.939220960695	776
137.885483832232	776.159973144531
140.83076636847	776.559997558594
143.775069030632	776.880004882813
146.718392279644	776.760009765625
149.660736576149	777.039978027344
152.602102380488	777.200012207031
155.54249015274	777.400024414063
158.481900352672	778.400024414063
161.420333439765	778.880004882813
164.357789873227	779.960021972656
167.294270111968	779.52001953125
170.229774614617	780.119995117188
173.164303839496	781.159973144531
176.097858244675	781.760009765625
179.030438287908	781.679992675781
181.962044426678	783.400024414063
184.89267711817	783.599975585938
187.822336819302	783
190.751023986678	784
193.678739076648	784.440002441406
196.605482545255	784.47998046875
199.531254848261	784.52001953125
202.456056441152	784.679992675781
205.379887779119	784.719970703125
208.30274931708	785.159973144531
211.224641509656	784.320007324219
214.145564811189	785.239990234375
217.06551967574	785.400024414063
219.984506557089	785.440002441406
222.902525908723	786.200012207031
225.819578183856	786.559997558594
228.735663835415	785.719970703125
231.650783316047	785.559997558594
234.564937078107	785.760009765625
237.478125573679	785.599975585938
240.390349254566	785.119995117188
243.301608572278	785.880004882813
246.211903978051	786.239990234375
249.121235922839	786.400024414063
252.029604857321	787.840026855469
254.93701123188	786.760009765625
257.843455496632	788.119995117188
260.748938101415	788.320007324219
263.653459495766	788.119995117188
266.557020128967	788.599975585938
269.459620450005	789.880004882813
272.361260907595	789.840026855469
275.261941950168	790.200012207031
278.161664025874	789.280029296875
281.060427582592	790.320007324219
283.958233067921	790.840026855469
286.855080929176	789.599975585938
289.750971613398	789.640014648438
292.645905567344	788.799987792969
295.539883237503	790.239990234375
298.432905070079	789.919982910156
301.324971511007	789.599975585938
304.216083005931	789.960021972656
307.10624000023	791.880004882813
309.995442939003	793.440002441406
312.883692267071	797.400024414063
315.770988428979	804.280029296875
318.657331869	812.47998046875
321.542723031127	817.919982910156
324.427162359076	815.52001953125
327.310650296293	807
330.193187285945	799.599975585938
333.074773770929	794.719970703125
335.955410193855	793.280029296875
338.835096997075	791.119995117188
341.713834622655	789.599975585938
344.59162351239	789.239990234375
347.468464107802	789.039978027344
350.344356850137	789
353.219302180373	788.880004882813
356.093300539208	788.960021972656
358.966352367073	788.960021972656
361.838458104123	788.200012207031
364.70961819024	787.719970703125
367.579833065031	787.119995117188
370.449103167837	787.080017089844
373.317428937727	787.719970703125
376.184810813496	787.200012207031
379.051249233659	787.239990234375
381.916744636474	788.159973144531
384.78129745992	787.440002441406
387.644908141706	787.559997558594
390.50757711927	786.760009765625
393.36930482978	787.039978027344
396.23009171014	788.52001953125
399.089938196969	787.760009765625
401.948844726631	788.200012207031
404.806811735214	789.039978027344
407.66383965853	788.599975585938
410.519928932138	787.440002441406
413.375079991314	787.719970703125
416.229293271071	786.47998046875
419.082569206155	787.119995117188
421.934908231031	788.039978027344
424.786310779917	787.159973144531
427.636777286748	787.640014648438
430.486308185189	787.080017089844
433.334903908649	787.200012207031
436.182564890262	788.200012207031
439.029291562898	787.679992675781
441.875084359157	787.799987792969
444.719943711374	787.840026855469
447.563870051618	787.440002441406
450.406863811695	788
453.248925423132	787.840026855469
456.090055317208	787.119995117188
458.93025392492	786.840026855469
461.76952167701	787.679992675781
464.60785900395	787.799987792969
467.44526633595	787.119995117188
470.281744102955	787.640014648438
473.117292734635	787.039978027344
475.951912660415	786.919982910156
478.785604309439	787.47998046875
481.618368110592	787.919982910156
484.450204492499	786.640014648438
487.281113883518	787.960021972656
490.111096711738	787.320007324219
492.940153404999	786.760009765625
495.768284390864	788.280029296875
498.595490096635	787.840026855469
501.421770949366	787.960021972656
504.247127375825	787.640014648438
507.071559802537	787.880004882813
509.89506865575	788.280029296875
512.717654361473	787.47998046875
515.539317345424	787.119995117188
518.360058033083	788.200012207031
521.179876849652	787.200012207031
523.998774220083	788.200012207031
526.816750569068	787.52001953125
529.633806321025	786.400024414063
532.44994190013	789.039978027344
535.265157730284	788.880004882813
538.079454235133	788
540.892831838066	788.039978027344
543.705290962208	787.359985351563
546.516832030424	787.440002441406
549.32745546533	788.320007324219
552.137161689268	787.320007324219
554.945951124325	787.799987792969
557.753824192341	786.719970703125
560.560781314883	787.52001953125
563.36682291327	787.039978027344
566.171949408555	788
568.976161221537	787.640014648438
571.779458772759	786.719970703125
574.5818424825	787.559997558594
577.383312770792	788
580.183870057402	788.760009765625
582.983514761843	788.200012207031
585.782247303363	788.640014648438
588.580068100976	787.840026855469
591.376977573414	789.119995117188
594.172976139164	787.960021972656
596.968064216463	787.159973144531
599.762242223282	787.52001953125
602.555510577335	787.52001953125
605.347869696099	786.880004882813
608.139319996771	786.719970703125
610.929861896313	787.280029296875
613.719495811421	787.039978027344
616.508222158541	787.119995117188
619.296041353863	787.159973144531
622.082953813324	786.719970703125
624.868959952607	786.799987792969
627.654060187137	786.359985351563
630.438254932094	787.880004882813
633.221544602397	786.679992675781
636.003929612719	787.880004882813
638.785410377468	787
641.565987310814	787.440002441406
644.345660826665	787.719970703125
647.124431338674	787.52001953125
649.902299260252	787.52001953125
652.679265004552	786.640014648438
655.455328984475	787.47998046875
658.230491612671	787.239990234375
661.004753301541	787.200012207031
663.778114463229	787.359985351563
666.550575509631	787.559997558594
669.322136852395	788
672.092798902916	787.919982910156
674.862562072336	787.559997558594
677.631426771548	787.52001953125
680.399393411204	787.47998046875
683.166462401689	787.080017089844
685.93263415315	788.039978027344
688.697909075486	786.960021972656
691.462287578337	787.039978027344
694.225770071098	787.080017089844
696.988356962926	787.159973144531
699.750048662705	787.039978027344
702.5108455791	787.640014648438
705.270748120503	787
708.029756695068	787.159973144531
710.787871710705	787.719970703125
713.545093575065	787.919982910156
716.301422695566	787.719970703125
719.056859479364	787.440002441406
721.811404333376	787.280029296875
724.56505766427	788.080017089844
727.317819878473	787.280029296875
730.069691382148	787.52001953125
732.820672581226	787.47998046875
735.570763881396	787.320007324219
738.319965688092	787.679992675781
741.068278406496	788.080017089844
743.815702441559	788
746.562238197974	788.159973144531
749.307886080196	787.960021972656
752.052646492436	788.119995117188
754.796519838656	787.880004882813
757.539506522567	788.039978027344
760.28160694765	788.599975585938
763.022821517128	787.679992675781
765.76315063399	789
768.502594700972	788.239990234375
771.241154120572	787.919982910156
773.978829295045	788.440002441406
776.715620626397	788.320007324219
779.451528516396	788.679992675781
782.186553366565	789.719970703125
784.920695578179	789.320007324219
787.653955552283	789.719970703125
790.386333689662	789.359985351563
793.117830390877	788.880004882813
795.848446056227	789.200012207031
798.578181085792	788.559997558594
801.307035879389	788.200012207031
804.035010836599	787.359985351563
806.762106356774	787.880004882813
809.488322839013	787.840026855469
812.213660682169	788.280029296875
814.938120284866	788.239990234375
817.661702045482	788.200012207031
820.384406362153	788.47998046875
823.10623363278	787.679992675781
825.827184255014	788.47998046875
828.547258626283	788.440002441406
831.266457143747	787.52001953125
833.984780204358	787.47998046875
836.702228204804	787.919982910156
839.418801541552	787.599975585938
842.134500610814	787.47998046875
844.849325808575	787.320007324219
847.563277530579	789.039978027344
850.276356172319	788.359985351563
852.988562129066	787.880004882813
855.69989579585	788.640014648438
858.410357567456	787.960021972656
861.119947838428	787.599975585938
863.828667003087	787.640014648438
866.536515455503	786.799987792969
869.243493589517	787.200012207031
871.949601798728	787.679992675781
874.654840476504	786.880004882813
877.359210015961	786.840026855469
880.062710810003	788.599975585938
882.765343251273	788.52001953125
885.467107732191	788.119995117188
888.168004644938	787.840026855469
890.868034381467	787.799987792969
893.567197333476	788.080017089844
896.265493892445	787.280029296875
898.962924449614	787.679992675781
901.659489395985	788.159973144531
904.355189122325	787.599975585938
907.050024019165	787.719970703125
909.743994476809	787.080017089844
912.437100885322	787.280029296875
915.129343634532	788.239990234375
917.820723114032	787.919982910156
920.511239713189	787.960021972656
923.200893821127	787.359985351563
925.889685826744	787.880004882813
928.577616118699	788.280029296875
931.264685085419	787.880004882813
933.950893115098	788.400024414063
936.6362405957	788.039978027344
939.320727914956	788.080017089844
942.004355460359	787.880004882813
944.687123619173	788.359985351563
947.369032778431	787.320007324219
950.050083324934	788.840026855469
952.730275645247	787.440002441406
955.409610125711	788.719970703125
958.088087152423	788.119995117188
960.765707111263	787.679992675781
963.442470387871	787.200012207031
966.118377367657	787.960021972656
968.793428435798	787.640014648438
971.467623977254	787.719970703125
974.140964376739	787.719970703125
976.813450018737	787.320007324219
979.485081287511	788.440002441406
982.155858567087	787.52001953125
984.825782241271	787.440002441406
987.494852693624	787.919982910156
990.163070307487	787.52001953125
992.830435465978	787.320007324219
995.496948551973	787.799987792969
998.162609948122	788.280029296875
1000.82742003685	790.159973144531
1003.49137920036	790.840026855469
1006.15448782061	791.280029296875
1008.81674627934	789.320007324219
1011.47815495806	788.599975585938
1014.13871423805	787.52001953125
1016.79842450037	786.679992675781
1019.45728612586	786.679992675781
1022.11529949509	786.840026855469
1024.77246498846	786.47998046875
1027.4287829861	786.679992675781
1030.08425386792	786.960021972656
1032.73887801363	788.159973144531
1035.3926558027	787.080017089844
1038.04558761435	787.599975585938
1040.69767382761	786.840026855469
1043.34891482125	787.320007324219
1045.99931097384	786.840026855469
1048.64886266371	787.679992675781
1051.29757026898	787.239990234375
1053.94543416753	787.359985351563
1056.59245473701	787.200012207031
1059.23863235486	787.880004882813
1061.8839673983	787.159973144531
1064.5284602443	788.280029296875
1067.17211126962	787.039978027344
1069.8149208508	787
1072.45688936415	787.799987792969
1075.09801718577	787.440002441406
1077.7383046915	787.599975585938
1080.377752257	788.159973144531
1083.01636025767	788.039978027344
1085.65412906872	788.880004882813
1088.2910590651	788.47998046875
1090.92715062157	787.919982910156
1093.56240411266	788.039978027344
1096.19681991265	787.880004882813
1098.83039839564	788.47998046875
1101.46313993547	788.400024414063
1104.09504490579	787.52001953125
1106.72611368	787.919982910156
1109.35634663129	786.719970703125
1111.98574413263	786.760009765625
1114.61430655677	787.359985351563
1117.24203427624	786.559997558594
1119.86892766333	786.840026855469
1122.49498709014	786.679992675781
1125.12021292851	786.440002441406
1127.74460555011	787.960021972656
1130.36816532634	787.119995117188
1132.99089262841	786.919982910156
1135.6127878273	786.359985351563
1138.23385129376	784.760009765625
1140.85408339834	785.440002441406
1143.47348451137	785.960021972656
1146.09205500294	785.599975585938
1148.70979524293	785.400024414063
1151.326705601	785.919982910156
1153.9427864466	784.960021972656
1156.55803814896	784.599975585938
1159.17246107707	786.359985351563
1161.78605559974	786.440002441406
1164.39882208551	786.080017089844
1167.01076090276	786.640014648438
1169.6218724196	786.280029296875
1172.23215700396	785.239990234375
1174.84161502352	786.52001953125
1177.45024684578	786.119995117188
1180.05805283799	786.039978027344
1182.66503336719	786.239990234375
1185.27118880021	787
1187.87651950367	785.47998046875
1190.48102584395	784.719970703125
1193.08470818723	785.359985351563
1195.68756689948	785.719970703125
1198.28960234643	786.880004882813
1200.89081489363	786.599975585938
1203.49120490636	787.119995117188
1206.09077274974	787.440002441406
1208.68951878864	787.880004882813
1211.28744338773	788.239990234375
1213.88454691145	786.840026855469
1216.48082972404	786.960021972656
1219.07629218953	788.280029296875
1221.6709346717	787.200012207031
1224.26475753416	786.599975585938
1226.85776114028	788.119995117188
1229.44994585322	788.320007324219
1232.04131203592	788.280029296875
1234.63186005112	789.080017089844
1237.22159026133	790.239990234375
1239.81050302886	789.47998046875
1242.3985987158	789.559997558594
1244.98587768402	790.239990234375
1247.5723402952	789.880004882813
1250.15798691078	789.599975585938
1252.74281789199	790.840026855469
1255.32683359987	790.080017089844
1257.91003439523	790.559997558594
1260.49242063865	789.840026855469
1263.07399269055	790.440002441406
1265.65475091108	789.039978027344
1268.23469566021	789.799987792969
1270.81382729769	789.080017089844
1273.39214618306	789.760009765625
1275.96965267566	789.159973144531
1278.54634713458	788.200012207031
1281.12222991875	788.919982910156
1283.69730138685	789.679992675781
1286.27156189737	788.559997558594
1288.84501180858	788.919982910156
1291.41765147853	789.320007324219
1293.98948126509	788.880004882813
1296.56050152589	788.239990234375
1299.13071261837	789.719970703125
1301.70011489973	788.679992675781
1304.268708727	789.320007324219
1306.83649445698	789.840026855469
1309.40347244625	789.159973144531
1311.96964305119	789.919982910156
1314.53500662799	789.880004882813
1317.0995635326	790.52001953125
1319.66331412077	790.200012207031
1322.22625874806	790.719970703125
1324.7883977698	790.440002441406
1327.34973154112	789.719970703125
1329.91026041694	789.840026855469
1332.46998475197	789.719970703125
1335.0289049007	790.440002441406
1337.58702121746	790.080017089844
1340.14433405631	789.799987792969
1342.70084377115	790.400024414063
1345.25655071563	789.320007324219
1347.81145524323	789.119995117188
1350.36555770721	789.200012207031
1352.91885846062	787.719970703125
1355.47135785631	786.599975585938
1358.02305624691	787.559997558594
1360.57395398486	786.840026855469
1363.12405142237	787.440002441406
1365.67334891148	787.640014648438
1368.22184680399	786.52001953125
1370.76954545151	786.440002441406
1373.31644520545	786.440002441406
1375.86254641699	787.039978027344
1378.40784943713	786.799987792969
1380.95235461666	786.200012207031
1383.49606230615	785.119995117188
1386.03897285598	786.719970703125
1388.58108661632	786.719970703125
1391.12240393713	786.039978027344
1393.66292516818	786
1396.20265065903	786.52001953125
1398.74158075901	787
1401.2797158173	787.039978027344
1403.81705618282	786.47998046875
1406.35360220431	787
1408.88935423032	787.47998046875
1411.42431260919	785.760009765625
1413.95847768903	785.760009765625
1416.49184981777	786.200012207031
1419.02442934314	786.400024414063
1421.55621661266	787.440002441406
1424.08721197364	787.119995117188
1426.61741577321	786.200012207031
1429.14682835828	786
1431.67545007555	785.960021972656
1434.20328127153	786.200012207031
1436.73032229253	787.719970703125
1439.25657348466	788.47998046875
1441.78203519381	788.52001953125
1444.3067077657	789.400024414063
1446.83059154581	789.880004882813
1449.35368687944	789.960021972656
1451.8759941117	790.559997558594
1454.39751358748	790.359985351563
1456.91824565148	789.159973144531
1459.43819064818	789.200012207031
1461.95734892189	789.080017089844
1464.4757208167	788.559997558594
1466.99330667649	788.919982910156
1469.51010684497	788.080017089844
1472.02612166564	787.039978027344
1474.54135148177	786.840026855469
1477.05579663646	786.799987792969
1479.56945747262	786.799987792969
1482.08233433293	786.239990234375
1484.59442755989	786.679992675781
1487.10573749579	785.760009765625
1489.61626448275	785.799987792969
1492.12600886264	784.760009765625
1494.63497097718	785.080017089844
1497.14315116786	783.880004882813
1499.65054977599	783.47998046875
1502.15716714267	783.359985351563
1504.66300360881	783.640014648438
1507.16805951512	783.599975585938
1509.67233520211	782.640014648438
1512.1758310101	783.280029296875
1514.67854727919	783.320007324219
1517.18048434931	782.880004882813
1519.68164256018	783.359985351563
1522.18202225132	783.400024414063
1524.68162376207	782.640014648438
1527.18044743155	783.320007324219
1529.67849359869	782.840026855469
1532.17576260224	782.919982910156
1534.67225478072	783.239990234375
1537.1679704725	783
1539.66291001572	783.400024414063
1542.15707374832	783.440002441406
1544.65046200807	783.599975585938
1547.14307513254	782.919982910156
1549.63491345907	783.359985351563
1552.12597732485	783.919982910156
1554.61626706685	784.239990234375
1557.10578302185	783.640014648438
1559.59452552644	783.799987792969
1562.082494917	784.400024414063
1564.56969152973	784.159973144531
1567.05611570064	784.280029296875
1569.54176776552	784.880004882813
1572.02664806	785.440002441406
1574.51075691949	786
1576.99409467921	785.719970703125
1579.4766616742	785.47998046875
1581.95845823929	785.799987792969
1584.43948470912	785.719970703125
1586.91974141815	785.239990234375
1589.39922870064	785.760009765625
1591.87794689064	785.280029296875
1594.35589632202	784.760009765625
1596.83307732848	785.52001953125
1599.30949024348	785.47998046875
1601.78513540033	785.200012207031
1604.26001313211	786.400024414063
1606.73412377175	785.840026855469
1609.20746765196	785.960021972656
1611.68004510526	786.239990234375
1614.15185646398	785.640014648438
1616.62290206026	786.880004882813
1619.09318222605	786.47998046875
1621.56269729311	786.919982910156
1624.031447593	786.320007324219
1626.4994334571	786.760009765625
1628.9666552166	786.880004882813
1631.43311320248	787.280029296875
1633.89880774554	786.559997558594
1636.3637391764	787.159973144531
1638.82790782548	786.880004882813
1641.29131402301	787.440002441406
1643.75395809903	787.47998046875
1646.21584038339	788.359985351563
1648.67696120575	788.47998046875
1651.13732089558	788.47998046875
1653.59691978216	789.719970703125
1656.05575819459	788.400024414063
1658.51383646175	789.679992675781
1660.97115491238	789.080017089844
1663.42771387498	788.119995117188
1665.8835136779	789.719970703125
1668.33855464928	789.080017089844
1670.79283711708	788.799987792969
1673.24636140907	788.320007324219
1675.69912785282	788.320007324219
1678.15113677572	787.440002441406
1680.602388505	787
1683.05288336764	786.840026855469
1685.50262169049	786.640014648438
1687.95160380019	785
1690.39983002318	785.400024414063
1692.84730068573	785.320007324219
1695.29401611392	785
1697.73997663364	783.919982910156
1700.18518257059	783.599975585938
1702.6296342503	782.880004882813
1705.07333199807	782.400024414063
1707.51627613907	782
1709.95846699824	781.960021972656
1712.39990490036	781.559997558594
1714.84059017001	781.760009765625
1717.28052313159	781.359985351563
1719.7197041093	781.400024414063
1722.15813342718	780.799987792969
1724.59581140906	781.799987792969
1727.03273837859	781.400024414063
1729.46891465926	781
1731.90434057432	780.679992675781
1734.3390164469	780.640014648438
1736.7729425999	780.760009765625
1739.20611935604	780.159973144531
1741.63854703787	780.47998046875
1744.07022596776	780.440002441406
1746.50115646787	780.080017089844
1748.93133886019	780.559997558594
1751.36077346652	780.559997558594
1753.7894606085	780.599975585938
1756.21740060755	779.919982910156
1758.64459378494	780.159973144531
1761.07104046172	780.280029296875
1763.49674095879	780.080017089844
1765.92169559684	779.840026855469
1768.3459046964	780.200012207031
1770.7693685778	780
1773.1920875612	780.200012207031
1775.61406196656	779.880004882813
1778.03529211367	779.719970703125
1780.45577832214	780.080017089844
1782.87552091138	780.080017089844
1785.29452020064	779.280029296875
1787.71277650897	779.919982910156
1790.13029015525	779.239990234375
1792.54706145817	779.440002441406
1794.96309073625	779.400024414063
1797.3783783078	779.719970703125
1799.79292449097	779.400024414063
1802.20672960375	779.679992675781
1804.61979396389	779.719970703125
1807.03211788902	779.960021972656
1809.44370169655	779.719970703125
1811.85454570373	779.320007324219
1814.2646502276	779
1816.67401558506	779.47998046875
1819.0826420928	779.719970703125
1821.49053006734	779.960021972656
1823.89767982501	779.440002441406
1826.30409168198	779.239990234375
1828.70976595422	779.719970703125
1831.11470295753	779.799987792969
1833.51890300752	779.200012207031
1835.92236641964	779.359985351563
1838.32509350914	779.039978027344
1840.72708459111	779.640014648438
1843.12833998044	779.359985351563
1845.52885999184	779.200012207031
1847.92864493987	779.47998046875
1850.32769513889	779.400024414063
1852.72601090307	779.119995117188
1855.12359254642	779.640014648438
1857.52044038278	779.239990234375
1859.91655472578	779.200012207031
1862.31193588889	779.280029296875
1864.70658418542	779.719970703125
1867.10049992847	779.080017089844
1869.49368343096	779.280029296875
1871.88613500568	779.039978027344
1874.27785496518	779.080017089844
1876.66884362188	779.640014648438
1879.059101288	779.320007324219
1881.44862827559	779.080017089844
1883.8374248965	779.359985351563
1886.22549146246	779.280029296875
1888.61282828495	779.280029296875
1890.99943567534	779.280029296875
1893.38531394477	779.159973144531
1895.77046340424	779.200012207031
1898.15488436455	779.239990234375
1900.53857713634	779.039978027344
1902.92154203006	779.47998046875
1905.303779356	778.640014648438
1907.68528942426	778.760009765625
1910.06607254477	779.159973144531
1912.44612902729	779.239990234375
1914.82545918139	779.960021972656
1917.20406331648	779.599975585938
1919.58194174178	779.320007324219
1921.95909476634	779.200012207031
1924.33552269905	778.840026855469
1926.71122584861	779.280029296875
1929.08620452353	779.039978027344
1931.46045903219	779.599975585938
1933.83398968275	778.840026855469
1936.20679678322	779.039978027344
1938.57888064142	779.200012207031
1940.95024156502	779.159973144531
1943.3208798615	778.799987792969
1945.69079583816	779.159973144531
1948.05998980213	779.47998046875
1950.42846206038	779.200012207031
1952.79621291969	779.239990234375
1955.16324268668	779.119995117188
1957.52955166778	778.919982910156
1959.89514016927	779.559997558594
1962.26000849723	779.280029296875
1964.62415695759	779.359985351563
1966.98758585609	779.280029296875
1969.3502954983	779
1971.71228618964	779.400024414063
1974.07355823532	779.880004882813
1976.43411194042	778.760009765625
1978.79394760981	779
1981.1530655482	779.400024414063
1983.51146606014	779.320007324219
1985.86914944999	779.239990234375
1988.22611602196	779.280029296875
1990.58236608007	779.039978027344
1992.93789992817	778.919982910156
1995.29271786995	779.640014648438
1997.64682020892	778.960021972656
2000.00020724843	779.799987792969
2002.35287929162	779.599975585938
2004.70483664152	779.52001953125
2007.05607960095	779.080017089844
2009.40660847256	779.320007324219
2011.75642355884	779.719970703125
2014.1055251621	779.400024414063
2016.4539135845	778.960021972656
2018.80158912802	779.840026855469
2021.14855209444	779.239990234375
2023.49480278542	779.320007324219
2025.84034150242	779.719970703125
2028.18516854673	779.200012207031
2030.52928421948	779.559997558594
2032.87268882163	779.52001953125
2035.21538265398	779.799987792969
2037.55736601713	779.359985351563
2039.89863921153	778.960021972656
2042.23920253747	778.760009765625
2044.57905629506	779.679992675781
2046.91820078425	779.280029296875
2049.2566363048	779.919982910156
2051.59436315633	779.640014648438
2053.93138163827	779.559997558594
2056.2676920499	779.640014648438
2058.6032946903	779.039978027344
2060.93818985843	779.47998046875
2063.27237785303	779.400024414063
2065.60585897272	779.47998046875
2067.93863351592	779.200012207031
2070.27070178089	779.47998046875
2072.60206406574	779.400024414063
2074.93272066838	779.159973144531
2077.26267188658	779.599975585938
2079.59191801793	778.919982910156
2081.92045935985	779.599975585938
2084.24829620962	779.840026855469
2086.57542886431	779.280029296875
2088.90185762087	779.440002441406
2091.22758277604	779.799987792969
2093.55260462643	779.640014648438
2095.87692346845	779.47998046875
2098.20053959837	779.440002441406
2100.52345331229	778.880004882813
2102.84566490614	779.119995117188
2105.16717467567	779.840026855469
2107.48798291649	779.559997558594
2109.80808992403	778.840026855469
2112.12749599355	779.359985351563
2114.44620142016	779.359985351563
2116.7642064988	779.200012207031
2119.08151152423	779.119995117188
2121.39811679106	779.679992675781
2123.71402259374	779.599975585938
2126.02922922653	779.880004882813
2128.34373698356	779.400024414063
2130.65754615876	779.679992675781
2132.97065704594	779.119995117188
2135.28306993869	779.320007324219
2137.59478513047	779.640014648438
2139.90580291459	779.47998046875
2142.21612358416	779.679992675781
2144.52574743214	779.159973144531
2146.83467475134	779.599975585938
2149.1429058344	779.239990234375
2151.45044097377	779.52001953125
2153.75728046178	779.400024414063
2156.06342459057	779.760009765625
2158.36887365212	779.559997558594
2160.67362793825	779.320007324219
2162.97768774061	779.320007324219
2165.28105335071	779.320007324219
2167.58372505987	778.960021972656
2169.88570315926	779.359985351563
2172.18698793988	778.919982910156
2174.48757969258	779.799987792969
2176.78747870805	779.400024414063
2179.08668527679	779.799987792969
2181.38519968917	779.039978027344
2183.68302223538	779.47998046875
2185.98015320547	779.080017089844
2188.27659288929	779.679992675781
2190.57234157656	778.840026855469
2192.86739955682	778.799987792969
2195.16176711948	779.239990234375
2197.45544455375	778.799987792969
2199.74843214869	779.440002441406
2202.04073019322	779.080017089844
2204.33233897607	778.599975585938
2206.62325878583	778.559997558594
2208.91348991093	778.919982910156
2211.20303263961	779.119995117188
2213.49188726	779.47998046875
2215.78005406001	779.440002441406
2218.06753332744	778.760009765625
2220.35432534991	778.640014648438
2222.64043041487	778.760009765625
2224.92584880964	779.159973144531
2227.21058082134	779.359985351563
2229.49462673696	778.679992675781
2231.77798684332	778.960021972656
2234.06066142709	778.799987792969
2236.34265077477	778.359985351563
2238.62395517269	778.359985351563
2240.90457490706	779.039978027344
2243.18451026388	778.760009765625
2245.46376152904	778.719970703125
2247.74232898823	778.960021972656
2250.02021292701	778.640014648438
2252.29741363077	778.47998046875
2254.57393138475	778.47998046875
2256.849766474	778.880004882813
2259.12491918346	778.559997558594
2261.39938979788	778.679992675781
2263.67317860185	778.919982910156
2265.94628587983	778.799987792969
2268.2187119161	779.200012207031
2270.49045699478	778.52001953125
2272.76152139985	779.119995117188
2275.03190541511	778.799987792969
2277.30160932421	778.679992675781
2279.57063341067	779.039978027344
2281.83897795781	779.080017089844
2284.10664324882	778.640014648438
2286.37362956672	779.239990234375
2288.63993719439	778.280029296875
2290.90556641454	778.599975585938
2293.17051750973	778.840026855469
2295.43479076235	778.559997558594
2297.69838645465	778.599975585938
2299.96130486871	778.960021972656
2302.22354628647	778.400024414063
2304.48511098971	778.760009765625
2306.74599926003	778.280029296875
2309.00621137891	778.359985351563
2311.26574762765	779.119995117188
2313.52460828741	778.200012207031
2315.78279363917	778.719970703125
2318.04030396379	778.159973144531
2320.29713954195	778.640014648438
2322.55330065418	778.559997558594
2324.80878758085	778.799987792969
2327.06360060219	778.080017089844
2329.31773999826	778.719970703125
2331.57120604897	778.960021972656
2333.82399903409	778.679992675781
2336.0761192332	778.599975585938
2338.32756692577	778.280029296875
2340.57834239108	778.400024414063
2342.82844590827	778.159973144531
2345.07787775633	778.880004882813
2347.32663821409	778.200012207031
2349.57472756023	778.599975585938
2351.82214607327	779
2354.06889403158	778.239990234375
2356.31497171337	778.47998046875
2358.56037939672	778.280029296875
2360.80511735953	777.960021972656
2363.04918587955	778.119995117188
2365.29258523439	778.119995117188
2367.5353157015	778.47998046875
2369.77737755817	778.159973144531
2372.01877108156	778.200012207031
2374.25949654865	778.679992675781
2376.49955423629	779.119995117188
2378.73894442115	777.960021972656
2380.97766737977	777.960021972656
2383.21572338855	778.679992675781
2385.45311272369	777.679992675781
2387.68983566129	778.039978027344
2389.92589247727	778.239990234375
2392.1612834474	778.200012207031
2394.39600884731	778.400024414063
2396.63006895246	777.239990234375
2398.86346403818	777.640014648438
2401.09619437962	778.119995117188
2403.32826025182	778.239990234375
2405.55966192963	778.320007324219
2407.79039968777	777.960021972656
2410.0204738008	778.559997558594
2412.24988454313	778.47998046875
2414.47863218902	778
2416.70671701258	778.080017089844
2418.93413928778	778.320007324219
2421.16089928842	778.280029296875
2423.38699728817	778
2425.61243356052	777.919982910156
2427.83720837884	778.359985351563
2430.06132201633	777.919982910156
2432.28477474606	777.880004882813
2434.50756684093	778.47998046875
2436.72969857371	778.440002441406
2438.95117021699	778
2441.17198204325	778.159973144531
2443.39213432478	778
2445.61162733376	778.159973144531
2447.83046134218	778.320007324219
2450.04863662192	778.080017089844
2452.26615344468	778.320007324219
2454.48301208203	778.280029296875
2456.69921280539	778.280029296875
2458.91475588602	778
2461.12964159504	777.679992675781
2463.34387020342	777.840026855469
2465.55744198198	778.159973144531
2467.77035720139	778.400024414063
2469.98261613217	777.679992675781
2472.1942190447	778
2474.40516620922	778.080017089844
2476.6154578958	778.080017089844
2478.82509437436	778.359985351563
2481.03407591471	777.760009765625
2483.24240278646	778.440002441406
2485.45007525911	778.359985351563
2487.65709360202	777.799987792969
2489.86345808435	778.400024414063
2492.06916897518	778.159973144531
2494.27422654339	778.599975585938
2496.47863105774	778.52001953125
2498.68238278683	777.760009765625
2500.88548199912	777.760009765625
2503.08792896294	778.47998046875
2505.28972394643	777.559997558594
2507.49086721763	778.200012207031
2509.6913590444	777.960021972656
2511.89119969447	778.640014648438
2514.09038943543	777.919982910156
2516.2889285347	778.599975585938
2518.48681725957	778
2520.6840558772	777.559997558594
2522.88064465456	778.320007324219
2525.07658385852	778.039978027344
2527.27187375578	777.52001953125
2529.4665146129	777.960021972656
2531.66050669629	778.679992675781
2533.85385027222	777.880004882813
2536.04654560681	778.599975585938
2538.23859296605	778.039978027344
2540.42999261577	778.280029296875
2542.62074482166	777.719970703125
2544.81084984925	777.960021972656
2547.00030796395	778.280029296875
2549.18911943101	778.159973144531
2551.37728451555	778.400024414063
2553.56480348252	777.880004882813
2555.75167659675	777.840026855469
2557.93790412292	777.599975585938
2560.12348632556	778.280029296875
2562.30842346905	777.960021972656
2564.49271581764	777.960021972656
2566.67636363544	778
2568.85936718639	777.719970703125
2571.04172673431	777.760009765625
2573.22344254288	777.960021972656
2575.40451487562	778.440002441406
2577.58494399591	778.200012207031
2579.76473016699	778.280029296875
2581.94387365196	777.960021972656
2584.12237471377	778.200012207031
2586.30023361523	777.840026855469
2588.47745061901	777.880004882813
2590.65402598763	778.039978027344
2592.82995998348	778.320007324219
2595.0052528688	778.280029296875
2597.17990490568	778.200012207031
2599.35391635608	777.960021972656
2601.52728748181	778.239990234375
2603.70001854454	777.880004882813
2605.8721098058	777.919982910156
2608.04356152698	778.159973144531
2610.21437396931	778.080017089844
2612.3845473939	777.799987792969
2614.55408206173	777.640014648438
2616.72297823359	777.840026855469
2618.89123617017	777.960021972656
2621.058856132	778.119995117188
2623.22583837949	777.799987792969
2625.39218317288	777.760009765625
2627.55789077229	778.47998046875
2629.72296143769	778.200012207031
2631.88739542891	778.840026855469
2634.05119300563	777.760009765625
2636.21435442742	778.159973144531
2638.37687995367	777.919982910156
2640.53876984365	777.559997558594
2642.70002435649	777.760009765625
2644.86064375119	778.400024414063
2647.02062828658	778.039978027344
2649.17997822137	778.280029296875
2651.33869381413	778.080017089844
2653.49677532328	778.640014648438
2655.65422300711	778
2657.81103712378	778.400024414063
2659.96721793127	777.880004882813
2662.12276568747	778.039978027344
2664.2776806501	777.960021972656
2666.43196307675	778.080017089844
2668.58561322486	778.239990234375
2670.73863135176	778.400024414063
2672.8910177146	778.159973144531
2675.04277257043	778.200012207031
2677.19389617612	778.47998046875
2679.34438878845	778.719970703125
2681.49425066402	778.559997558594
2683.64348205931	778.400024414063
2685.79208323065	778.039978027344
2687.94005443425	778.080017089844
2690.08739592617	778.359985351563
2692.23410796233	778
2694.38019079852	778.47998046875
2696.52564469038	778.400024414063
2698.67046989342	778.52001953125
2700.81466666302	778.760009765625
2702.9582352544	778.400024414063
2705.10117592265	778.159973144531
2707.24348892275	778.440002441406
2709.3851745095	778.559997558594
2711.5262329376	778.719970703125
2713.66666446158	778.679992675781
2715.80646933585	778.599975585938
2717.94564781468	778.760009765625
2720.08420015222	778.320007324219
2722.22212660245	778.799987792969
2724.35942741923	779.159973144531
2726.49610285628	779.039978027344
2728.63215316721	778.919982910156
2730.76757860544	779.280029296875
2732.9023794243	779.080017089844
2735.03655587697	779.239990234375
2737.17010821648	778.960021972656
2739.30303669573	778.52001953125
2741.4353415675	779
2743.56702308442	779.039978027344
2745.69808149898	779.200012207031
2747.82851706355	779.200012207031
2749.95833003034	778.799987792969
2752.08752065145	778.799987792969
2754.21608917883	778.559997558594
2756.3440358643	778.760009765625
2758.47136095954	779.239990234375
2760.59806471609	778.919982910156
2762.72414738537	779.200012207031
2764.84960921865	778.359985351563
2766.97445046708	778.52001953125
2769.09867138166	778.799987792969
2771.22227221326	778.880004882813
2773.34525321263	779.320007324219
2775.46761463035	779.359985351563
2777.58935671691	779.159973144531
2779.71047972262	779.159973144531
2781.83098389771	779.320007324219
2783.95086949221	778.960021972656
2786.07013675607	778.840026855469
2788.18878593908	778.640014648438
2790.3068172909	778.960021972656
2792.42423106106	779.119995117188
2794.54102749895	779
2796.65720685384	778.840026855469
2798.77276937486	779.239990234375
2800.88771531098	778.919982910156
2803.00204491107	779.080017089844
2805.11575842387	778.799987792969
2807.22885609796	779
2809.34133818179	779
2811.4532049237	779.280029296875
2813.56445657189	778.960021972656
2815.6750933744	779.039978027344
2817.78511557916	779.119995117188
2819.89452343398	779.880004882813
2822.00331718652	780.080017089844
2824.11149708429	779.679992675781
2826.2190633747	779.320007324219
2828.32601630502	779.640014648438
2830.43235612237	779.679992675781
2832.53808307375	779.640014648438
2834.64319740603	780.799987792969
2836.74769936595	781.119995117188
2838.85158920011	781.640014648438
2840.95486715497	781.919982910156
2843.05753347689	782.159973144531
2845.15958841206	783.440002441406
2847.26103220657	783.880004882813
2849.36186510636	784.320007324219
2851.46208735724	784.919982910156
2853.56169920488	784.200012207031
2855.66070089485	785.960021972656
2857.75909267257	786.400024414063
2859.85687478332	787.320007324219
2861.95404747225	787.440002441406
2864.05061098439	788.47998046875
2866.14656556464	788.960021972656
2868.24191145777	788.840026855469
2870.3366489084	790.159973144531
2872.43077816104	791.440002441406
2874.52429946006	791.880004882813
2876.61721304971	791.760009765625
2878.70951917409	791.719970703125
2880.8012180772	791.640014648438
2882.89231000287	791.719970703125
2884.98279519483	791.919982910156
2887.07267389667	792.679992675781
2889.16194635186	791.159973144531
2891.25061280373	793.400024414063
2893.33867349546	793.200012207031
2895.42612867015	794
2897.51297857074	793.47998046875
2899.59922344003	794.47998046875
2901.68486352071	794.440002441406
2903.76989905533	794.679992675781
2905.85433028632	795.440002441406
2907.93815745598	796.880004882813
2910.02138080648	797.320007324219
2912.10400057985	797.039978027344
2914.186017018	797.039978027344
2916.26743036271	799.599975585938
2918.34824085563	800.080017089844
2920.4284487383	800.960021972656
2922.5080542521	800.960021972656
2924.58705763829	801.919982910156
2926.66545913802	803.47998046875
2928.74325899231	802.559997558594
2930.82045744202	802.47998046875
2932.89705472792	803.960021972656
2934.97305109062	802.359985351563
2937.04844677063	805.159973144531
2939.12324200832	806.599975585938
2941.19743704393	804.239990234375
2943.27103211757	804.200012207031
2945.34402746923	803.799987792969
2947.41642333876	801.880004882813
2949.48821996592	800.239990234375
2951.55941759028	799.599975585938
2953.63001645135	799.280029296875
2955.70001678845	798.359985351563
2957.76941884083	797.679992675781
2959.83822284757	797.280029296875
2961.90642904764	797.039978027344
2963.97403767988	796.239990234375
2966.04104898302	798.119995117188
2968.10746319565	796.880004882813
2970.17328055621	795.960021972656
2972.23850130305	794.760009765625
2974.30312567438	796.159973144531
2976.36715390829	794.719970703125
2978.43058624273	794.280029296875
2980.49342291553	794.640014648438
2982.55566416439	794.119995117188
2984.61731022691	793.239990234375
2986.67836134051	793.679992675781
2988.73881774255	793.159973144531
2990.79867967021	792.679992675781
2992.85794736058	791.640014648438
2994.9166210506	791.840026855469
2996.97470097711	790.440002441406
2999.03218737679	790.239990234375
3001.08908048622	789.200012207031
3003.14538054186	790.159973144531
3005.20108778002	790.039978027344
3007.25620243691	789.52001953125
3009.3107247486	789.080017089844
3011.36465495104	788.640014648438
3013.41799328004	788.719970703125
3015.47073997133	788.640014648438
3017.52289526045	789.119995117188
3019.57445938288	787.679992675781
3021.62543257393	788.119995117188
3023.6758150688	788.47998046875
3025.72560710258	788.039978027344
3027.77480891021	787.880004882813
3029.82342072652	788.640014648438
3031.87144278622	789.200012207031
3033.91887532389	788.559997558594
3035.96571857399	789.640014648438
3038.01197277084	789.599975585938
3040.05763814867	790.119995117188
3042.10271494154	790.159973144531
3044.14720338344	790.640014648438
3046.19110370818	790.880004882813
3048.2344161495	791.359985351563
3050.27714094097	791.840026855469
3052.31927831608	791.52001953125
3054.36082850816	792.52001953125
3056.40179175044	792.359985351563
3058.44216827602	793.559997558594
3060.48195831786	794.080017089844
3062.52116210884	793.159973144531
3064.55977988167	792.320007324219
3066.59781186897	792.320007324219
3068.63525830322	793.359985351563
3070.67211941678	795.919982910156
3072.7083954419	795.880004882813
3074.7440866107	793.640014648438
3076.77919315516	794.159973144531
3078.81371530716	795
3080.84765329846	795.359985351563
3082.88100736068	795.119995117188
3084.91377772534	794.320007324219
3086.94596462381	795.799987792969
3088.97756828737	795.960021972656
3091.00858894714	797
3093.03902683417	796.719970703125
3095.06888217933	795.760009765625
3097.09815521342	797.760009765625
3099.12684616709	796.799987792969
3101.15495527087	797.320007324219
3103.18248275518	797.880004882813
3105.20942885031	799.080017089844
3107.23579378642	799
3109.26157779358	798.400024414063
3111.28678110171	798.799987792969
3113.31140394062	800.719970703125
3115.33544654	802.599975585938
3117.35890912942	803.47998046875
3119.38179193832	802.559997558594
3121.40409519602	804.880004882813
3123.42581913174	803.799987792969
3125.44696397457	802.840026855469
3127.46752995345	802.799987792969
3129.48751729725	806.159973144531
3131.50692623469	806.719970703125
3133.52575699436	806.320007324219
3135.54400980476	807
3137.56168489425	808
3139.57878249108	806.840026855469
3141.59530282337	808.039978027344
3143.61124611913	808.359985351563
3145.62661260624	806.320007324219
3147.64140251247	807.080017089844
3149.65561606547	808.559997558594
3151.66925349277	810.159973144531
3153.68231502177	810.039978027344
3155.69480087977	810
3157.70671129394	810.760009765625
3159.71804649132	811.880004882813
3161.72880669886	814.159973144531
3163.73899214336	814.280029296875
3165.74860305152	813.799987792969
3167.75763964991	813.320007324219
3169.766102165	814.320007324219
3171.77399082313	815.599975585938
3173.7813058505	816.52001953125
3175.78804747323	815.320007324219
3177.79421591731	815.840026855469
3179.79981140859	817.840026855469
3181.80483417282	819.47998046875
3183.80928443564	817.679992675781
3185.81316242255	818.840026855469
3187.81646835896	820.119995117188
3189.81920247013	818.880004882813
3191.82136498122	819.400024414063
3193.82295611727	821.719970703125
3195.82397610321	822.320007324219
3197.82442516385	824.200012207031
3199.82430352386	820.840026855469
3201.82361140782	820.400024414063
3203.82234904018	820.880004882813
3205.82051664529	823.359985351563
3207.81811444735	823.840026855469
3209.81514267047	825.119995117188
3211.81160153863	822.599975585938
3213.80749127571	821.840026855469
3215.80281210545	821.239990234375
3217.79756425148	824
3219.79174793733	824.320007324219
3221.7853633864	822.760009765625
3223.77841082196	824.320007324219
3225.77089046719	825.599975585938
3227.76280254513	825.159973144531
3229.75414727873	825.679992675781
3231.74492489081	828.080017089844
3233.73513560406	826.039978027344
3235.72477964107	823.599975585938
3237.71385722431	825.719970703125
3239.70236857614	827.200012207031
3241.6903139188	829.280029296875
3243.6776934744	827.159973144531
3245.66450746496	826.400024414063
3247.65075611237	826
3249.63643963841	828.200012207031
3251.62155826472	828.440002441406
3253.60611221287	824.400024414063
3255.59010170428	825.960021972656
3257.57352696026	828.799987792969
3259.55638820202	830.039978027344
3261.53868565064	828.640014648438
3263.52041952708	829.640014648438
3265.50159005221	831.080017089844
3267.48219744676	827.440002441406
3269.46224193136	825.840026855469
3271.44172372651	827.119995117188
3273.42064305262	831.760009765625
3275.39900012996	829.080017089844
3277.3767951787	830.039978027344
3279.35402841889	829.719970703125
3281.33070007047	829.919982910156
3283.30681035326	829.919982910156
3285.28235948698	827.039978027344
3287.25734769121	829.640014648438
3289.23177518544	830.880004882813
3291.20564218903	829
3293.17894892124	825.47998046875
3295.1516956012	824.599975585938
3297.12388244795	827.52001953125
3299.09550968039	829.47998046875
3301.06657751732	830.679992675781
3303.03708617743	831.679992675781
3305.00703587929	831.080017089844
3306.97642684135	828.640014648438
3308.94525928196	828.52001953125
3310.91353341935	828.359985351563
3312.88124947164	829.159973144531
3314.84840765683	828.159973144531
3316.81500819282	829.159973144531
3318.78105129738	829.280029296875
3320.74653718818	829.640014648438
3322.71146608278	828.640014648438
3324.67583819861	827.200012207031
3326.639653753	828.440002441406
3328.60291296317	828.47998046875
3330.56561604621	828.320007324219
3332.52776321913	826.080017089844
3334.4893546988	829.039978027344
3336.45039070198	827.239990234375
3338.41087144533	825.080017089844
3340.37079714539	828.440002441406
3342.33016801859	826.559997558594
3344.28898428124	826.880004882813
3346.24724614955	829.400024414063
3348.20495383962	830.239990234375
3350.16210756742	826.919982910156
3352.11870754883	828.200012207031
3354.07475399961	826.840026855469
3356.03024713539	826.799987792969
3357.98518717173	825.880004882813
3359.93957432403	827.47998046875
3361.89340880761	828.52001953125
3363.84669083768	827.039978027344
3365.79942062933	825.080017089844
3367.75159839753	825.719970703125
3369.70322435715	826.919982910156
3371.65429872295	829.200012207031
3373.60482170957	829.359985351563
3375.55479353155	830.239990234375
3377.50421440332	829.200012207031
3379.45308453918	829
3381.40140415335	826.760009765625
3383.34917345991	828.280029296875
3385.29639267284	826.880004882813
3387.24306200602	829.119995117188
3389.18918167321	831.320007324219
3391.13475188806	830.760009765625
3393.07977286411	828.559997558594
3395.02424481479	827.320007324219
3396.96816795342	827.880004882813
3398.91154249322	828.679992675781
3400.85436864728	829.320007324219
3402.79664662859	828.400024414063
3404.73837665004	828.799987792969
3406.67955892439	828.119995117188
3408.62019366432	829.599975585938
3410.56028108236	830.119995117188
3412.49982139096	831.359985351563
3414.43881480247	829.280029296875
3416.37726152909	830.359985351563
3418.31516178295	829.799987792969
3420.25251577605	830.559997558594
3422.18932372029	829.799987792969
3424.12558582746	830.159973144531
3426.06130230922	828.359985351563
3427.99647337717	827.239990234375
3429.93109924274	826.799987792969
3431.8651801173	826.52001953125
3433.79871621209	826.719970703125
3435.73170773824	826.840026855469
3437.66415490678	827.239990234375
3439.59605792862	827.840026855469
3441.52741701458	830.52001953125
3443.45823237536	830.719970703125
3445.38850422154	827.159973144531
3447.31823276362	824.640014648438
3449.24741821196	824.760009765625
3451.17606077684	823.400024414063
3453.10416066842	825.640014648438
3455.03171809674	826.440002441406
3456.95873327175	825.400024414063
3458.88520640329	823.640014648438
3460.81113770109	823.359985351563
3462.73652737477	823.359985351563
3464.66137563383	822.440002441406
3466.58568268769	822.119995117188
3468.50944874565	825.239990234375
3470.43267401689	826.239990234375
3472.3553587105	825.840026855469
3474.27750303545	823.359985351563
3476.19910720062	818.799987792969
3478.12017141476	818.640014648438
3480.04069588654	820.960021972656
3481.9606808245	822.719970703125
3483.88012643707	821.960021972656
3485.79903293259	821.159973144531
3487.7174005193	818.840026855469
3489.63522940532	816.880004882813
3491.55251979864	817.400024414063
3493.46927190719	816.239990234375
3495.38548593877	815.47998046875
3497.30116210107	815.159973144531
3499.21630060167	812.880004882813
3501.13090164807	814.880004882813
3503.04496544763	811.760009765625
3504.95849220763	813.280029296875
3506.87148213523	813.960021972656
3508.78393543748	814.440002441406
3510.69585232134	815.119995117188
3512.60723299365	812.559997558594
3514.51807766116	812.52001953125
3516.42838653049	812.280029296875
3518.33815980819	809.280029296875
3520.24739770066	808.760009765625
3522.15610041423	807.919982910156
3524.06426815511	808.47998046875
3525.9719011294	807.960021972656
3527.87899954311	809.359985351563
3529.78556360213	808.919982910156
3531.69159351225	808.799987792969
3533.59708947916	808.239990234375
3535.50205170844	806.080017089844
3537.40648040556	807.52001953125
3539.3103757759	805.559997558594
3541.21373802472	804.840026855469
3543.11656735717	803.320007324219
3545.01886397833	802.840026855469
3546.92062809313	803
3548.82185990643	802.919982910156
3550.72255962297	803.679992675781
3552.62272744738	803.559997558594
3554.5223635842	800.719970703125
3556.42146823786	800.880004882813
3558.32004161268	801.400024414063
3560.21808391289	799.919982910156
3562.11559534259	799.640014648438
3564.01257610581	797.919982910156
3565.90902640645	798.640014648438
3567.80494644831	798.119995117188
3569.7003364351	797.719970703125
3571.59519657042	797.679992675781
3573.48952705774	797.960021972656
3575.38332810048	798.840026855469
3577.27659990191	798.52001953125
3579.16934266521	798.640014648438
3581.06155659346	799.119995117188
3582.95324188965	797.359985351563
3584.84439875663	796.159973144531
3586.73502739718	796.640014648438
3588.62512801397	794.400024414063
3590.51470080955	794.840026855469
3592.40374598639	795.200012207031
3594.29226374685	795.359985351563
3596.18025429317	793.880004882813
3598.06771782751	794
3599.95465455192	791.599975585938
3601.84106466834	791.239990234375
3603.72694837861	791.359985351563
3605.61230588447	792.960021972656
3607.49713738756	793.559997558594
3609.38144308942	793.119995117188
3611.26522319148	793.719970703125
3613.14847789506	792.320007324219
3615.0312074014	791.400024414063
3616.91341191162	790.840026855469
3618.79509162674	790.559997558594
3620.67624674769	791.119995117188
3622.55687747528	789.960021972656
3624.43698401024	789.640014648438
3626.31656655317	789.52001953125
3628.1956253046	790.080017089844
3630.07416046492	790.039978027344
3631.95217223446	789
3633.82966081342	788.47998046875
3635.70662640191	788.200012207031
3637.58306919993	787.719970703125
3639.45898940739	786
3641.33438722409	786.760009765625
3643.20926284973	786.52001953125
3645.08361648392	786.440002441406
3646.95744832614	786.799987792969
3648.8307585758	786.599975585938
3650.7035474322	786.119995117188
3652.57581509452	785.679992675781
3654.44756176188	785.52001953125
3656.31878763324	785
3658.18949290753	785.320007324219
3660.05967778352	785.200012207031
3661.9293424599	783.760009765625
3663.79848713527	784.679992675781
3665.66711200812	784.320007324219
3667.53521727684	783.880004882813
3669.40280313972	782.719970703125
3671.26986979494	782.52001953125
3673.13641744059	781.719970703125
3675.00244627468	781.760009765625
