-140.373595351881	774.719970703125
-137.335129063906	774.440002441406
-134.297686810867	774.200012207031
-131.261268103955	774.679992675781
-128.225872454677	774.440002441406
-125.191499374839	774.880004882813
-122.158148376567	774.280029296875
-119.125818972292	774.359985351563
-116.094510674759	774.760009765625
-113.064222997021	774.320007324219
-110.034955452443	774.799987792969
-107.006707554687	774.559997558594
-103.979478817741	774.400024414063
-100.95326875589	774.239990234375
-97.928076883731	774.200012207031
-94.9039027161698	774
-91.8807457684175	774.400024414063
-88.8586055560018	774.440002441406
-85.8374815947384	774.320007324219
-82.8173734007715	774.599975585938
-79.7982804905411	774.799987792969
-76.7802023807988	774.47998046875
-73.7631385885914	774.080017089844
-70.7470886312892	774.200012207031
-67.732052026553	774.239990234375
-64.7180282923587	774.440002441406
-61.7050169469884	774.559997558594
-58.6930175090183	775.039978027344
-55.6820294973386	774.239990234375
-52.6720524311495	774.200012207031
-49.66308582994	774.359985351563
-46.6551292135171	774.599975585938
-43.6481821019882	774.640014648438
-40.6422440157577	774.159973144531
-37.6373144755424	774.280029296875
-34.6333930023594	774.880004882813
-31.630479117526	774.799987792969
-28.6285723426709	774.880004882813
-25.6276721997107	775.080017089844
-22.6277782108771	774.640014648438
-19.628889898701	774.960021972656
-16.6310067860081	775.280029296875
-13.6341283959385	775.799987792969
-10.6382542519231	780.239990234375
-7.64338387769432	802.200012207031
-4.64951679729502	853.52001953125
-1.65665253506141	867.119995117188
1.33520938438089	834.119995117188
4.32606943608095	789.679992675781
7.315928094803	776.200012207031
10.3047858350146	774.719970703125
13.2926431308747	774.559997558594
16.2795004562541	774.799987792969
19.2653582847118	774.799987792969
22.2502170895187	774.47998046875
25.2340773436344	774
28.216939519735	774.440002441406
31.1988040901939	774.200012207031
34.1796715270814	774.080017089844
37.1595423021732	774.640014648438
40.1384168869468	774.159973144531
43.1162957525854	774.200012207031
46.0931793699786	774.320007324219
49.0690682097059	773.799987792969
52.0439627420619	774.400024414063
55.0178634370476	774.359985351563
57.9907707643592	774.440002441406
60.9626851933962	774.47998046875
63.9336071932735	774.400024414063
66.9035372328018	774.280029296875
69.8724757804959	774.119995117188
72.8404233045826	774.320007324219
75.8073802729932	774.799987792969
78.7733471533597	774.239990234375
81.738324413019	774.400024414063
84.702312519025	774.559997558594
87.665311938125	774.679992675781
90.6273231367761	774.039978027344
93.5883465811569	774.840026855469
96.5483827371242	773.960021972656
99.5074320702731	774.599975585938
102.465495045889	774.52001953125
105.422572128961	774.440002441406
108.378663784199	774.280029296875
111.333770476014	774.559997558594
114.287892668528	774.280029296875
117.24103082557	774.47998046875
120.193185410674	774.599975585938
123.144356887097	774.960021972656
126.094545717786	775.080017089844
129.043752365413	775.159973144531
131.991977292355	775.599975585938
134.939220960695	775.52001953125
137.885483832232	775.880004882813
140.83076636847	775.559997558594
143.775069030632	776.359985351563
146.718392279644	776.760009765625
149.660736576149	777.440002441406
152.602102380488	777.640014648438
155.54249015274	778.200012207031
158.481900352672	778.440002441406
161.420333439765	778.960021972656
164.357789873227	779.719970703125
167.294270111968	779.679992675781
170.229774614617	780.200012207031
173.164303839496	780.640014648438
176.097858244675	781.719970703125
179.030438287908	782
181.962044426678	783.200012207031
184.89267711817	782.799987792969
187.822336819302	783.320007324219
190.751023986678	783.799987792969
193.678739076648	784.679992675781
196.605482545255	784.400024414063
199.531254848261	785.359985351563
202.456056441152	784.640014648438
205.379887779119	785.47998046875
208.30274931708	784.679992675781
211.224641509656	785.799987792969
214.145564811189	785.440002441406
217.06551967574	784.919982910156
219.984506557089	784.919982910156
222.902525908723	785.719970703125
225.819578183856	784.919982910156
228.735663835415	785.880004882813
231.650783316047	785.52001953125
234.564937078107	785.640014648438
237.478125573679	785.320007324219
240.390349254566	784.840026855469
243.301608572278	784.359985351563
246.211903978051	785.799987792969
249.121235922839	785.400024414063
252.029604857321	786.400024414063
254.93701123188	787.440002441406
257.843455496632	787.239990234375
260.748938101415	788.119995117188
263.653459495766	788.159973144531
266.557020128967	788.880004882813
269.459620450005	789.359985351563
272.361260907595	789.52001953125
275.261941950168	788.960021972656
278.161664025874	790.159973144531
281.060427582592	789.47998046875
283.958233067921	789.960021972656
286.855080929176	788.599975585938
289.750971613398	788.760009765625
292.645905567344	789.239990234375
295.539883237503	788.280029296875
298.432905070079	788.200012207031
301.324971511007	788.440002441406
304.216083005931	790.119995117188
307.10624000023	790.359985351563
309.995442939003	792.039978027344
312.883692267071	795.599975585938
315.770988428979	803.359985351563
318.657331869	808.440002441406
321.542723031127	813.47998046875
324.427162359076	812.359985351563
327.310650296293	804.119995117188
330.193187285945	797.640014648438
333.074773770929	794.200012207031
335.955410193855	790.200012207031
338.835096997075	789.599975585938
341.713834622655	789.039978027344
344.59162351239	787.640014648438
347.468464107802	787.359985351563
350.344356850137	786.960021972656
353.219302180373	787.840026855469
356.093300539208	787.080017089844
358.966352367073	787.719970703125
361.838458104123	787.559997558594
364.70961819024	787.52001953125
367.579833065031	787
370.449103167837	786.599975585938
373.317428937727	786.47998046875
376.184810813496	786.719970703125
379.051249233659	785.47998046875
381.916744636474	786.840026855469
384.78129745992	786.47998046875
387.644908141706	787.280029296875
390.50757711927	787.039978027344
393.36930482978	786.799987792969
396.23009171014	786.799987792969
399.089938196969	787.159973144531
401.948844726631	787.039978027344
404.806811735214	787.919982910156
407.66383965853	786.880004882813
410.519928932138	787
413.375079991314	786.880004882813
416.229293271071	786.320007324219
419.082569206155	787.239990234375
421.934908231031	786.400024414063
424.786310779917	786.559997558594
427.636777286748	786.799987792969
430.486308185189	785.599975585938
433.334903908649	786.960021972656
436.182564890262	787.719970703125
439.029291562898	787.280029296875
441.875084359157	786.880004882813
444.719943711374	787.599975585938
447.563870051618	787.679992675781
450.406863811695	786.919982910156
453.248925423132	787.719970703125
456.090055317208	787.52001953125
458.93025392492	786.559997558594
461.76952167701	787.080017089844
464.60785900395	787.080017089844
467.44526633595	787.320007324219
470.281744102955	786.799987792969
473.117292734635	786.159973144531
475.951912660415	786.200012207031
478.785604309439	787.359985351563
481.618368110592	787.359985351563
484.450204492499	786.719970703125
487.281113883518	787.039978027344
490.111096711738	787.159973144531
492.940153404999	786.960021972656
495.768284390864	787.359985351563
498.595490096635	787.559997558594
501.421770949366	787.440002441406
504.247127375825	787.599975585938
507.071559802537	787.880004882813
509.89506865575	787.679992675781
512.717654361473	786.719970703125
515.539317345424	787.320007324219
518.360058033083	786.919982910156
521.179876849652	787.200012207031
523.998774220083	786.799987792969
526.816750569068	787.640014648438
529.633806321025	787.440002441406
532.44994190013	787.599975585938
535.265157730284	787.400024414063
538.079454235133	787
540.892831838066	786.400024414063
543.705290962208	786.679992675781
546.516832030424	786.239990234375
549.32745546533	788.239990234375
552.137161689268	786.919982910156
554.945951124325	786.719970703125
557.753824192341	786.080017089844
560.560781314883	786.760009765625
563.36682291327	786.840026855469
566.171949408555	787
568.976161221537	786.559997558594
571.779458772759	786.159973144531
574.5818424825	787.039978027344
577.383312770792	787.719970703125
580.183870057402	787.119995117188
582.983514761843	786.919982910156
585.782247303363	787.400024414063
588.580068100976	787.039978027344
591.376977573414	786.52001953125
594.172976139164	786.080017089844
596.968064216463	786.599975585938
599.762242223282	785.840026855469
602.555510577335	786.919982910156
605.347869696099	786.239990234375
608.139319996771	786.47998046875
610.929861896313	785.799987792969
613.719495811421	786.919982910156
616.508222158541	786.47998046875
619.296041353863	786.080017089844
622.082953813324	786.280029296875
624.868959952607	786.400024414063
627.654060187137	786.200012207031
630.438254932094	786.919982910156
633.221544602397	786.280029296875
636.003929612719	786.080017089844
638.785410377468	785.679992675781
641.565987310814	786.200012207031
644.345660826665	787
647.124431338674	786.960021972656
649.902299260252	786.599975585938
652.679265004552	786
655.455328984475	786.47998046875
658.230491612671	786.159973144531
661.004753301541	786
663.778114463229	786.719970703125
666.550575509631	786.679992675781
669.322136852395	787.119995117188
672.092798902916	787.400024414063
674.862562072336	786.52001953125
677.631426771548	786.320007324219
680.399393411204	786.080017089844
683.166462401689	786.239990234375
685.93263415315	786.719970703125
688.697909075486	787.200012207031
691.462287578337	785.840026855469
694.225770071098	785.719970703125
696.988356962926	785.559997558594
699.750048662705	786.440002441406
702.5108455791	786.679992675781
705.270748120503	787.280029296875
708.029756695068	785.440002441406
710.787871710705	786.719970703125
713.545093575065	786.799987792969
716.301422695566	786.880004882813
719.056859479364	786.919982910156
721.811404333376	786.159973144531
724.56505766427	786.52001953125
727.317819878473	786.320007324219
730.069691382148	786.47998046875
732.820672581226	786.440002441406
735.570763881396	786.359985351563
738.319965688092	787.039978027344
741.068278406496	786.840026855469
743.815702441559	786.840026855469
746.562238197974	787.039978027344
749.307886080196	786.47998046875
752.052646492436	787.159973144531
754.796519838656	786.280029296875
757.539506522567	787.039978027344
760.28160694765	787.200012207031
763.022821517128	787.799987792969
765.76315063399	786.919982910156
768.502594700972	787.679992675781
771.241154120572	786.640014648438
773.978829295045	787.320007324219
776.715620626397	787.320007324219
779.451528516396	788.159973144531
782.186553366565	788.400024414063
784.920695578179	788.559997558594
787.653955552283	788.080017089844
790.386333689662	788.119995117188
793.117830390877	788.760009765625
795.848446056227	787.080017089844
798.578181085792	787.280029296875
801.307035879389	787.52001953125
804.035010836599	786.359985351563
806.762106356774	786.799987792969
809.488322839013	786.919982910156
812.213660682169	786.799987792969
814.938120284866	786.960021972656
817.661702045482	786.320007324219
820.384406362153	787.280029296875
823.10623363278	787.080017089844
825.827184255014	786.559997558594
828.547258626283	786.960021972656
831.266457143747	786.799987792969
833.984780204358	786.119995117188
836.702228204804	786.320007324219
839.418801541552	786.799987792969
842.134500610814	787.679992675781
844.849325808575	786.440002441406
847.563277530579	786.919982910156
850.276356172319	786.52001953125
852.988562129066	786.599975585938
855.69989579585	787.919982910156
858.410357567456	786.960021972656
861.119947838428	787
863.828667003087	786.719970703125
866.536515455503	786.200012207031
869.243493589517	786.280029296875
871.949601798728	786.640014648438
874.654840476504	787.239990234375
877.359210015961	786.799987792969
880.062710810003	786.799987792969
882.765343251273	786.47998046875
885.467107732191	786.400024414063
888.168004644938	786.799987792969
890.868034381467	786.119995117188
893.567197333476	786.239990234375
896.265493892445	787
898.962924449614	785.960021972656
901.659489395985	786.559997558594
904.355189122325	786.840026855469
907.050024019165	786.919982910156
909.743994476809	786.47998046875
912.437100885322	785.640014648438
915.129343634532	786.760009765625
917.820723114032	785.799987792969
920.511239713189	786.400024414063
923.200893821127	785.840026855469
925.889685826744	786.960021972656
928.577616118699	787.320007324219
931.264685085419	786.359985351563
933.950893115098	787.320007324219
936.6362405957	787.320007324219
939.320727914956	786.880004882813
942.004355460359	786.919982910156
944.687123619173	787.119995117188
947.369032778431	786.719970703125
950.050083324934	785.880004882813
952.730275645247	786.960021972656
955.409610125711	786.159973144531
958.088087152423	787.559997558594
960.765707111263	787.080017089844
963.442470387871	786.760009765625
966.118377367657	786.559997558594
968.793428435798	786.440002441406
971.467623977254	786.400024414063
974.140964376739	786.559997558594
976.813450018737	787.080017089844
979.485081287511	787
982.155858567087	787.119995117188
984.825782241271	786.039978027344
987.494852693624	786.52001953125
990.163070307487	786.960021972656
992.830435465978	785.840026855469
995.496948551973	785.960021972656
998.162609948122	786.960021972656
1000.82742003685	788.239990234375
1003.49137920036	789.280029296875
1006.15448782061	789.039978027344
1008.81674627934	787.960021972656
1011.47815495806	785.760009765625
1014.13871423805	787.039978027344
1016.79842450037	786.359985351563
1019.45728612586	786
1022.11529949509	784.679992675781
1024.77246498846	785.960021972656
1027.4287829861	786.719970703125
1030.08425386792	786.47998046875
1032.73887801363	786.359985351563
1035.3926558027	785.280029296875
1038.04558761435	786.119995117188
1040.69767382761	785.440002441406
1043.34891482125	785.679992675781
1045.99931097384	785.679992675781
1048.64886266371	786.280029296875
1051.29757026898	786.359985351563
1053.94543416753	785.960021972656
1056.59245473701	786.159973144531
1059.23863235486	786.760009765625
1061.8839673983	786.440002441406
1064.5284602443	786.919982910156
1067.17211126962	785.960021972656
1069.8149208508	786.039978027344
1072.45688936415	785.599975585938
1075.09801718577	785.47998046875
1077.7383046915	786.919982910156
1080.377752257	786.919982910156
1083.01636025767	785.760009765625
1085.65412906872	786.679992675781
1088.2910590651	787.200012207031
1090.92715062157	786.239990234375
1093.56240411266	786.960021972656
1096.19681991265	786.599975585938
1098.83039839564	786.47998046875
1101.46313993547	786.47998046875
1104.09504490579	786.440002441406
1106.72611368	786.280029296875
1109.35634663129	785.919982910156
1111.98574413263	786.200012207031
1114.61430655677	785.080017089844
1117.24203427624	786.400024414063
1119.86892766333	785.599975585938
1122.49498709014	785.320007324219
1125.12021292851	785.119995117188
1127.74460555011	786.159973144531
1130.36816532634	784.960021972656
1132.99089262841	785.440002441406
1135.6127878273	786.039978027344
1138.23385129376	785.599975585938
1140.85408339834	784.159973144531
1143.47348451137	784.039978027344
1146.09205500294	784.599975585938
1148.70979524293	785.039978027344
1151.326705601	785.200012207031
1153.9427864466	784.400024414063
1156.55803814896	784.080017089844
1159.17246107707	785
1161.78605559974	785.159973144531
1164.39882208551	785.440002441406
1167.01076090276	785.52001953125
1169.6218724196	784.799987792969
1172.23215700396	784.47998046875
1174.84161502352	785
1177.45024684578	785.080017089844
1180.05805283799	785.200012207031
1182.66503336719	784.760009765625
1185.27118880021	785.640014648438
1187.87651950367	784.799987792969
1190.48102584395	784.47998046875
1193.08470818723	784.880004882813
1195.68756689948	785.200012207031
1198.28960234643	785.559997558594
1200.89081489363	784.599975585938
1203.49120490636	785.719970703125
1206.09077274974	786.52001953125
1208.68951878864	786.119995117188
1211.28744338773	786.840026855469
1213.88454691145	786.320007324219
1216.48082972404	786.359985351563
1219.07629218953	786.52001953125
1221.6709346717	785.840026855469
1224.26475753416	786.47998046875
1226.85776114028	787.719970703125
1229.44994585322	787.400024414063
1232.04131203592	787.679992675781
1234.63186005112	787.440002441406
1237.22159026133	788.280029296875
1239.81050302886	788.640014648438
1242.3985987158	788.599975585938
1244.98587768402	788.320007324219
1247.5723402952	788.679992675781
1250.15798691078	787.640014648438
1252.74281789199	788.47998046875
1255.32683359987	789.960021972656
1257.91003439523	788.880004882813
1260.49242063865	788.359985351563
1263.07399269055	788.640014648438
1265.65475091108	788.200012207031
1268.23469566021	788.239990234375
1270.81382729769	787.119995117188
1273.39214618306	787.47998046875
1275.96965267566	787.719970703125
1278.54634713458	787.280029296875
1281.12222991875	787.239990234375
1283.69730138685	788.200012207031
1286.27156189737	787.599975585938
1288.84501180858	787.919982910156
1291.41765147853	787.960021972656
1293.98948126509	787.840026855469
1296.56050152589	788
1299.13071261837	786.840026855469
1301.70011489973	787.719970703125
1304.268708727	788.280029296875
1306.83649445698	787.679992675781
1309.40347244625	788.919982910156
1311.96964305119	788.159973144531
1314.53500662799	788.280029296875
1317.0995635326	788
1319.66331412077	788.440002441406
1322.22625874806	787.960021972656
1324.7883977698	788.799987792969
1327.34973154112	788.080017089844
1329.91026041694	787.47998046875
1332.46998475197	788.080017089844
1335.0289049007	788.719970703125
1337.58702121746	788.400024414063
1340.14433405631	788.599975585938
1342.70084377115	788.039978027344
1345.25655071563	788.359985351563
1347.81145524323	788.359985351563
1350.36555770721	787.559997558594
1352.91885846062	787.280029296875
1355.47135785631	785.640014648438
1358.02305624691	786.200012207031
1360.57395398486	785.599975585938
1363.12405142237	785.47998046875
1365.67334891148	785.640014648438
1368.22184680399	786.47998046875
1370.76954545151	785
1373.31644520545	784.919982910156
1375.86254641699	786.159973144531
1378.40784943713	786
1380.95235461666	784.960021972656
1383.49606230615	785.919982910156
1386.03897285598	785.200012207031
1388.58108661632	785.320007324219
1391.12240393713	785.119995117188
1393.66292516818	784.880004882813
1396.20265065903	785.159973144531
1398.74158075901	784.400024414063
1401.2797158173	786.359985351563
1403.81705618282	784.840026855469
1406.35360220431	785.47998046875
1408.88935423032	785.280029296875
1411.42431260919	784.679992675781
1413.95847768903	784.52001953125
1416.49184981777	784.599975585938
1419.02442934314	785.559997558594
1421.55621661266	785.400024414063
1424.08721197364	785.359985351563
1426.61741577321	785.159973144531
1429.14682835828	784.799987792969
1431.67545007555	784.47998046875
1434.20328127153	785.840026855469
1436.73032229253	786.679992675781
1439.25657348466	786.760009765625
1441.78203519381	786.440002441406
1444.3067077657	787.359985351563
1446.83059154581	788.799987792969
1449.35368687944	788.840026855469
1451.8759941117	789.080017089844
1454.39751358748	788.440002441406
1456.91824565148	788
1459.43819064818	787.719970703125
1461.95734892189	787.159973144531
1464.4757208167	787.52001953125
1466.99330667649	787.239990234375
1469.51010684497	785.840026855469
1472.02612166564	785.719970703125
1474.54135148177	785.440002441406
1477.05579663646	784.840026855469
1479.56945747262	785.599975585938
1482.08233433293	784.400024414063
1484.59442755989	785
1487.10573749579	784.760009765625
1489.61626448275	784.559997558594
1492.12600886264	784.640014648438
1494.63497097718	784.119995117188
1497.14315116786	783.039978027344
1499.65054977599	783.559997558594
1502.15716714267	782.919982910156
1504.66300360881	782.640014648438
1507.16805951512	782.280029296875
1509.67233520211	782.47998046875
1512.1758310101	782.679992675781
1514.67854727919	782.280029296875
1517.18048434931	781.880004882813
1519.68164256018	781.960021972656
1522.18202225132	782.039978027344
1524.68162376207	782.280029296875
1527.18044743155	782.119995117188
1529.67849359869	782.320007324219
1532.17576260224	782.200012207031
1534.67225478072	781.799987792969
1537.1679704725	782.400024414063
1539.66291001572	782.200012207031
1542.15707374832	781.960021972656
1544.65046200807	782.440002441406
1547.14307513254	782.359985351563
1549.63491345907	783.039978027344
1552.12597732485	783.359985351563
1554.61626706685	782.880004882813
1557.10578302185	782.52001953125
1559.59452552644	783.679992675781
1562.082494917	783.679992675781
1564.56969152973	783.799987792969
1567.05611570064	784.280029296875
1569.54176776552	784.239990234375
1572.02664806	784.559997558594
1574.51075691949	783.679992675781
1576.99409467921	785
1579.4766616742	784.679992675781
1581.95845823929	785.239990234375
1584.43948470912	784.719970703125
1586.91974141815	785.320007324219
1589.39922870064	784.159973144531
1591.87794689064	784.200012207031
1594.35589632202	783.880004882813
1596.83307732848	784.679992675781
1599.30949024348	784.880004882813
1601.78513540033	784.679992675781
1604.26001313211	785.47998046875
1606.73412377175	786.359985351563
1609.20746765196	785.719970703125
1611.68004510526	785.679992675781
1614.15185646398	785.760009765625
1616.62290206026	786
1619.09318222605	785.47998046875
1621.56269729311	785.440002441406
1624.031447593	785.320007324219
1626.4994334571	785.640014648438
1628.9666552166	786.440002441406
1631.43311320248	786.559997558594
1633.89880774554	786.679992675781
1636.3637391764	786.159973144531
1638.82790782548	786.280029296875
1641.29131402301	786.52001953125
1643.75395809903	787.119995117188
1646.21584038339	788.039978027344
1648.67696120575	787.919982910156
1651.13732089558	788.679992675781
1653.59691978216	788.719970703125
1656.05575819459	788.599975585938
1658.51383646175	788.799987792969
1660.97115491238	788.719970703125
1663.42771387498	788.599975585938
1665.8835136779	788.200012207031
1668.33855464928	788.400024414063
1670.79283711708	788.119995117188
1673.24636140907	787.719970703125
1675.69912785282	786.880004882813
1678.15113677572	787.200012207031
1680.602388505	786.239990234375
1683.05288336764	786.159973144531
1685.50262169049	785.400024414063
1687.95160380019	785.239990234375
1690.39983002318	784.840026855469
1692.84730068573	784.039978027344
1695.29401611392	783.679992675781
1697.73997663364	782.599975585938
1700.18518257059	782.799987792969
1702.6296342503	782.080017089844
1705.07333199807	782
1707.51627613907	782
1709.95846699824	781.760009765625
1712.39990490036	781.119995117188
1714.84059017001	781.52001953125
1717.28052313159	780.919982910156
1719.7197041093	780.679992675781
1722.15813342718	780.039978027344
1724.59581140906	780.080017089844
1727.03273837859	780.799987792969
1729.46891465926	779.52001953125
1731.90434057432	780.159973144531
1734.3390164469	780.400024414063
1736.7729425999	779.880004882813
1739.20611935604	780.080017089844
1741.63854703787	779.880004882813
1744.07022596776	779.919982910156
1746.50115646787	779.599975585938
1748.93133886019	779.320007324219
1751.36077346652	779.880004882813
1753.7894606085	779.919982910156
1756.21740060755	779.47998046875
1758.64459378494	779.799987792969
1761.07104046172	779.559997558594
1763.49674095879	779.159973144531
1765.92169559684	779.599975585938
1768.3459046964	779.840026855469
1770.7693685778	779.719970703125
1773.1920875612	779.239990234375
1775.61406196656	779.760009765625
1778.03529211367	779.559997558594
1780.45577832214	779.359985351563
1782.87552091138	779.119995117188
1785.29452020064	778.799987792969
1787.71277650897	779.159973144531
1790.13029015525	779.280029296875
1792.54706145817	779.239990234375
1794.96309073625	779.640014648438
1797.3783783078	779.400024414063
1799.79292449097	779.559997558594
1802.20672960375	779
1804.61979396389	779.47998046875
1807.03211788902	778.599975585938
1809.44370169655	779.039978027344
1811.85454570373	778.919982910156
1814.2646502276	779.200012207031
1816.67401558506	779.039978027344
1819.0826420928	779.159973144531
1821.49053006734	779.119995117188
1823.89767982501	779.039978027344
1826.30409168198	779.119995117188
1828.70976595422	779.239990234375
1831.11470295753	779.640014648438
1833.51890300752	779
1835.92236641964	779.640014648438
1838.32509350914	778.599975585938
1840.72708459111	778.47998046875
1843.12833998044	779.039978027344
1845.52885999184	778.719970703125
1847.92864493987	778.760009765625
1850.32769513889	778.359985351563
1852.72601090307	778.799987792969
1855.12359254642	779.400024414063
1857.52044038278	779.200012207031
1859.91655472578	778.880004882813
1862.31193588889	778.799987792969
1864.70658418542	779.080017089844
1867.10049992847	778.640014648438
1869.49368343096	778.200012207031
1871.88613500568	778.280029296875
1874.27785496518	779.159973144531
1876.66884362188	778.280029296875
1879.059101288	779.200012207031
1881.44862827559	778.679992675781
1883.8374248965	779
1886.22549146246	778.919982910156
1888.61282828495	779.400024414063
1890.99943567534	778.599975585938
1893.38531394477	778.239990234375
1895.77046340424	778.559997558594
1898.15488436455	778.840026855469
1900.53857713634	778.679992675781
1902.92154203006	778.840026855469
1905.303779356	778.559997558594
1907.68528942426	778.52001953125
1910.06607254477	778.47998046875
1912.44612902729	778.320007324219
1914.82545918139	778.52001953125
1917.20406331648	778.640014648438
1919.58194174178	778.840026855469
1921.95909476634	778.320007324219
1924.33552269905	778.440002441406
1926.71122584861	778.960021972656
1929.08620452353	778.559997558594
1931.46045903219	778.359985351563
1933.83398968275	778.159973144531
1936.20679678322	778.52001953125
1938.57888064142	778.440002441406
1940.95024156502	778.880004882813
1943.3208798615	778
1945.69079583816	779.080017089844
1948.05998980213	778.760009765625
1950.42846206038	778.719970703125
1952.79621291969	779.159973144531
1955.16324268668	778.799987792969
1957.52955166778	778.719970703125
1959.89514016927	778.359985351563
1962.26000849723	778.52001953125
1964.62415695759	778.400024414063
1966.98758585609	779.159973144531
1969.3502954983	778.599975585938
1971.71228618964	778.919982910156
1974.07355823532	778.599975585938
1976.43411194042	778.679992675781
1978.79394760981	779.119995117188
1981.1530655482	779.119995117188
1983.51146606014	778.760009765625
1985.86914944999	778.679992675781
1988.22611602196	779.119995117188
1990.58236608007	779.039978027344
1992.93789992817	778.960021972656
1995.29271786995	778.47998046875
1997.64682020892	778.919982910156
2000.00020724843	778.960021972656
2002.35287929162	778.760009765625
2004.70483664152	778.960021972656
2007.05607960095	778.440002441406
2009.40660847256	778.159973144531
2011.75642355884	778.359985351563
2014.1055251621	778.599975585938
2016.4539135845	778.840026855469
2018.80158912802	779.039978027344
2021.14855209444	778.239990234375
2023.49480278542	778.760009765625
2025.84034150242	779.119995117188
2028.18516854673	779.440002441406
2030.52928421948	778.599975585938
2032.87268882163	779
2035.21538265398	778.559997558594
2037.55736601713	779.080017089844
2039.89863921153	779.119995117188
2042.23920253747	778.440002441406
2044.57905629506	779.47998046875
2046.91820078425	779.320007324219
2049.2566363048	779.039978027344
2051.59436315633	779
2053.93138163827	778.840026855469
2056.2676920499	779.280029296875
2058.6032946903	779.280029296875
2060.93818985843	778.47998046875
2063.27237785303	778.799987792969
2065.60585897272	778.840026855469
2067.93863351592	778.840026855469
2070.27070178089	779
2072.60206406574	779.039978027344
2074.93272066838	779.239990234375
2077.26267188658	778.960021972656
2079.59191801793	778.960021972656
2081.92045935985	778.239990234375
2084.24829620962	778.52001953125
2086.57542886431	779.039978027344
2088.90185762087	778.440002441406
2091.22758277604	779.080017089844
2093.55260462643	778.320007324219
2095.87692346845	779.200012207031
2098.20053959837	779.320007324219
2100.52345331229	779.320007324219
2102.84566490614	779.119995117188
2105.16717467567	779.52001953125
2107.48798291649	779
2109.80808992403	778.719970703125
2112.12749599355	778.719970703125
2114.44620142016	779.679992675781
2116.7642064988	779.599975585938
2119.08151152423	779.119995117188
2121.39811679106	779.080017089844
2123.71402259374	778.359985351563
2126.02922922653	779.239990234375
2128.34373698356	778.679992675781
2130.65754615876	779.47998046875
2132.97065704594	779.200012207031
2135.28306993869	778.760009765625
2137.59478513047	779.039978027344
2139.90580291459	778.400024414063
2142.21612358416	778.960021972656
2144.52574743214	779.080017089844
2146.83467475134	779.719970703125
2149.1429058344	779.119995117188
2151.45044097377	779.52001953125
2153.75728046178	778.599975585938
2156.06342459057	779
2158.36887365212	778.679992675781
2160.67362793825	779.159973144531
2162.97768774061	778.919982910156
2165.28105335071	778.760009765625
2167.58372505987	778.320007324219
2169.88570315926	779
2172.18698793988	778.760009765625
2174.48757969258	779
2176.78747870805	779.200012207031
2179.08668527679	778.880004882813
2181.38519968917	778.47998046875
2183.68302223538	779
2185.98015320547	778.559997558594
2188.27659288929	778.840026855469
2190.57234157656	778.840026855469
2192.86739955682	778.239990234375
2195.16176711948	778.840026855469
2197.45544455375	778.239990234375
2199.74843214869	778.239990234375
2202.04073019322	778.719970703125
2204.33233897607	778.359985351563
2206.62325878583	779.039978027344
2208.91348991093	778.080017089844
2211.20303263961	778.719970703125
2213.49188726	778.47998046875
2215.78005406001	778.440002441406
2218.06753332744	778.599975585938
2220.35432534991	778.239990234375
2222.64043041487	777.880004882813
2224.92584880964	778.400024414063
2227.21058082134	778.359985351563
2229.49462673696	778.440002441406
2231.77798684332	778.440002441406
2234.06066142709	778.400024414063
2236.34265077477	778.080017089844
2238.62395517269	778.640014648438
2240.90457490706	778.280029296875
2243.18451026388	778.760009765625
2245.46376152904	778.400024414063
2247.74232898823	778.119995117188
2250.02021292701	778.400024414063
2252.29741363077	778.280029296875
2254.57393138475	778.080017089844
2256.849766474	778.359985351563
2259.12491918346	778.400024414063
2261.39938979788	778.47998046875
2263.67317860185	778.320007324219
2265.94628587983	777.799987792969
2268.2187119161	778.440002441406
2270.49045699478	778.400024414063
2272.76152139985	778.080017089844
2275.03190541511	778
2277.30160932421	778.159973144531
2279.57063341067	777.880004882813
2281.83897795781	777.760009765625
2284.10664324882	777.880004882813
2286.37362956672	778.559997558594
2288.63993719439	778.320007324219
2290.90556641454	777.52001953125
2293.17051750973	777.840026855469
2295.43479076235	778
2297.69838645465	778.239990234375
2299.96130486871	778.239990234375
2302.22354628647	777.760009765625
2304.48511098971	777.760009765625
2306.74599926003	777.960021972656
2309.00621137891	778
2311.26574762765	777.840026855469
2313.52460828741	778.320007324219
2315.78279363917	777.719970703125
2318.04030396379	778.119995117188
2320.29713954195	778.640014648438
2322.55330065418	778.239990234375
2324.80878758085	777.760009765625
2327.06360060219	777.280029296875
2329.31773999826	777.599975585938
2331.57120604897	777.52001953125
2333.82399903409	777.960021972656
2336.0761192332	777.599975585938
2338.32756692577	777.599975585938
2340.57834239108	777.47998046875
2342.82844590827	777.679992675781
2345.07787775633	777.919982910156
2347.32663821409	778.159973144531
2349.57472756023	778.039978027344
2351.82214607327	778.320007324219
2354.06889403158	777.760009765625
2356.31497171337	777.52001953125
2358.56037939672	777.359985351563
2360.80511735953	777.919982910156
2363.04918587955	778.239990234375
2365.29258523439	777.919982910156
2367.5353157015	777.880004882813
2369.77737755817	777.960021972656
2372.01877108156	777.52001953125
2374.25949654865	777.679992675781
2376.49955423629	778.47998046875
2378.73894442115	777.679992675781
2380.97766737977	777.320007324219
2383.21572338855	776.960021972656
2385.45311272369	777.919982910156
2387.68983566129	777.52001953125
2389.92589247727	777.47998046875
2392.1612834474	777.400024414063
2394.39600884731	777.719970703125
2396.63006895246	778.039978027344
2398.86346403818	778
2401.09619437962	777.359985351563
2403.32826025182	777.719970703125
2405.55966192963	777.359985351563
2407.79039968777	778.239990234375
2410.0204738008	777.599975585938
2412.24988454313	777.47998046875
2414.47863218902	778.239990234375
2416.70671701258	777.239990234375
2418.93413928778	777
2421.16089928842	777.559997558594
2423.38699728817	777.880004882813
2425.61243356052	777.599975585938
2427.83720837884	777.679992675781
2430.06132201633	777.760009765625
2432.28477474606	778.080017089844
2434.50756684093	778.200012207031
2436.72969857371	777.239990234375
2438.95117021699	777.559997558594
2441.17198204325	777.559997558594
2443.39213432478	777.599975585938
2445.61162733376	777.400024414063
2447.83046134218	777.599975585938
2450.04863662192	777.280029296875
2452.26615344468	777.760009765625
2454.48301208203	777.400024414063
2456.69921280539	777.679992675781
2458.91475588602	777.47998046875
2461.12964159504	777.52001953125
2463.34387020342	777.599975585938
2465.55744198198	777.559997558594
2467.77035720139	777.239990234375
2469.98261613217	777.039978027344
2472.1942190447	777.640014648438
2474.40516620922	777.559997558594
2476.6154578958	776.840026855469
2478.82509437436	777.760009765625
2481.03407591471	778.440002441406
2483.24240278646	777.400024414063
2485.45007525911	776.960021972656
2487.65709360202	777.159973144531
2489.86345808435	778.119995117188
2492.06916897518	777.919982910156
2494.27422654339	777.400024414063
2496.47863105774	777.599975585938
2498.68238278683	777.719970703125
2500.88548199912	777
2503.08792896294	777.52001953125
2505.28972394643	777.919982910156
2507.49086721763	777.52001953125
2509.6913590444	777.239990234375
2511.89119969447	777.52001953125
2514.09038943543	776.719970703125
2516.2889285347	777.559997558594
2518.48681725957	777.799987792969
2520.6840558772	777.400024414063
2522.88064465456	777.039978027344
2525.07658385852	777.320007324219
2527.27187375578	776.960021972656
2529.4665146129	777.919982910156
2531.66050669629	777.080017089844
2533.85385027222	777.52001953125
2536.04654560681	777.200012207031
2538.23859296605	777.359985351563
2540.42999261577	777.880004882813
2542.62074482166	778.159973144531
2544.81084984925	777.239990234375
2547.00030796395	777.960021972656
2549.18911943101	777.559997558594
2551.37728451555	777.440002441406
2553.56480348252	777.719970703125
2555.75167659675	778
2557.93790412292	777.960021972656
2560.12348632556	777.159973144531
2562.30842346905	777.440002441406
2564.49271581764	777.440002441406
2566.67636363544	777.440002441406
2568.85936718639	777.239990234375
2571.04172673431	777.159973144531
2573.22344254288	777.280029296875
2575.40451487562	777.52001953125
2577.58494399591	777.320007324219
2579.76473016699	777.47998046875
2581.94387365196	777.200012207031
2584.12237471377	777.47998046875
2586.30023361523	777.280029296875
2588.47745061901	777.039978027344
2590.65402598763	777.47998046875
2592.82995998348	777.559997558594
2595.0052528688	777.440002441406
2597.17990490568	777.599975585938
2599.35391635608	777.239990234375
2601.52728748181	777.679992675781
2603.70001854454	777.359985351563
2605.8721098058	777.159973144531
2608.04356152698	777.400024414063
2610.21437396931	777.359985351563
2612.3845473939	777.440002441406
2614.55408206173	777.760009765625
2616.72297823359	777.320007324219
2618.89123617017	777.52001953125
2621.058856132	777.47998046875
2623.22583837949	777.320007324219
2625.39218317288	777.719970703125
2627.55789077229	777.440002441406
2629.72296143769	777.760009765625
2631.88739542891	777.799987792969
2634.05119300563	777.47998046875
2636.21435442742	777.880004882813
2638.37687995367	777.239990234375
2640.53876984365	777.440002441406
2642.70002435649	777.640014648438
2644.86064375119	777.559997558594
2647.02062828658	777.200012207031
2649.17997822137	778.280029296875
2651.33869381413	777.320007324219
2653.49677532328	777.52001953125
2655.65422300711	777.599975585938
2657.81103712378	777.559997558594
2659.96721793127	777.400024414063
2662.12276568747	777.760009765625
2664.2776806501	778.119995117188
2666.43196307675	777.960021972656
2668.58561322486	777.52001953125
2670.73863135176	777.760009765625
2672.8910177146	777.47998046875
2675.04277257043	777.640014648438
2677.19389617612	777.559997558594
2679.34438878845	777.640014648438
2681.49425066402	777.559997558594
2683.64348205931	778.119995117188
2685.79208323065	778.200012207031
2687.94005443425	777.400024414063
2690.08739592617	777.960021972656
2692.23410796233	778.039978027344
2694.38019079852	777.640014648438
2696.52564469038	777.880004882813
2698.67046989342	777.960021972656
2700.81466666302	778.119995117188
2702.9582352544	777.960021972656
2705.10117592265	778.280029296875
2707.24348892275	778.119995117188
2709.3851745095	778
2711.5262329376	778.320007324219
2713.66666446158	778.119995117188
2715.80646933585	777.679992675781
2717.94564781468	777.919982910156
2720.08420015222	778.599975585938
2722.22212660245	779.159973144531
2724.35942741923	778.159973144531
2726.49610285628	778.47998046875
2728.63215316721	778.159973144531
2730.76757860544	778.280029296875
2732.9023794243	778.359985351563
2735.03655587697	778.47998046875
2737.17010821648	778.640014648438
2739.30303669573	778.47998046875
2741.4353415675	778.440002441406
2743.56702308442	778.119995117188
2745.69808149898	778.47998046875
2747.82851706355	778.47998046875
2749.95833003034	778.280029296875
2752.08752065145	778.880004882813
2754.21608917883	778.719970703125
2756.3440358643	778.400024414063
2758.47136095954	778.559997558594
2760.59806471609	778.400024414063
2762.72414738537	778.200012207031
2764.84960921865	778.159973144531
2766.97445046708	778.840026855469
2769.09867138166	778.679992675781
2771.22227221326	778.840026855469
2773.34525321263	778.080017089844
2775.46761463035	778.640014648438
2777.58935671691	778.119995117188
2779.71047972262	778.119995117188
2781.83098389771	777.719970703125
2783.95086949221	778.359985351563
2786.07013675607	778.799987792969
2788.18878593908	778
2790.3068172909	778.039978027344
2792.42423106106	779.200012207031
2794.54102749895	777.919982910156
2796.65720685384	778.400024414063
2798.77276937486	778.400024414063
2800.88771531098	777.840026855469
2803.00204491107	778.440002441406
2805.11575842387	778.919982910156
2807.22885609796	778.52001953125
2809.34133818179	778.559997558594
2811.4532049237	778.440002441406
2813.56445657189	778.039978027344
2815.6750933744	778.880004882813
2817.78511557916	778.640014648438
2819.89452343398	778.599975585938
2822.00331718652	779.039978027344
2824.11149708429	778.919982910156
2826.2190633747	779.400024414063
2828.32601630502	779.52001953125
2830.43235612237	779.719970703125
2832.53808307375	779.640014648438
2834.64319740603	779.640014648438
2836.74769936595	780.080017089844
2838.85158920011	781.039978027344
2840.95486715497	780.919982910156
2843.05753347689	781
2845.15958841206	781.200012207031
2847.26103220657	783.080017089844
2849.36186510636	783.359985351563
2851.46208735724	784.400024414063
2853.56169920488	784.52001953125
2855.66070089485	784.039978027344
2857.75909267257	784.640014648438
2859.85687478332	785.640014648438
2861.95404747225	786.599975585938
2864.05061098439	787.039978027344
2866.14656556464	787.039978027344
2868.24191145777	788.760009765625
2870.3366489084	789.640014648438
2872.43077816104	789.919982910156
2874.52429946006	789.880004882813
2876.61721304971	790.200012207031
2878.70951917409	790.47998046875
2880.8012180772	790.799987792969
2882.89231000287	790.799987792969
2884.98279519483	790.359985351563
2887.07267389667	791.679992675781
2889.16194635186	791.159973144531
2891.25061280373	791.719970703125
2893.33867349546	792.599975585938
2895.42612867015	793.119995117188
2897.51297857074	792.119995117188
2899.59922344003	791.799987792969
2901.68486352071	793.159973144531
2903.76989905533	793.719970703125
2905.85433028632	794.080017089844
2907.93815745598	794.159973144531
2910.02138080648	794.039978027344
2912.10400057985	795.679992675781
2914.186017018	796.159973144531
2916.26743036271	796.359985351563
2918.34824085563	797.880004882813
2920.4284487383	798.799987792969
2922.5080542521	798.359985351563
2924.58705763829	800.559997558594
2926.66545913802	801.239990234375
2928.74325899231	800.640014648438
2930.82045744202	803
2932.89705472792	801.47998046875
2934.97305109062	801.840026855469
2937.04844677063	803.280029296875
2939.12324200832	803.400024414063
2941.19743704393	803.559997558594
2943.27103211757	803.47998046875
2945.34402746923	801.880004882813
2947.41642333876	799.400024414063
2949.48821996592	798.559997558594
2951.55941759028	798.359985351563
2953.63001645135	798.47998046875
2955.70001678845	797.760009765625
2957.76941884083	797.799987792969
2959.83822284757	797.280029296875
2961.90642904764	795.719970703125
2963.97403767988	795.599975585938
2966.04104898302	797.200012207031
2968.10746319565	796.320007324219
2970.17328055621	794.159973144531
2972.23850130305	795.039978027344
2974.30312567438	794.719970703125
2976.36715390829	793.52001953125
2978.43058624273	794.679992675781
2980.49342291553	795.919982910156
2982.55566416439	793.119995117188
2984.61731022691	793.440002441406
2986.67836134051	793.919982910156
2988.73881774255	792.880004882813
2990.79867967021	792.919982910156
2992.85794736058	792.440002441406
2994.9166210506	790.960021972656
2996.97470097711	790.719970703125
2999.03218737679	790.159973144531
3001.08908048622	789.239990234375
3003.14538054186	790.52001953125
3005.20108778002	789.880004882813
3007.25620243691	789.440002441406
3009.3107247486	788.840026855469
3011.36465495104	789.239990234375
3013.41799328004	789
3015.47073997133	787.960021972656
3017.52289526045	788.919982910156
3019.57445938288	787.719970703125
3021.62543257393	788.400024414063
3023.6758150688	788.400024414063
3025.72560710258	788.559997558594
3027.77480891021	788.960021972656
3029.82342072652	789.640014648438
3031.87144278622	789.280029296875
3033.91887532389	789.640014648438
3035.96571857399	789.320007324219
3038.01197277084	790.159973144531
3040.05763814867	789.760009765625
3042.10271494154	790.799987792969
3044.14720338344	790.760009765625
3046.19110370818	790.679992675781
3048.2344161495	790.320007324219
3050.27714094097	792.200012207031
3052.31927831608	792.640014648438
3054.36082850816	793.400024414063
3056.40179175044	793.080017089844
3058.44216827602	793.47998046875
3060.48195831786	795.159973144531
3062.52116210884	795.039978027344
3064.55977988167	794.239990234375
3066.59781186897	793.47998046875
3068.63525830322	793.679992675781
3070.67211941678	796.159973144531
3072.7083954419	795.919982910156
3074.7440866107	795.880004882813
3076.77919315516	795.039978027344
3078.81371530716	796.719970703125
3080.84765329846	796.679992675781
3082.88100736068	796.47998046875
3084.91377772534	796
3086.94596462381	795.719970703125
3088.97756828737	796.47998046875
3091.00858894714	798.719970703125
3093.03902683417	797.599975585938
3095.06888217933	797.960021972656
3097.09815521342	799.320007324219
3099.12684616709	798.159973144531
3101.15495527087	798.239990234375
3103.18248275518	800.640014648438
3105.20942885031	801.880004882813
3107.23579378642	800.359985351563
3109.26157779358	799.280029296875
3111.28678110171	802.440002441406
3113.31140394062	802.760009765625
3115.33544654	804.880004882813
3117.35890912942	804.039978027344
3119.38179193832	803.400024414063
3121.40409519602	806.119995117188
3123.42581913174	806.440002441406
3125.44696397457	804.119995117188
3127.46752995345	804.719970703125
3129.48751729725	808.239990234375
3131.50692623469	808.599975585938
3133.52575699436	808.159973144531
3135.54400980476	809.719970703125
3137.56168489425	809.440002441406
3139.57878249108	809.159973144531
3141.59530282337	809.719970703125
3143.61124611913	810.080017089844
3145.62661260624	810.359985351563
3147.64140251247	810.280029296875
3149.65561606547	810.760009765625
3151.66925349277	810.840026855469
3153.68231502177	812.52001953125
3155.69480087977	813.799987792969
3157.70671129394	813.440002441406
3159.71804649132	814.599975585938
3161.72880669886	817.239990234375
3163.73899214336	816.039978027344
3165.74860305152	814.880004882813
3167.75763964991	816.039978027344
3169.766102165	816.440002441406
3171.77399082313	819.719970703125
3173.7813058505	820.52001953125
3175.78804747323	818.159973144531
3177.79421591731	818.52001953125
3179.79981140859	821.039978027344
3181.80483417282	821.599975585938
3183.80928443564	818
3185.81316242255	822.719970703125
3187.81646835896	823.47998046875
3189.81920247013	821.960021972656
3191.82136498122	821.47998046875
3193.82295611727	824.640014648438
3195.82397610321	827.159973144531
3197.82442516385	826.799987792969
3199.82430352386	824.320007324219
3201.82361140782	824.599975585938
3203.82234904018	825.280029296875
3205.82051664529	825.599975585938
3207.81811444735	829.640014648438
3209.81514267047	828.719970703125
3211.81160153863	827.080017089844
3213.80749127571	826.719970703125
3215.80281210545	826.239990234375
3217.79756425148	828.52001953125
3219.79174793733	826.880004882813
3221.7853633864	825.919982910156
3223.77841082196	827.239990234375
3225.77089046719	831.119995117188
3227.76280254513	830.52001953125
3229.75414727873	829.719970703125
3231.74492489081	832.359985351563
3233.73513560406	829.880004882813
3235.72477964107	828.159973144531
3237.71385722431	829.880004882813
3239.70236857614	832.640014648438
3241.6903139188	833.760009765625
3243.6776934744	831.719970703125
3245.66450746496	830.200012207031
3247.65075611237	831.47998046875
3249.63643963841	832.799987792969
3251.62155826472	832.52001953125
3253.60611221287	829.159973144531
3255.59010170428	828.880004882813
3257.57352696026	831.559997558594
3259.55638820202	834.559997558594
3261.53868565064	833.080017089844
3263.52041952708	834.200012207031
3265.50159005221	834.52001953125
3267.48219744676	832.280029296875
3269.46224193136	830.239990234375
3271.44172372651	831.919982910156
3273.42064305262	835.919982910156
3275.39900012996	836.359985351563
3277.3767951787	834.400024414063
3279.35402841889	833.039978027344
3281.33070007047	833.679992675781
3283.30681035326	835.359985351563
3285.28235948698	833.119995117188
3287.25734769121	833.359985351563
3289.23177518544	834.080017089844
3291.20564218903	834.159973144531
3293.17894892124	829
3295.1516956012	829.440002441406
3297.12388244795	831.880004882813
3299.09550968039	833.960021972656
3301.06657751732	833.799987792969
3303.03708617743	837.039978027344
3305.00703587929	834.919982910156
3306.97642684135	832.320007324219
3308.94525928196	831.960021972656
3310.91353341935	833.559997558594
3312.88124947164	833.239990234375
3314.84840765683	833.039978027344
3316.81500819282	832.599975585938
3318.78105129738	834.119995117188
3320.74653718818	832.52001953125
3322.71146608278	830.880004882813
3324.67583819861	830.239990234375
3326.639653753	830.799987792969
3328.60291296317	832.52001953125
3330.56561604621	834.119995117188
3332.52776321913	832.080017089844
3334.4893546988	831.919982910156
3336.45039070198	831.640014648438
3338.41087144533	830
3340.37079714539	832.640014648438
3342.33016801859	831.52001953125
3344.28898428124	831.359985351563
3346.24724614955	832.919982910156
3348.20495383962	831.760009765625
3350.16210756742	829.960021972656
3352.11870754883	830.760009765625
3354.07475399961	832.599975585938
3356.03024713539	830.960021972656
3357.98518717173	829.47998046875
3359.93957432403	831.880004882813
3361.89340880761	833.47998046875
3363.84669083768	832.239990234375
3365.79942062933	829.960021972656
3367.75159839753	829.799987792969
3369.70322435715	829.960021972656
3371.65429872295	833.559997558594
3373.60482170957	833.47998046875
3375.55479353155	836.719970703125
3377.50421440332	835.440002441406
3379.45308453918	832.679992675781
3381.40140415335	831.400024414063
3383.34917345991	830.719970703125
3385.29639267284	830.719970703125
3387.24306200602	833
3389.18918167321	836.119995117188
3391.13475188806	834.760009765625
3393.07977286411	834.599975585938
3395.02424481479	831.880004882813
3396.96816795342	832.280029296875
3398.91154249322	831.47998046875
3400.85436864728	832.52001953125
3402.79664662859	835.039978027344
3404.73837665004	833.47998046875
3406.67955892439	832.119995117188
3408.62019366432	834.239990234375
3410.56028108236	834.47998046875
3412.49982139096	836.919982910156
3414.43881480247	834.760009765625
3416.37726152909	832.919982910156
3418.31516178295	834.760009765625
3420.25251577605	834.599975585938
3422.18932372029	834.159973144531
3424.12558582746	834
3426.06130230922	835.039978027344
3427.99647337717	832.960021972656
3429.93109924274	831.200012207031
3431.8651801173	829.400024414063
3433.79871621209	828.960021972656
3435.73170773824	830.200012207031
3437.66415490678	833.799987792969
3439.59605792862	832.320007324219
3441.52741701458	833.840026855469
3443.45823237536	834.679992675781
3445.38850422154	831.320007324219
3447.31823276362	830.47998046875
3449.24741821196	827.47998046875
3451.17606077684	828.559997558594
3453.10416066842	829.359985351563
3455.03171809674	829.52001953125
3456.95873327175	828.599975585938
3458.88520640329	826.320007324219
3460.81113770109	826.840026855469
3462.73652737477	826.119995117188
3464.66137563383	824.640014648438
3466.58568268769	826.679992675781
3468.50944874565	826.119995117188
3470.43267401689	829
3472.3553587105	828.960021972656
3474.27750303545	826.320007324219
3476.19910720062	822.52001953125
3478.12017141476	821.640014648438
3480.04069588654	825.359985351563
3481.9606808245	827.320007324219
3483.88012643707	826.080017089844
3485.79903293259	826.200012207031
3487.7174005193	822.320007324219
3489.63522940532	821.320007324219
3491.55251979864	819.880004882813
3493.46927190719	821.080017089844
3495.38548593877	821
3497.30116210107	818.52001953125
3499.21630060167	817.679992675781
3501.13090164807	816.799987792969
3503.04496544763	816
3504.95849220763	817
3506.87148213523	817.47998046875
3508.78393543748	818.440002441406
3510.69585232134	817.559997558594
3512.60723299365	817.159973144531
3514.51807766116	816.119995117188
3516.42838653049	815.919982910156
3518.33815980819	814.119995117188
3520.24739770066	811.080017089844
3522.15610041423	811.280029296875
3524.06426815511	814.039978027344
3525.9719011294	810.440002441406
3527.87899954311	810.760009765625
3529.78556360213	812.440002441406
3531.69159351225	813.159973144531
3533.59708947916	810.799987792969
3535.50205170844	810.679992675781
3537.40648040556	810.400024414063
3539.3103757759	809
3541.21373802472	806.880004882813
3543.11656735717	804.719970703125
3545.01886397833	804.320007324219
3546.92062809313	806.320007324219
3548.82185990643	806.760009765625
3550.72255962297	807.320007324219
3552.62272744738	805.280029296875
3554.5223635842	803.159973144531
3556.42146823786	801.679992675781
3558.32004161268	803.080017089844
3560.21808391289	801.47998046875
3562.11559534259	800.440002441406
3564.01257610581	800.320007324219
3565.90902640645	799.719970703125
3567.80494644831	800.119995117188
3569.7003364351	800.159973144531
3571.59519657042	799.880004882813
3573.48952705774	799.52001953125
3575.38332810048	799.039978027344
3577.27659990191	799.719970703125
3579.16934266521	798.640014648438
3581.06155659346	801.280029296875
3582.95324188965	798.760009765625
3584.84439875663	798.359985351563
3586.73502739718	796.359985351563
3588.62512801397	795.640014648438
3590.51470080955	795.719970703125
3592.40374598639	796.080017089844
3594.29226374685	796.799987792969
3596.18025429317	796.960021972656
3598.06771782751	795.039978027344
3599.95465455192	794
3601.84106466834	792.960021972656
3603.72694837861	793.960021972656
3605.61230588447	794.039978027344
3607.49713738756	793.960021972656
3609.38144308942	794.799987792969
3611.26522319148	795.760009765625
3613.14847789506	792.47998046875
3615.0312074014	792.239990234375
3616.91341191162	791.52001953125
3618.79509162674	791.239990234375
3620.67624674769	791.119995117188
3622.55687747528	791.719970703125
3624.43698401024	791.039978027344
3626.31656655317	790.640014648438
3628.1956253046	791.080017089844
3630.07416046492	790.400024414063
3631.95217223446	790.280029296875
3633.82966081342	789.47998046875
3635.70662640191	788.320007324219
3637.58306919993	788.119995117188
3639.45898940739	787.039978027344
3641.33438722409	787.679992675781
3643.20926284973	787.799987792969
3645.08361648392	787.119995117188
3646.95744832614	787.039978027344
3648.8307585758	786.599975585938
3650.7035474322	786.880004882813
3652.57581509452	785.679992675781
3654.44756176188	786.159973144531
3656.31878763324	786.840026855469
3658.18949290753	785.640014648438
3660.05967778352	785.47998046875
3661.9293424599	784.760009765625
3663.79848713527	784.159973144531
3665.66711200812	783.880004882813
3667.53521727684	783.840026855469
3669.40280313972	783.47998046875
3671.26986979494	782.599975585938
3673.13641744059	782.679992675781
3675.00244627468	781.719970703125
