-140.373595351881	775.599975585938
-137.335129063906	774.960021972656
-134.297686810867	775
-131.261268103955	775.280029296875
-128.225872454677	774.799987792969
-125.191499374839	775.280029296875
-122.158148376567	775.320007324219
-119.125818972292	775.039978027344
-116.094510674759	774.799987792969
-113.064222997021	775.200012207031
-110.034955452443	775.400024414063
-107.006707554687	775.400024414063
-103.979478817741	775.559997558594
-100.95326875589	775.200012207031
-97.928076883731	775.320007324219
-94.9039027161698	775.47998046875
-91.8807457684175	775.599975585938
-88.8586055560018	774.880004882813
-85.8374815947384	775.039978027344
-82.8173734007715	775.400024414063
-79.7982804905411	775.359985351563
-76.7802023807988	775.080017089844
-73.7631385885914	775.440002441406
-70.7470886312892	775.080017089844
-67.732052026553	775.359985351563
-64.7180282923587	775.039978027344
-61.7050169469884	774.919982910156
-58.6930175090183	774.559997558594
-55.6820294973386	775.359985351563
-52.6720524311495	775.400024414063
-49.66308582994	774.760009765625
-46.6551292135171	775.320007324219
-43.6481821019882	775
-40.6422440157577	775.400024414063
-37.6373144755424	775.039978027344
-34.6333930023594	775.280029296875
-31.630479117526	775.200012207031
-28.6285723426709	774.679992675781
-25.6276721997107	775.359985351563
-22.6277782108771	775.119995117188
-19.628889898701	775.47998046875
-16.6310067860081	775.679992675781
-13.6341283959385	776.679992675781
-10.6382542519231	781.080017089844
-7.64338387769432	803.640014648438
-4.64951679729502	846.919982910156
-1.65665253506141	865
1.33520938438089	830.200012207031
4.32606943608095	789.640014648438
7.315928094803	776.440002441406
10.3047858350146	775.640014648438
13.2926431308747	775.119995117188
16.2795004562541	775.080017089844
19.2653582847118	775.320007324219
22.2502170895187	775.400024414063
25.2340773436344	775.280029296875
28.216939519735	775.159973144531
31.1988040901939	775.239990234375
34.1796715270814	775.119995117188
37.1595423021732	775.239990234375
40.1384168869468	774.960021972656
43.1162957525854	774.760009765625
46.0931793699786	775.400024414063
49.0690682097059	775.159973144531
52.0439627420619	775.280029296875
55.0178634370476	775.200012207031
57.9907707643592	775.239990234375
60.9626851933962	775.200012207031
63.9336071932735	774.840026855469
66.9035372328018	775.119995117188
69.8724757804959	775.159973144531
72.8404233045826	775.119995117188
75.8073802729932	774.919982910156
78.7733471533597	774.679992675781
81.738324413019	775.159973144531
84.702312519025	774.960021972656
87.665311938125	775.200012207031
90.6273231367761	775.200012207031
93.5883465811569	775.080017089844
96.5483827371242	775.200012207031
99.5074320702731	775.320007324219
102.465495045889	775.599975585938
105.422572128961	775
108.378663784199	775.320007324219
111.333770476014	775.159973144531
114.287892668528	775.159973144531
117.24103082557	775.080017089844
120.193185410674	775.840026855469
123.144356887097	775.559997558594
126.094545717786	775.840026855469
129.043752365413	775.760009765625
131.991977292355	776.080017089844
134.939220960695	776.280029296875
137.885483832232	776.640014648438
140.83076636847	776.679992675781
143.775069030632	776.880004882813
146.718392279644	777.440002441406
149.660736576149	777.799987792969
152.602102380488	778.320007324219
155.54249015274	778.200012207031
158.481900352672	779.039978027344
161.420333439765	779.719970703125
164.357789873227	779.840026855469
167.294270111968	780.359985351563
170.229774614617	781.280029296875
173.164303839496	781.440002441406
176.097858244675	781.880004882813
179.030438287908	781.840026855469
181.962044426678	783.960021972656
184.89267711817	784
187.822336819302	784.320007324219
190.751023986678	784.47998046875
193.678739076648	784.919982910156
196.605482545255	785.440002441406
199.531254848261	785.679992675781
202.456056441152	785.640014648438
205.379887779119	785.47998046875
208.30274931708	785.719970703125
211.224641509656	786.200012207031
214.145564811189	785.799987792969
217.06551967574	786.119995117188
219.984506557089	786.359985351563
222.902525908723	786.280029296875
225.819578183856	786.919982910156
228.735663835415	786.080017089844
231.650783316047	785.799987792969
234.564937078107	786.119995117188
237.478125573679	785.320007324219
240.390349254566	785.640014648438
243.301608572278	786.559997558594
246.211903978051	786.760009765625
249.121235922839	786.799987792969
252.029604857321	787.679992675781
254.93701123188	787.599975585938
257.843455496632	787.799987792969
260.748938101415	788.559997558594
263.653459495766	788.679992675781
266.557020128967	790
269.459620450005	789.960021972656
272.361260907595	790.47998046875
275.261941950168	790.919982910156
278.161664025874	791.47998046875
281.060427582592	791.159973144531
283.958233067921	790.640014648438
286.855080929176	790.719970703125
289.750971613398	790.280029296875
292.645905567344	790.599975585938
295.539883237503	789.799987792969
298.432905070079	789.440002441406
301.324971511007	789.960021972656
304.216083005931	790.559997558594
307.10624000023	791.400024414063
309.995442939003	794.119995117188
312.883692267071	797.840026855469
315.770988428979	805.559997558594
318.657331869	814.919982910156
321.542723031127	818.640014648438
324.427162359076	818.559997558594
327.310650296293	808.080017089844
330.193187285945	801.559997558594
333.074773770929	795.200012207031
335.955410193855	793.119995117188
338.835096997075	791.200012207031
341.713834622655	790.280029296875
344.59162351239	789.840026855469
347.468464107802	788.719970703125
350.344356850137	789
353.219302180373	788.719970703125
356.093300539208	789.320007324219
358.966352367073	789
361.838458104123	788.599975585938
364.70961819024	788.679992675781
367.579833065031	788.52001953125
370.449103167837	788.719970703125
373.317428937727	788.559997558594
376.184810813496	788.200012207031
379.051249233659	788.559997558594
381.916744636474	788.400024414063
384.78129745992	788.200012207031
387.644908141706	787.960021972656
390.50757711927	788.159973144531
393.36930482978	787.679992675781
396.23009171014	788.760009765625
399.089938196969	788.52001953125
401.948844726631	787.239990234375
404.806811735214	788.080017089844
407.66383965853	788.840026855469
410.519928932138	788.559997558594
413.375079991314	788.840026855469
416.229293271071	787.440002441406
419.082569206155	788.039978027344
421.934908231031	787.840026855469
424.786310779917	789.119995117188
427.636777286748	787.52001953125
430.486308185189	788
433.334903908649	788.200012207031
436.182564890262	789.039978027344
439.029291562898	788.559997558594
441.875084359157	788.280029296875
444.719943711374	787.799987792969
447.563870051618	788.400024414063
450.406863811695	788.47998046875
453.248925423132	787.679992675781
456.090055317208	788.280029296875
458.93025392492	787.559997558594
461.76952167701	788.280029296875
464.60785900395	789.159973144531
467.44526633595	787.880004882813
470.281744102955	787.880004882813
473.117292734635	787.599975585938
475.951912660415	788.239990234375
478.785604309439	788.320007324219
481.618368110592	788.919982910156
484.450204492499	787.919982910156
487.281113883518	788.239990234375
490.111096711738	788.280029296875
492.940153404999	788.039978027344
495.768284390864	787.599975585938
498.595490096635	787.960021972656
501.421770949366	788.919982910156
504.247127375825	789.719970703125
507.071559802537	788.47998046875
509.89506865575	789.52001953125
512.717654361473	788.359985351563
515.539317345424	788.919982910156
518.360058033083	788.760009765625
521.179876849652	788.119995117188
523.998774220083	787.47998046875
526.816750569068	788.400024414063
529.633806321025	788.200012207031
532.44994190013	788.52001953125
535.265157730284	788.400024414063
538.079454235133	788.080017089844
540.892831838066	787.840026855469
543.705290962208	787.159973144531
546.516832030424	789
549.32745546533	788.159973144531
552.137161689268	788.52001953125
554.945951124325	788.440002441406
557.753824192341	787.719970703125
560.560781314883	787.52001953125
563.36682291327	788.719970703125
566.171949408555	788.320007324219
568.976161221537	787.320007324219
571.779458772759	788.400024414063
574.5818424825	788.080017089844
577.383312770792	788.280029296875
580.183870057402	788
582.983514761843	788.960021972656
585.782247303363	789.359985351563
588.580068100976	788.47998046875
591.376977573414	788.559997558594
594.172976139164	787.679992675781
596.968064216463	787.640014648438
599.762242223282	787.320007324219
602.555510577335	786.960021972656
605.347869696099	787.640014648438
608.139319996771	787.679992675781
610.929861896313	787.359985351563
613.719495811421	787.200012207031
616.508222158541	787.159973144531
619.296041353863	788
622.082953813324	787.559997558594
624.868959952607	788.280029296875
627.654060187137	786.400024414063
630.438254932094	787.52001953125
633.221544602397	788.039978027344
636.003929612719	787.359985351563
638.785410377468	787.47998046875
641.565987310814	788.719970703125
644.345660826665	787.880004882813
647.124431338674	788.080017089844
649.902299260252	788.400024414063
652.679265004552	787.320007324219
655.455328984475	788.119995117188
658.230491612671	787.719970703125
661.004753301541	787.599975585938
663.778114463229	787.47998046875
666.550575509631	787.960021972656
669.322136852395	788.320007324219
672.092798902916	788.119995117188
674.862562072336	788.440002441406
677.631426771548	788.239990234375
680.399393411204	788.400024414063
683.166462401689	786.960021972656
685.93263415315	787.799987792969
688.697909075486	788.719970703125
691.462287578337	787.280029296875
694.225770071098	787.440002441406
696.988356962926	787.719970703125
699.750048662705	787.799987792969
702.5108455791	788.280029296875
705.270748120503	788.559997558594
708.029756695068	788.440002441406
710.787871710705	787.960021972656
713.545093575065	787.679992675781
716.301422695566	788
719.056859479364	787.719970703125
721.811404333376	787.799987792969
724.56505766427	788.559997558594
727.317819878473	787.599975585938
730.069691382148	787.599975585938
732.820672581226	787.760009765625
735.570763881396	788.440002441406
738.319965688092	788.359985351563
741.068278406496	788.52001953125
743.815702441559	788.559997558594
746.562238197974	788.159973144531
749.307886080196	788.47998046875
752.052646492436	788.440002441406
754.796519838656	788.080017089844
757.539506522567	789.719970703125
760.28160694765	789.400024414063
763.022821517128	788.719970703125
765.76315063399	789.559997558594
768.502594700972	788.400024414063
771.241154120572	788.960021972656
773.978829295045	788.599975585938
776.715620626397	788.880004882813
779.451528516396	789.280029296875
782.186553366565	789.47998046875
784.920695578179	790.47998046875
787.653955552283	790.559997558594
790.386333689662	789.880004882813
793.117830390877	789.200012207031
795.848446056227	788.559997558594
798.578181085792	788.919982910156
801.307035879389	788.119995117188
804.035010836599	788.880004882813
806.762106356774	789.320007324219
809.488322839013	787.719970703125
812.213660682169	788.679992675781
814.938120284866	788.679992675781
817.661702045482	787.919982910156
820.384406362153	788.400024414063
823.10623363278	788.159973144531
825.827184255014	788.359985351563
828.547258626283	788.440002441406
831.266457143747	788.400024414063
833.984780204358	788.400024414063
836.702228204804	787.440002441406
839.418801541552	788.760009765625
842.134500610814	788.039978027344
844.849325808575	788.119995117188
847.563277530579	787.880004882813
850.276356172319	789.47998046875
852.988562129066	789.679992675781
855.69989579585	789.080017089844
858.410357567456	789.080017089844
861.119947838428	788.52001953125
863.828667003087	788.359985351563
866.536515455503	787.880004882813
869.243493589517	788.880004882813
871.949601798728	789.080017089844
874.654840476504	787.880004882813
877.359210015961	788.359985351563
880.062710810003	788.400024414063
882.765343251273	788.280029296875
885.467107732191	788.719970703125
888.168004644938	789.239990234375
890.868034381467	788.280029296875
893.567197333476	787.919982910156
896.265493892445	787.919982910156
898.962924449614	788.440002441406
901.659489395985	787.440002441406
904.355189122325	789.080017089844
907.050024019165	788.320007324219
909.743994476809	788.320007324219
912.437100885322	787.960021972656
915.129343634532	787.799987792969
917.820723114032	788.919982910156
920.511239713189	788.159973144531
923.200893821127	787.599975585938
925.889685826744	788.679992675781
928.577616118699	788.119995117188
931.264685085419	787.679992675781
933.950893115098	788.119995117188
936.6362405957	788.559997558594
939.320727914956	788.400024414063
942.004355460359	789.359985351563
944.687123619173	787.760009765625
947.369032778431	788.320007324219
950.050083324934	788.159973144531
952.730275645247	788.719970703125
955.409610125711	788.080017089844
958.088087152423	788.52001953125
960.765707111263	789.039978027344
963.442470387871	788.239990234375
966.118377367657	788.679992675781
968.793428435798	788.080017089844
971.467623977254	788.719970703125
974.140964376739	787.880004882813
976.813450018737	788.239990234375
979.485081287511	788.840026855469
982.155858567087	788.47998046875
984.825782241271	788
987.494852693624	788
990.163070307487	788.039978027344
992.830435465978	787.880004882813
995.496948551973	788.599975585938
998.162609948122	789.559997558594
1000.82742003685	790.640014648438
1003.49137920036	791.880004882813
1006.15448782061	790.880004882813
1008.81674627934	789.840026855469
1011.47815495806	788.320007324219
1014.13871423805	787.320007324219
1016.79842450037	787.640014648438
1019.45728612586	788.359985351563
1022.11529949509	787.200012207031
1024.77246498846	787.280029296875
1027.4287829861	787.799987792969
1030.08425386792	787.719970703125
1032.73887801363	788.359985351563
1035.3926558027	787.719970703125
1038.04558761435	788.039978027344
1040.69767382761	787.440002441406
1043.34891482125	787.679992675781
1045.99931097384	787.559997558594
1048.64886266371	786.840026855469
1051.29757026898	787.880004882813
1053.94543416753	788.320007324219
1056.59245473701	788.200012207031
1059.23863235486	787.359985351563
1061.8839673983	788.080017089844
1064.5284602443	788.200012207031
1067.17211126962	787.039978027344
1069.8149208508	787.47998046875
1072.45688936415	788.119995117188
1075.09801718577	787.559997558594
1077.7383046915	788.280029296875
1080.377752257	787.760009765625
1083.01636025767	788.239990234375
1085.65412906872	788.359985351563
1088.2910590651	787.640014648438
1090.92715062157	789.119995117188
1093.56240411266	788.400024414063
1096.19681991265	788.200012207031
1098.83039839564	787.880004882813
1101.46313993547	788.280029296875
1104.09504490579	788.880004882813
1106.72611368	788.239990234375
1109.35634663129	788
1111.98574413263	787.400024414063
1114.61430655677	786.919982910156
1117.24203427624	786.440002441406
1119.86892766333	787.599975585938
1122.49498709014	787.320007324219
1125.12021292851	788.799987792969
1127.74460555011	787.559997558594
1130.36816532634	787.559997558594
1132.99089262841	786.400024414063
1135.6127878273	787.440002441406
1138.23385129376	787.280029296875
1140.85408339834	785.47998046875
1143.47348451137	785.960021972656
1146.09205500294	786.440002441406
1148.70979524293	786.320007324219
1151.326705601	786.280029296875
1153.9427864466	787.200012207031
1156.55803814896	785.960021972656
1159.17246107707	786.47998046875
1161.78605559974	786.840026855469
1164.39882208551	786.840026855469
1167.01076090276	786.119995117188
1169.6218724196	786.359985351563
1172.23215700396	785.840026855469
1174.84161502352	787.159973144531
1177.45024684578	786.760009765625
1180.05805283799	786.119995117188
1182.66503336719	786.599975585938
1185.27118880021	786.440002441406
1187.87651950367	786.280029296875
1190.48102584395	786
1193.08470818723	786.039978027344
1195.68756689948	786.400024414063
1198.28960234643	788.159973144531
1200.89081489363	787
1203.49120490636	787.400024414063
1206.09077274974	787.679992675781
1208.68951878864	787.159973144531
1211.28744338773	787.679992675781
1213.88454691145	788.080017089844
1216.48082972404	787
1219.07629218953	787
1221.6709346717	788.039978027344
1224.26475753416	787.840026855469
1226.85776114028	789.200012207031
1229.44994585322	787.960021972656
1232.04131203592	788.840026855469
1234.63186005112	789.200012207031
1237.22159026133	790.679992675781
1239.81050302886	789.280029296875
1242.3985987158	790.159973144531
1244.98587768402	790.640014648438
1247.5723402952	789.640014648438
1250.15798691078	790.239990234375
1252.74281789199	790.200012207031
1255.32683359987	790.280029296875
1257.91003439523	790.559997558594
1260.49242063865	790.080017089844
1263.07399269055	789.599975585938
1265.65475091108	789.760009765625
1268.23469566021	789.119995117188
1270.81382729769	789.159973144531
1273.39214618306	789.47998046875
1275.96965267566	788.719970703125
1278.54634713458	789.039978027344
1281.12222991875	789.119995117188
1283.69730138685	788.679992675781
1286.27156189737	788.799987792969
1288.84501180858	789.159973144531
1291.41765147853	789.440002441406
1293.98948126509	789.359985351563
1296.56050152589	788.400024414063
1299.13071261837	789.239990234375
1301.70011489973	790.119995117188
1304.268708727	789.440002441406
1306.83649445698	789.559997558594
1309.40347244625	790.039978027344
1311.96964305119	790.719970703125
1314.53500662799	790.039978027344
1317.0995635326	790.559997558594
1319.66331412077	789.960021972656
1322.22625874806	789.960021972656
1324.7883977698	790.679992675781
1327.34973154112	789.840026855469
1329.91026041694	789.080017089844
1332.46998475197	790.320007324219
1335.0289049007	789.799987792969
1337.58702121746	790.200012207031
1340.14433405631	790.159973144531
1342.70084377115	790.320007324219
1345.25655071563	789.47998046875
1347.81145524323	789.200012207031
1350.36555770721	788.599975585938
1352.91885846062	788.440002441406
1355.47135785631	786.960021972656
1358.02305624691	787.760009765625
1360.57395398486	787.159973144531
1363.12405142237	787.640014648438
1365.67334891148	787.280029296875
1368.22184680399	786.840026855469
1370.76954545151	786.799987792969
1373.31644520545	786.799987792969
1375.86254641699	786.679992675781
1378.40784943713	786.919982910156
1380.95235461666	787.239990234375
1383.49606230615	785.880004882813
1386.03897285598	787.159973144531
1388.58108661632	786.559997558594
1391.12240393713	786.359985351563
1393.66292516818	786.119995117188
1396.20265065903	787.400024414063
1398.74158075901	787.159973144531
1401.2797158173	786.359985351563
1403.81705618282	786.400024414063
1406.35360220431	787.159973144531
1408.88935423032	786.880004882813
1411.42431260919	786.080017089844
1413.95847768903	785.640014648438
1416.49184981777	786.47998046875
1419.02442934314	786.52001953125
1421.55621661266	786.719970703125
1424.08721197364	786.080017089844
1426.61741577321	786.840026855469
1429.14682835828	786.640014648438
1431.67545007555	786.599975585938
1434.20328127153	786.919982910156
1436.73032229253	786.960021972656
1439.25657348466	788.200012207031
1441.78203519381	788.440002441406
1444.3067077657	789.359985351563
1446.83059154581	790.400024414063
1449.35368687944	790.599975585938
1451.8759941117	791.679992675781
1454.39751358748	790.760009765625
1456.91824565148	789.52001953125
1459.43819064818	789.960021972656
1461.95734892189	788.960021972656
1464.4757208167	789.359985351563
1466.99330667649	788.119995117188
1469.51010684497	787.320007324219
1472.02612166564	787.840026855469
1474.54135148177	786.559997558594
1477.05579663646	787.280029296875
1479.56945747262	786.719970703125
1482.08233433293	786.760009765625
1484.59442755989	786.359985351563
1487.10573749579	785.599975585938
1489.61626448275	785.919982910156
1492.12600886264	785.880004882813
1494.63497097718	785.719970703125
1497.14315116786	784.799987792969
1499.65054977599	784.200012207031
1502.15716714267	784.119995117188
1504.66300360881	784.239990234375
1507.16805951512	783.679992675781
1509.67233520211	783.400024414063
1512.1758310101	784.400024414063
1514.67854727919	783.239990234375
1517.18048434931	783.760009765625
1519.68164256018	783.52001953125
1522.18202225132	783.080017089844
1524.68162376207	783.119995117188
1527.18044743155	783
1529.67849359869	783.679992675781
1532.17576260224	783.119995117188
1534.67225478072	782.919982910156
1537.1679704725	783.280029296875
1539.66291001572	783.640014648438
1542.15707374832	783.599975585938
1544.65046200807	784.280029296875
1547.14307513254	784.039978027344
1549.63491345907	784.559997558594
1552.12597732485	784.320007324219
1554.61626706685	784.159973144531
1557.10578302185	784.599975585938
1559.59452552644	785.080017089844
1562.082494917	784.559997558594
1564.56969152973	785
1567.05611570064	784.599975585938
1569.54176776552	785.440002441406
1572.02664806	785.440002441406
1574.51075691949	785.239990234375
1576.99409467921	785.47998046875
1579.4766616742	786.280029296875
1581.95845823929	786.039978027344
1584.43948470912	787.239990234375
1586.91974141815	785.039978027344
1589.39922870064	785.719970703125
1591.87794689064	785.880004882813
1594.35589632202	785.239990234375
1596.83307732848	785.039978027344
1599.30949024348	785.679992675781
1601.78513540033	786.239990234375
1604.26001313211	786.52001953125
1606.73412377175	786.919982910156
1609.20746765196	786.080017089844
1611.68004510526	786.039978027344
1614.15185646398	786.840026855469
1616.62290206026	787.159973144531
1619.09318222605	787.280029296875
1621.56269729311	786.640014648438
1624.031447593	786.840026855469
1626.4994334571	787.239990234375
1628.9666552166	787.440002441406
1631.43311320248	788.039978027344
1633.89880774554	788
1636.3637391764	787.960021972656
1638.82790782548	787.47998046875
1641.29131402301	787.960021972656
1643.75395809903	788.679992675781
1646.21584038339	788.280029296875
1648.67696120575	788.799987792969
1651.13732089558	790
1653.59691978216	789.52001953125
1656.05575819459	789.080017089844
1658.51383646175	790.239990234375
1660.97115491238	790.200012207031
1663.42771387498	789.640014648438
1665.8835136779	789.840026855469
1668.33855464928	789.200012207031
1670.79283711708	788.599975585938
1673.24636140907	789.919982910156
1675.69912785282	788.119995117188
1678.15113677572	787.799987792969
1680.602388505	786.960021972656
1683.05288336764	786.559997558594
1685.50262169049	785.840026855469
1687.95160380019	785.880004882813
1690.39983002318	785.200012207031
1692.84730068573	784.960021972656
1695.29401611392	784.200012207031
1697.73997663364	784.760009765625
1700.18518257059	784.359985351563
1702.6296342503	783.080017089844
1705.07333199807	782.679992675781
1707.51627613907	783.239990234375
1709.95846699824	781.880004882813
1712.39990490036	782.559997558594
1714.84059017001	782.200012207031
1717.28052313159	781.840026855469
1719.7197041093	782.559997558594
1722.15813342718	781.760009765625
1724.59581140906	781.880004882813
1727.03273837859	781.679992675781
1729.46891465926	781.559997558594
1731.90434057432	781.47998046875
1734.3390164469	781.559997558594
1736.7729425999	780.440002441406
1739.20611935604	780.400024414063
1741.63854703787	781.119995117188
1744.07022596776	780.919982910156
1746.50115646787	780.400024414063
1748.93133886019	781
1751.36077346652	780.440002441406
1753.7894606085	780.960021972656
1756.21740060755	780.960021972656
1758.64459378494	781.719970703125
1761.07104046172	781.159973144531
1763.49674095879	780.760009765625
1765.92169559684	780.280029296875
1768.3459046964	780.559997558594
1770.7693685778	780.239990234375
1773.1920875612	780.760009765625
1775.61406196656	781.200012207031
1778.03529211367	781.239990234375
1780.45577832214	780.599975585938
1782.87552091138	780
1785.29452020064	780.599975585938
1787.71277650897	780.47998046875
1790.13029015525	780.640014648438
1792.54706145817	780.239990234375
1794.96309073625	779.679992675781
1797.3783783078	780.080017089844
1799.79292449097	780.559997558594
1802.20672960375	779.760009765625
1804.61979396389	780.719970703125
1807.03211788902	780
1809.44370169655	779.960021972656
1811.85454570373	780.679992675781
1814.2646502276	780.440002441406
1816.67401558506	780.359985351563
1819.0826420928	779.960021972656
1821.49053006734	780.280029296875
1823.89767982501	780.440002441406
1826.30409168198	780.039978027344
1828.70976595422	780.039978027344
1831.11470295753	780.359985351563
1833.51890300752	780.119995117188
1835.92236641964	779.960021972656
1838.32509350914	780.159973144531
1840.72708459111	779.960021972656
1843.12833998044	780
1845.52885999184	779.719970703125
1847.92864493987	780.239990234375
1850.32769513889	779.400024414063
1852.72601090307	780.119995117188
1855.12359254642	780.080017089844
1857.52044038278	779.599975585938
1859.91655472578	780.200012207031
1862.31193588889	780.039978027344
1864.70658418542	779.919982910156
1867.10049992847	779.400024414063
1869.49368343096	780.359985351563
1871.88613500568	779.880004882813
1874.27785496518	779.719970703125
1876.66884362188	779.320007324219
1879.059101288	780.239990234375
1881.44862827559	780.440002441406
1883.8374248965	779.200012207031
1886.22549146246	780
1888.61282828495	779.47998046875
1890.99943567534	779.640014648438
1893.38531394477	779.640014648438
1895.77046340424	780.239990234375
1898.15488436455	780.47998046875
1900.53857713634	780.280029296875
1902.92154203006	779.960021972656
1905.303779356	779.960021972656
1907.68528942426	780.039978027344
1910.06607254477	779.359985351563
1912.44612902729	779.440002441406
1914.82545918139	780
1917.20406331648	780.119995117188
1919.58194174178	779.599975585938
1921.95909476634	780.080017089844
1924.33552269905	779.760009765625
1926.71122584861	779
1929.08620452353	779.559997558594
1931.46045903219	779.400024414063
1933.83398968275	780.200012207031
1936.20679678322	779.679992675781
1938.57888064142	779.760009765625
1940.95024156502	779.440002441406
1943.3208798615	780
1945.69079583816	779.599975585938
1948.05998980213	780.039978027344
1950.42846206038	780.239990234375
1952.79621291969	779.840026855469
1955.16324268668	779.440002441406
1957.52955166778	779.640014648438
1959.89514016927	779.400024414063
1962.26000849723	779.840026855469
1964.62415695759	779.919982910156
1966.98758585609	779.679992675781
1969.3502954983	779.47998046875
1971.71228618964	779.320007324219
1974.07355823532	779.47998046875
1976.43411194042	779.559997558594
1978.79394760981	780
1981.1530655482	780.119995117188
1983.51146606014	778.960021972656
1985.86914944999	779.640014648438
1988.22611602196	779.799987792969
1990.58236608007	779.47998046875
1992.93789992817	779.559997558594
1995.29271786995	779.840026855469
1997.64682020892	780.200012207031
2000.00020724843	779.640014648438
2002.35287929162	779.719970703125
2004.70483664152	779.799987792969
2007.05607960095	779.760009765625
2009.40660847256	779.640014648438
2011.75642355884	779.960021972656
2014.1055251621	780.400024414063
2016.4539135845	780.039978027344
2018.80158912802	780
2021.14855209444	779.840026855469
2023.49480278542	780.200012207031
2025.84034150242	779.960021972656
2028.18516854673	780.159973144531
2030.52928421948	779.760009765625
2032.87268882163	779.52001953125
2035.21538265398	780.159973144531
2037.55736601713	779.840026855469
2039.89863921153	780.159973144531
2042.23920253747	779.840026855469
2044.57905629506	779.640014648438
2046.91820078425	780
2049.2566363048	780.239990234375
2051.59436315633	779.799987792969
2053.93138163827	779.880004882813
2056.2676920499	780.239990234375
2058.6032946903	779.760009765625
2060.93818985843	779.840026855469
2063.27237785303	779.359985351563
2065.60585897272	780.52001953125
2067.93863351592	779.400024414063
2070.27070178089	779.719970703125
2072.60206406574	779.880004882813
2074.93272066838	780.159973144531
2077.26267188658	780
2079.59191801793	779.960021972656
2081.92045935985	779.52001953125
2084.24829620962	780.359985351563
2086.57542886431	780.159973144531
2088.90185762087	780.400024414063
2091.22758277604	779.599975585938
2093.55260462643	779.679992675781
2095.87692346845	780.239990234375
2098.20053959837	779.52001953125
2100.52345331229	779.880004882813
2102.84566490614	779.640014648438
2105.16717467567	780.280029296875
2107.48798291649	779.960021972656
2109.80808992403	780.159973144531
2112.12749599355	780.320007324219
2114.44620142016	779.760009765625
2116.7642064988	779.880004882813
2119.08151152423	780.200012207031
2121.39811679106	779.640014648438
2123.71402259374	779.280029296875
2126.02922922653	780.200012207031
2128.34373698356	780.280029296875
2130.65754615876	780.280029296875
2132.97065704594	780.159973144531
2135.28306993869	779.840026855469
2137.59478513047	779.400024414063
2139.90580291459	780.640014648438
2142.21612358416	779.47998046875
2144.52574743214	780.320007324219
2146.83467475134	779.599975585938
2149.1429058344	780.320007324219
2151.45044097377	780
2153.75728046178	780.200012207031
2156.06342459057	779.760009765625
2158.36887365212	780.200012207031
2160.67362793825	779.919982910156
2162.97768774061	779.840026855469
2165.28105335071	780.359985351563
2167.58372505987	780
2169.88570315926	780.239990234375
2172.18698793988	779.880004882813
2174.48757969258	779.919982910156
2176.78747870805	779.559997558594
2179.08668527679	779.679992675781
2181.38519968917	779.239990234375
2183.68302223538	779.52001953125
2185.98015320547	779.960021972656
2188.27659288929	780.159973144531
2190.57234157656	779.640014648438
2192.86739955682	779.719970703125
2195.16176711948	779.400024414063
2197.45544455375	779.47998046875
2199.74843214869	779.359985351563
2202.04073019322	780
2204.33233897607	779.799987792969
2206.62325878583	779.280029296875
2208.91348991093	779.679992675781
2211.20303263961	779.320007324219
2213.49188726	779.760009765625
2215.78005406001	778.960021972656
2218.06753332744	779.400024414063
2220.35432534991	778.719970703125
2222.64043041487	779.52001953125
2224.92584880964	779.47998046875
2227.21058082134	779.400024414063
2229.49462673696	779.159973144531
2231.77798684332	779.080017089844
2234.06066142709	779.919982910156
2236.34265077477	779.080017089844
2238.62395517269	779.239990234375
2240.90457490706	779.47998046875
2243.18451026388	779.400024414063
2245.46376152904	779.159973144531
2247.74232898823	778.960021972656
2250.02021292701	779.52001953125
2252.29741363077	778.640014648438
2254.57393138475	778.880004882813
2256.849766474	779.47998046875
2259.12491918346	779.440002441406
2261.39938979788	778.880004882813
2263.67317860185	779.47998046875
2265.94628587983	779.440002441406
2268.2187119161	779.280029296875
2270.49045699478	779.440002441406
2272.76152139985	779.440002441406
2275.03190541511	778.679992675781
2277.30160932421	778.760009765625
2279.57063341067	779.719970703125
2281.83897795781	778.799987792969
2284.10664324882	779.159973144531
2286.37362956672	779.679992675781
2288.63993719439	779.359985351563
2290.90556641454	779.440002441406
2293.17051750973	779.080017089844
2295.43479076235	779.47998046875
2297.69838645465	778.52001953125
2299.96130486871	779.320007324219
2302.22354628647	778.880004882813
2304.48511098971	779.119995117188
2306.74599926003	778.559997558594
2309.00621137891	778.440002441406
2311.26574762765	778.799987792969
2313.52460828741	778.919982910156
2315.78279363917	778.559997558594
2318.04030396379	778.799987792969
2320.29713954195	779.280029296875
2322.55330065418	779.200012207031
2324.80878758085	778.960021972656
2327.06360060219	778.840026855469
2329.31773999826	779.119995117188
2331.57120604897	779.119995117188
2333.82399903409	779.200012207031
2336.0761192332	778.880004882813
2338.32756692577	779.159973144531
2340.57834239108	778.919982910156
2342.82844590827	778.840026855469
2345.07787775633	778.559997558594
2347.32663821409	778.719970703125
2349.57472756023	778.719970703125
2351.82214607327	778.640014648438
2354.06889403158	778.719970703125
2356.31497171337	778.760009765625
2358.56037939672	778.719970703125
2360.80511735953	778.320007324219
2363.04918587955	779.200012207031
2365.29258523439	778.719970703125
2367.5353157015	778.47998046875
2369.77737755817	779.080017089844
2372.01877108156	778.960021972656
2374.25949654865	779.280029296875
2376.49955423629	778.559997558594
2378.73894442115	778.119995117188
2380.97766737977	779
2383.21572338855	778.679992675781
2385.45311272369	778.679992675781
2387.68983566129	778.47998046875
2389.92589247727	779
2392.1612834474	778.440002441406
2394.39600884731	778.640014648438
2396.63006895246	778.719970703125
2398.86346403818	778.919982910156
2401.09619437962	778.359985351563
2403.32826025182	778.559997558594
2405.55966192963	778.719970703125
2407.79039968777	778.440002441406
2410.0204738008	778.119995117188
2412.24988454313	779.080017089844
2414.47863218902	778.799987792969
2416.70671701258	778.559997558594
2418.93413928778	778.52001953125
2421.16089928842	778.640014648438
2423.38699728817	778.960021972656
2425.61243356052	778.760009765625
2427.83720837884	778.400024414063
2430.06132201633	778.320007324219
2432.28477474606	778.719970703125
2434.50756684093	778.919982910156
2436.72969857371	778.799987792969
2438.95117021699	777.919982910156
2441.17198204325	778.200012207031
2443.39213432478	778.559997558594
2445.61162733376	778.679992675781
2447.83046134218	778.840026855469
2450.04863662192	778.679992675781
2452.26615344468	779
2454.48301208203	778.719970703125
2456.69921280539	778.640014648438
2458.91475588602	778.760009765625
2461.12964159504	778.719970703125
2463.34387020342	778.080017089844
2465.55744198198	779
2467.77035720139	778.039978027344
2469.98261613217	778.799987792969
2472.1942190447	778.400024414063
2474.40516620922	778.200012207031
2476.6154578958	778.239990234375
2478.82509437436	778.599975585938
2481.03407591471	778.280029296875
2483.24240278646	777.880004882813
2485.45007525911	778.799987792969
2487.65709360202	778.679992675781
2489.86345808435	778.52001953125
2492.06916897518	778.640014648438
2494.27422654339	778.159973144531
2496.47863105774	778.359985351563
2498.68238278683	778.719970703125
2500.88548199912	778.039978027344
2503.08792896294	778.760009765625
2505.28972394643	778.200012207031
2507.49086721763	778.200012207031
2509.6913590444	777.960021972656
2511.89119969447	778.400024414063
2514.09038943543	778.799987792969
2516.2889285347	778.52001953125
2518.48681725957	778.799987792969
2520.6840558772	778.559997558594
2522.88064465456	778.47998046875
2525.07658385852	778.559997558594
2527.27187375578	778.239990234375
2529.4665146129	778.559997558594
2531.66050669629	778.679992675781
2533.85385027222	778.760009765625
2536.04654560681	778.400024414063
2538.23859296605	778.080017089844
2540.42999261577	777.960021972656
2542.62074482166	778.200012207031
2544.81084984925	778.239990234375
2547.00030796395	778.280029296875
2549.18911943101	778.640014648438
2551.37728451555	778.239990234375
2553.56480348252	778.440002441406
2555.75167659675	778.799987792969
2557.93790412292	778.200012207031
2560.12348632556	778.559997558594
2562.30842346905	778.559997558594
2564.49271581764	778.840026855469
2566.67636363544	778.599975585938
2568.85936718639	777.840026855469
2571.04172673431	778
2573.22344254288	778.52001953125
2575.40451487562	778.640014648438
2577.58494399591	778.47998046875
2579.76473016699	778.719970703125
2581.94387365196	779
2584.12237471377	778.159973144531
2586.30023361523	778.119995117188
2588.47745061901	778.080017089844
2590.65402598763	778.640014648438
2592.82995998348	778.719970703125
2595.0052528688	778.47998046875
2597.17990490568	778.840026855469
2599.35391635608	778.280029296875
2601.52728748181	777.960021972656
2603.70001854454	777.719970703125
2605.8721098058	778.880004882813
2608.04356152698	778.599975585938
2610.21437396931	777.960021972656
2612.3845473939	778.599975585938
2614.55408206173	778.159973144531
2616.72297823359	778.679992675781
2618.89123617017	778.719970703125
2621.058856132	778.119995117188
2623.22583837949	778.320007324219
2625.39218317288	778.559997558594
2627.55789077229	778.799987792969
2629.72296143769	778.919982910156
2631.88739542891	778.52001953125
2634.05119300563	778.760009765625
2636.21435442742	778.440002441406
2638.37687995367	778.440002441406
2640.53876984365	778.880004882813
2642.70002435649	778.52001953125
2644.86064375119	778.400024414063
2647.02062828658	778.880004882813
2649.17997822137	778.880004882813
2651.33869381413	779.039978027344
2653.49677532328	779.159973144531
2655.65422300711	778.919982910156
2657.81103712378	778.320007324219
2659.96721793127	778.239990234375
2662.12276568747	779
2664.2776806501	779.359985351563
2666.43196307675	778.599975585938
2668.58561322486	778.320007324219
2670.73863135176	778.679992675781
2672.8910177146	778.719970703125
2675.04277257043	778.719970703125
2677.19389617612	778.640014648438
2679.34438878845	778.799987792969
2681.49425066402	778.880004882813
2683.64348205931	778.400024414063
2685.79208323065	778.280029296875
2687.94005443425	778.960021972656
2690.08739592617	779.039978027344
2692.23410796233	778.840026855469
2694.38019079852	779
2696.52564469038	779.320007324219
2698.67046989342	778.840026855469
2700.81466666302	779.200012207031
2702.9582352544	779.239990234375
2705.10117592265	779.119995117188
2707.24348892275	778.799987792969
2709.3851745095	779.679992675781
2711.5262329376	779.400024414063
2713.66666446158	779.320007324219
2715.80646933585	779.52001953125
2717.94564781468	778.960021972656
2720.08420015222	778.960021972656
2722.22212660245	778.840026855469
2724.35942741923	779.559997558594
2726.49610285628	779.559997558594
2728.63215316721	778.840026855469
2730.76757860544	779.799987792969
2732.9023794243	779.52001953125
2735.03655587697	779.440002441406
2737.17010821648	779.119995117188
2739.30303669573	779.799987792969
2741.4353415675	779.320007324219
2743.56702308442	779.400024414063
2745.69808149898	779.440002441406
2747.82851706355	779.52001953125
2749.95833003034	779.280029296875
2752.08752065145	779.599975585938
2754.21608917883	778.919982910156
2756.3440358643	778.919982910156
2758.47136095954	778.679992675781
2760.59806471609	779.559997558594
2762.72414738537	779.559997558594
2764.84960921865	780.080017089844
2766.97445046708	780.280029296875
2769.09867138166	779.640014648438
2771.22227221326	779
2773.34525321263	779.440002441406
2775.46761463035	778.880004882813
2777.58935671691	779.159973144531
2779.71047972262	779.039978027344
2781.83098389771	779.599975585938
2783.95086949221	779.47998046875
2786.07013675607	780
2788.18878593908	779.52001953125
2790.3068172909	779.280029296875
2792.42423106106	779.400024414063
2794.54102749895	779.400024414063
2796.65720685384	779.200012207031
2798.77276937486	779
2800.88771531098	779.719970703125
2803.00204491107	779.47998046875
2805.11575842387	779.119995117188
2807.22885609796	779.440002441406
2809.34133818179	779.280029296875
2811.4532049237	779.679992675781
2813.56445657189	779.200012207031
2815.6750933744	779.880004882813
2817.78511557916	779.559997558594
2819.89452343398	779.400024414063
2822.00331718652	780.239990234375
2824.11149708429	780.080017089844
2826.2190633747	780.239990234375
2828.32601630502	780.080017089844
2830.43235612237	780.599975585938
2832.53808307375	780.400024414063
2834.64319740603	780.400024414063
2836.74769936595	782.039978027344
2838.85158920011	781.640014648438
2840.95486715497	782.359985351563
2843.05753347689	783.080017089844
2845.15958841206	784.159973144531
2847.26103220657	785.119995117188
2849.36186510636	785.679992675781
2851.46208735724	785.679992675781
2853.56169920488	786.440002441406
2855.66070089485	786.880004882813
2857.75909267257	786.280029296875
2859.85687478332	787.880004882813
2861.95404747225	787.799987792969
2864.05061098439	789.359985351563
2866.14656556464	790.400024414063
2868.24191145777	790.080017089844
2870.3366489084	791.919982910156
2872.43077816104	791.52001953125
2874.52429946006	793.239990234375
2876.61721304971	792.880004882813
2878.70951917409	791.880004882813
2880.8012180772	792.52001953125
2882.89231000287	792.760009765625
2884.98279519483	794.400024414063
2887.07267389667	793.159973144531
2889.16194635186	792.880004882813
2891.25061280373	793.280029296875
2893.33867349546	794.440002441406
2895.42612867015	794.960021972656
2897.51297857074	794.47998046875
2899.59922344003	795.47998046875
2901.68486352071	795.200012207031
2903.76989905533	795.640014648438
2905.85433028632	796.320007324219
2907.93815745598	798.200012207031
2910.02138080648	797.039978027344
2912.10400057985	797.799987792969
2914.186017018	798.119995117188
2916.26743036271	798.719970703125
2918.34824085563	800
2920.4284487383	800.719970703125
2922.5080542521	800.280029296875
2924.58705763829	801.760009765625
2926.66545913802	803.280029296875
2928.74325899231	803.919982910156
2930.82045744202	805.159973144531
2932.89705472792	803.919982910156
2934.97305109062	803.52001953125
2937.04844677063	805.679992675781
2939.12324200832	805.679992675781
2941.19743704393	804.719970703125
2943.27103211757	803.039978027344
2945.34402746923	802.47998046875
2947.41642333876	801.919982910156
2949.48821996592	800.039978027344
2951.55941759028	799.200012207031
2953.63001645135	798.799987792969
2955.70001678845	798.880004882813
2957.76941884083	798.559997558594
2959.83822284757	797.239990234375
2961.90642904764	795.880004882813
2963.97403767988	796.159973144531
2966.04104898302	798
2968.10746319565	797.119995117188
2970.17328055621	795.320007324219
2972.23850130305	795.080017089844
2974.30312567438	795.359985351563
2976.36715390829	794.200012207031
2978.43058624273	794.159973144531
2980.49342291553	794.760009765625
2982.55566416439	793.640014648438
2984.61731022691	793.080017089844
2986.67836134051	793.280029296875
2988.73881774255	793.320007324219
2990.79867967021	792.640014648438
2992.85794736058	792.039978027344
2994.9166210506	790.640014648438
2996.97470097711	789.599975585938
2999.03218737679	790.799987792969
3001.08908048622	790
3003.14538054186	789.52001953125
3005.20108778002	790.039978027344
3007.25620243691	789.640014648438
3009.3107247486	789
3011.36465495104	788.52001953125
3013.41799328004	789.200012207031
3015.47073997133	788.320007324219
3017.52289526045	788.080017089844
3019.57445938288	788.440002441406
3021.62543257393	788.400024414063
3023.6758150688	788.280029296875
3025.72560710258	787.799987792969
3027.77480891021	788.320007324219
3029.82342072652	789.039978027344
3031.87144278622	788.52001953125
3033.91887532389	789.679992675781
3035.96571857399	789.719970703125
3038.01197277084	790.119995117188
3040.05763814867	790.719970703125
3042.10271494154	790.640014648438
3044.14720338344	790.119995117188
3046.19110370818	790.599975585938
3048.2344161495	790.719970703125
3050.27714094097	791.47998046875
3052.31927831608	791.159973144531
3054.36082850816	792.039978027344
3056.40179175044	792.679992675781
3058.44216827602	792.760009765625
3060.48195831786	793.599975585938
3062.52116210884	792.679992675781
3064.55977988167	792.52001953125
3066.59781186897	792.599975585938
3068.63525830322	793.320007324219
3070.67211941678	793.960021972656
3072.7083954419	795.919982910156
3074.7440866107	794
3076.77919315516	793.719970703125
3078.81371530716	794.320007324219
3080.84765329846	796.320007324219
3082.88100736068	795
3084.91377772534	794.559997558594
3086.94596462381	794.719970703125
3088.97756828737	794.799987792969
3091.00858894714	796.320007324219
3093.03902683417	797
3095.06888217933	796.440002441406
3097.09815521342	797.400024414063
3099.12684616709	798.47998046875
3101.15495527087	795.840026855469
3103.18248275518	797.799987792969
3105.20942885031	799.280029296875
3107.23579378642	799.400024414063
3109.26157779358	798.880004882813
3111.28678110171	799.400024414063
3113.31140394062	801.960021972656
3115.33544654	801.400024414063
3117.35890912942	802.799987792969
3119.38179193832	802.200012207031
3121.40409519602	803.719970703125
3123.42581913174	804.840026855469
3125.44696397457	802.239990234375
3127.46752995345	803.039978027344
3129.48751729725	805.719970703125
3131.50692623469	807.200012207031
3133.52575699436	805.039978027344
3135.54400980476	806.840026855469
3137.56168489425	805.919982910156
3139.57878249108	805.840026855469
3141.59530282337	807
3143.61124611913	806.640014648438
3145.62661260624	806.960021972656
3147.64140251247	807.039978027344
3149.65561606547	808.599975585938
3151.66925349277	808.599975585938
3153.68231502177	809.359985351563
3155.69480087977	809.400024414063
3157.70671129394	808.679992675781
3159.71804649132	813.52001953125
3161.72880669886	813.559997558594
3163.73899214336	811.159973144531
3165.74860305152	812.840026855469
3167.75763964991	812.960021972656
3169.766102165	813.799987792969
3171.77399082313	814.359985351563
3173.7813058505	815.640014648438
3175.78804747323	813.47998046875
3177.79421591731	813.280029296875
3179.79981140859	817.47998046875
3181.80483417282	817.679992675781
3183.80928443564	816.280029296875
3185.81316242255	817.47998046875
3187.81646835896	818.799987792969
3189.81920247013	817.840026855469
3191.82136498122	817.799987792969
3193.82295611727	820.440002441406
3195.82397610321	821.320007324219
3197.82442516385	821.440002441406
3199.82430352386	820.159973144531
3201.82361140782	819.47998046875
3203.82234904018	820.52001953125
3205.82051664529	823.440002441406
3207.81811444735	823.799987792969
3209.81514267047	824.280029296875
3211.81160153863	823.760009765625
3213.80749127571	821.440002441406
3215.80281210545	821.599975585938
3217.79756425148	824.280029296875
3219.79174793733	823.119995117188
3221.7853633864	820.599975585938
3223.77841082196	821.679992675781
3225.77089046719	823.960021972656
3227.76280254513	824
3229.75414727873	823.039978027344
3231.74492489081	826.47998046875
3233.73513560406	826.039978027344
3235.72477964107	822.960021972656
3237.71385722431	822.52001953125
3239.70236857614	826.640014648438
3241.6903139188	827.039978027344
3243.6776934744	828.039978027344
3245.66450746496	824.400024414063
3247.65075611237	826.47998046875
3249.63643963841	827.440002441406
3251.62155826472	827.239990234375
3253.60611221287	822.200012207031
3255.59010170428	821.599975585938
3257.57352696026	827.400024414063
3259.55638820202	828
3261.53868565064	827.559997558594
3263.52041952708	828
3265.50159005221	829.039978027344
3267.48219744676	827.52001953125
3269.46224193136	825
3271.44172372651	826.719970703125
3273.42064305262	830.640014648438
3275.39900012996	829.320007324219
3277.3767951787	830.119995117188
3279.35402841889	827.400024414063
3281.33070007047	829.400024414063
3283.30681035326	828.400024414063
3285.28235948698	826.239990234375
3287.25734769121	828.200012207031
3289.23177518544	829.559997558594
3291.20564218903	828.52001953125
3293.17894892124	823.039978027344
3295.1516956012	823.640014648438
3297.12388244795	826.52001953125
3299.09550968039	828.840026855469
3301.06657751732	829.159973144531
3303.03708617743	828.840026855469
3305.00703587929	828.719970703125
3306.97642684135	827.599975585938
3308.94525928196	827.039978027344
3310.91353341935	828.320007324219
3312.88124947164	828.719970703125
3314.84840765683	825.47998046875
3316.81500819282	827.080017089844
3318.78105129738	826.039978027344
3320.74653718818	827.400024414063
3322.71146608278	828.239990234375
3324.67583819861	826.080017089844
3326.639653753	826.440002441406
3328.60291296317	824.880004882813
3330.56561604621	826.880004882813
3332.52776321913	825.559997558594
3334.4893546988	830.320007324219
3336.45039070198	828.400024414063
3338.41087144533	824.880004882813
3340.37079714539	827.320007324219
3342.33016801859	826.280029296875
3344.28898428124	827.159973144531
3346.24724614955	826.679992675781
3348.20495383962	828.880004882813
3350.16210756742	827.559997558594
3352.11870754883	826.239990234375
3354.07475399961	825.919982910156
3356.03024713539	824.239990234375
3357.98518717173	822.799987792969
3359.93957432403	826.159973144531
3361.89340880761	825.320007324219
3363.84669083768	826.039978027344
3365.79942062933	824.039978027344
3367.75159839753	825.640014648438
3369.70322435715	825.679992675781
3371.65429872295	828.039978027344
3373.60482170957	828.760009765625
3375.55479353155	830.400024414063
3377.50421440332	829.119995117188
3379.45308453918	824.440002441406
3381.40140415335	825.320007324219
3383.34917345991	824.400024414063
3385.29639267284	825.559997558594
3387.24306200602	825.960021972656
3389.18918167321	828.960021972656
3391.13475188806	828.599975585938
3393.07977286411	829.47998046875
3395.02424481479	826.960021972656
3396.96816795342	826.080017089844
3398.91154249322	827.359985351563
3400.85436864728	829.159973144531
3402.79664662859	828.679992675781
3404.73837665004	827.840026855469
3406.67955892439	825.119995117188
3408.62019366432	828
3410.56028108236	828.400024414063
3412.49982139096	829.47998046875
3414.43881480247	830
3416.37726152909	827.640014648438
3418.31516178295	829
3420.25251577605	829.880004882813
3422.18932372029	827
3424.12558582746	828.400024414063
3426.06130230922	827.880004882813
3427.99647337717	827.239990234375
3429.93109924274	824.599975585938
3431.8651801173	825.52001953125
3433.79871621209	825.320007324219
3435.73170773824	824.960021972656
3437.66415490678	827.280029296875
3439.59605792862	825.47998046875
3441.52741701458	828.640014648438
3443.45823237536	828.640014648438
3445.38850422154	826.080017089844
3447.31823276362	822.960021972656
3449.24741821196	824.960021972656
3451.17606077684	821.320007324219
3453.10416066842	824.080017089844
3455.03171809674	826.359985351563
3456.95873327175	825.039978027344
3458.88520640329	821.599975585938
3460.81113770109	822.359985351563
3462.73652737477	820.320007324219
3464.66137563383	821.159973144531
3466.58568268769	822.359985351563
3468.50944874565	821.559997558594
3470.43267401689	824.559997558594
3472.3553587105	823.960021972656
3474.27750303545	821.320007324219
3476.19910720062	817.760009765625
3478.12017141476	818.440002441406
3480.04069588654	819.840026855469
3481.9606808245	822.080017089844
3483.88012643707	820.760009765625
3485.79903293259	821.039978027344
3487.7174005193	817.919982910156
3489.63522940532	816.840026855469
3491.55251979864	816.440002441406
3493.46927190719	816.280029296875
3495.38548593877	816.719970703125
3497.30116210107	812.640014648438
3499.21630060167	812.919982910156
3501.13090164807	813.760009765625
3503.04496544763	812.359985351563
3504.95849220763	812.280029296875
3506.87148213523	813.440002441406
3508.78393543748	814.919982910156
3510.69585232134	814.719970703125
3512.60723299365	812.47998046875
3514.51807766116	814.239990234375
3516.42838653049	812.719970703125
3518.33815980819	809.239990234375
3520.24739770066	807.840026855469
3522.15610041423	808.559997558594
3524.06426815511	808.799987792969
3525.9719011294	808.400024414063
3527.87899954311	808.559997558594
3529.78556360213	808.239990234375
3531.69159351225	809
3533.59708947916	807.359985351563
3535.50205170844	805.400024414063
3537.40648040556	805.599975585938
3539.3103757759	805.320007324219
3541.21373802472	804
3543.11656735717	802.47998046875
3545.01886397833	801.559997558594
3546.92062809313	803.320007324219
3548.82185990643	804.52001953125
3550.72255962297	804.320007324219
3552.62272744738	801.799987792969
3554.5223635842	800.640014648438
3556.42146823786	800.559997558594
3558.32004161268	800.47998046875
3560.21808391289	798.200012207031
3562.11559534259	798.919982910156
3564.01257610581	798.960021972656
3565.90902640645	798
3567.80494644831	798.400024414063
3569.7003364351	798.080017089844
3571.59519657042	797.760009765625
3573.48952705774	796.919982910156
3575.38332810048	798.320007324219
3577.27659990191	798.119995117188
3579.16934266521	797.799987792969
3581.06155659346	797.719970703125
3582.95324188965	796.960021972656
3584.84439875663	796.47998046875
3586.73502739718	794.760009765625
3588.62512801397	794.320007324219
3590.51470080955	794.359985351563
3592.40374598639	794.359985351563
3594.29226374685	794.280029296875
3596.18025429317	794.359985351563
3598.06771782751	793.47998046875
3599.95465455192	792.47998046875
3601.84106466834	791.640014648438
3603.72694837861	792.200012207031
3605.61230588447	793
3607.49713738756	792.599975585938
3609.38144308942	792.52001953125
3611.26522319148	792.919982910156
3613.14847789506	792.52001953125
3615.0312074014	791.159973144531
3616.91341191162	789.919982910156
3618.79509162674	790.359985351563
3620.67624674769	790.159973144531
3622.55687747528	790.440002441406
3624.43698401024	789.640014648438
3626.31656655317	790.359985351563
3628.1956253046	790.119995117188
3630.07416046492	790.080017089844
3631.95217223446	788.799987792969
3633.82966081342	788.840026855469
3635.70662640191	788.200012207031
3637.58306919993	787.159973144531
3639.45898940739	785.880004882813
3641.33438722409	787.679992675781
3643.20926284973	787.400024414063
3645.08361648392	786.880004882813
3646.95744832614	786.760009765625
3648.8307585758	787.200012207031
3650.7035474322	785.799987792969
3652.57581509452	785.919982910156
3654.44756176188	785.559997558594
3656.31878763324	786.239990234375
3658.18949290753	785.559997558594
3660.05967778352	784.760009765625
3661.9293424599	784.159973144531
3663.79848713527	784.52001953125
3665.66711200812	784.359985351563
3667.53521727684	783.960021972656
3669.40280313972	783.960021972656
3671.26986979494	782.559997558594
3673.13641744059	782.47998046875
3675.00244627468	781.960021972656
