-140.373595351881	779.119995117188
-137.335129063906	778.559997558594
-134.297686810867	779.400024414063
-131.261268103955	778.960021972656
-128.225872454677	779.320007324219
-125.191499374839	779
-122.158148376567	778.799987792969
-119.125818972292	779
-116.094510674759	779.039978027344
-113.064222997021	779.080017089844
-110.034955452443	778.840026855469
-107.006707554687	779.080017089844
-103.979478817741	778.840026855469
-100.95326875589	778.919982910156
-97.928076883731	779.080017089844
-94.9039027161698	778.719970703125
-91.8807457684175	778.960021972656
-88.8586055560018	779.200012207031
-85.8374815947384	778.799987792969
-82.8173734007715	779.119995117188
-79.7982804905411	779.159973144531
-76.7802023807988	778.719970703125
-73.7631385885914	778.960021972656
-70.7470886312892	779
-67.732052026553	778.760009765625
-64.7180282923587	778.919982910156
-61.7050169469884	779
-58.6930175090183	779.039978027344
-55.6820294973386	779.280029296875
-52.6720524311495	779
-49.66308582994	778.960021972656
-46.6551292135171	778.919982910156
-43.6481821019882	779.159973144531
-40.6422440157577	779.080017089844
-37.6373144755424	779.239990234375
-34.6333930023594	779.239990234375
-31.630479117526	778.919982910156
-28.6285723426709	779.599975585938
-25.6276721997107	779.200012207031
-22.6277782108771	779
-19.628889898701	779.719970703125
-16.6310067860081	779.080017089844
-13.6341283959385	780.559997558594
-10.6382542519231	782.880004882813
-7.64338387769432	798.719970703125
-4.64951679729502	832.719970703125
-1.65665253506141	847.679992675781
1.33520938438089	827.039978027344
4.32606943608095	792.599975585938
7.315928094803	780.440002441406
10.3047858350146	779.200012207031
13.2926431308747	779.119995117188
16.2795004562541	778.760009765625
19.2653582847118	778.960021972656
22.2502170895187	779.200012207031
25.2340773436344	779.200012207031
28.216939519735	779
31.1988040901939	779.039978027344
34.1796715270814	778.840026855469
37.1595423021732	778.679992675781
40.1384168869468	779.119995117188
43.1162957525854	778.960021972656
46.0931793699786	778.640014648438
49.0690682097059	779.039978027344
52.0439627420619	779
55.0178634370476	778.919982910156
57.9907707643592	779.159973144531
60.9626851933962	778.679992675781
63.9336071932735	778.840026855469
66.9035372328018	779.159973144531
69.8724757804959	779.159973144531
72.8404233045826	778.799987792969
75.8073802729932	779.039978027344
78.7733471533597	779.239990234375
81.738324413019	778.760009765625
84.702312519025	778.840026855469
87.665311938125	779.039978027344
90.6273231367761	778.960021972656
93.5883465811569	779.239990234375
96.5483827371242	778.760009765625
99.5074320702731	778.840026855469
102.465495045889	779.039978027344
105.422572128961	779
108.378663784199	779.320007324219
111.333770476014	779.159973144531
114.287892668528	778.719970703125
117.24103082557	778.880004882813
120.193185410674	779.200012207031
123.144356887097	779.359985351563
126.094545717786	779.239990234375
129.043752365413	779.679992675781
131.991977292355	779.679992675781
134.939220960695	780.440002441406
137.885483832232	780.719970703125
140.83076636847	780.840026855469
143.775069030632	781.320007324219
146.718392279644	781.840026855469
149.660736576149	781.799987792969
152.602102380488	782.679992675781
155.54249015274	783.760009765625
158.481900352672	783.440002441406
161.420333439765	784.719970703125
164.357789873227	785.039978027344
167.294270111968	785.280029296875
170.229774614617	785.719970703125
173.164303839496	787.320007324219
176.097858244675	787.239990234375
179.030438287908	789.159973144531
181.962044426678	789.47998046875
184.89267711817	790.280029296875
187.822336819302	790.960021972656
190.751023986678	791.559997558594
193.678739076648	791.799987792969
196.605482545255	792.47998046875
199.531254848261	792.960021972656
202.456056441152	792.960021972656
205.379887779119	791.919982910156
208.30274931708	792.679992675781
211.224641509656	794.039978027344
214.145564811189	793.159973144531
217.06551967574	793.320007324219
219.984506557089	792.640014648438
222.902525908723	792.719970703125
225.819578183856	793.400024414063
228.735663835415	791.960021972656
231.650783316047	792.159973144531
234.564937078107	792.640014648438
237.478125573679	792.679992675781
240.390349254566	792.400024414063
243.301608572278	793.119995117188
246.211903978051	793.52001953125
249.121235922839	793.679992675781
252.029604857321	794.47998046875
254.93701123188	795
257.843455496632	795.239990234375
260.748938101415	795.280029296875
263.653459495766	795.679992675781
266.557020128967	796.799987792969
269.459620450005	797.080017089844
272.361260907595	798.52001953125
275.261941950168	797.080017089844
278.161664025874	797.280029296875
281.060427582592	799.080017089844
283.958233067921	797.919982910156
286.855080929176	798.359985351563
289.750971613398	797.919982910156
292.645905567344	797.52001953125
295.539883237503	798.47998046875
298.432905070079	797.640014648438
301.324971511007	796.719970703125
304.216083005931	798.52001953125
307.10624000023	798.159973144531
309.995442939003	799.679992675781
312.883692267071	804.640014648438
315.770988428979	813.440002441406
318.657331869	824.919982910156
321.542723031127	831.719970703125
324.427162359076	828.080017089844
327.310650296293	817.919982910156
330.193187285945	809.799987792969
333.074773770929	802.799987792969
335.955410193855	800.760009765625
338.835096997075	798.719970703125
341.713834622655	797.599975585938
344.59162351239	797.840026855469
347.468464107802	796.119995117188
350.344356850137	796.52001953125
353.219302180373	795.719970703125
356.093300539208	796.239990234375
358.966352367073	795.440002441406
361.838458104123	794.760009765625
364.70961819024	794.280029296875
367.579833065031	794.840026855469
370.449103167837	795.919982910156
373.317428937727	795
376.184810813496	795.119995117188
379.051249233659	794.359985351563
381.916744636474	794.840026855469
384.78129745992	795.119995117188
387.644908141706	794.719970703125
390.50757711927	795.159973144531
393.36930482978	794.47998046875
396.23009171014	795.52001953125
399.089938196969	794.359985351563
401.948844726631	794.359985351563
404.806811735214	795.080017089844
407.66383965853	795.039978027344
410.519928932138	794.359985351563
413.375079991314	794.679992675781
416.229293271071	795.159973144531
419.082569206155	795.52001953125
421.934908231031	794.799987792969
424.786310779917	795.039978027344
427.636777286748	794.359985351563
430.486308185189	794.799987792969
433.334903908649	795.200012207031
436.182564890262	795.559997558594
439.029291562898	796
441.875084359157	795.159973144531
444.719943711374	795.47998046875
447.563870051618	795.640014648438
450.406863811695	795.039978027344
453.248925423132	794.719970703125
456.090055317208	795.200012207031
458.93025392492	795.119995117188
461.76952167701	794.559997558594
464.60785900395	794.239990234375
467.44526633595	795.440002441406
470.281744102955	795.320007324219
473.117292734635	795.039978027344
475.951912660415	795.440002441406
478.785604309439	794.559997558594
481.618368110592	794.400024414063
484.450204492499	794.280029296875
487.281113883518	795.159973144531
490.111096711738	795.119995117188
492.940153404999	794.719970703125
495.768284390864	795.840026855469
498.595490096635	794.880004882813
501.421770949366	795
504.247127375825	796.159973144531
507.071559802537	796.039978027344
509.89506865575	795.719970703125
512.717654361473	795.640014648438
515.539317345424	795.840026855469
518.360058033083	795.640014648438
521.179876849652	796.200012207031
523.998774220083	795.599975585938
526.816750569068	795.039978027344
529.633806321025	796.080017089844
532.44994190013	795.359985351563
535.265157730284	794.919982910156
538.079454235133	795.080017089844
540.892831838066	794.359985351563
543.705290962208	794.47998046875
546.516832030424	795.119995117188
549.32745546533	794.640014648438
552.137161689268	794.440002441406
554.945951124325	795.200012207031
557.753824192341	794.760009765625
560.560781314883	795.159973144531
563.36682291327	794.960021972656
566.171949408555	794.960021972656
568.976161221537	794.880004882813
571.779458772759	794.440002441406
574.5818424825	794.440002441406
577.383312770792	795.400024414063
580.183870057402	794.760009765625
582.983514761843	794.039978027344
585.782247303363	795.200012207031
588.580068100976	795
591.376977573414	795.52001953125
594.172976139164	794.280029296875
596.968064216463	795.119995117188
599.762242223282	794.559997558594
602.555510577335	794.400024414063
605.347869696099	793.679992675781
608.139319996771	795.239990234375
610.929861896313	794.200012207031
613.719495811421	793.280029296875
616.508222158541	793.440002441406
619.296041353863	794.559997558594
622.082953813324	795
624.868959952607	793.559997558594
627.654060187137	794.559997558594
630.438254932094	793.280029296875
633.221544602397	794.640014648438
636.003929612719	794.559997558594
638.785410377468	793.880004882813
641.565987310814	794.200012207031
644.345660826665	794.47998046875
647.124431338674	794.559997558594
649.902299260252	794.960021972656
652.679265004552	794
655.455328984475	794.679992675781
658.230491612671	793.799987792969
661.004753301541	795.080017089844
663.778114463229	794.159973144531
666.550575509631	794.52001953125
669.322136852395	794.280029296875
672.092798902916	793.880004882813
674.862562072336	794.280029296875
677.631426771548	794.719970703125
680.399393411204	794.200012207031
683.166462401689	794.840026855469
685.93263415315	794.679992675781
688.697909075486	793.47998046875
691.462287578337	793.640014648438
694.225770071098	793.799987792969
696.988356962926	794.359985351563
699.750048662705	793.760009765625
702.5108455791	794.239990234375
705.270748120503	794.159973144531
708.029756695068	793.280029296875
710.787871710705	794.239990234375
713.545093575065	793.960021972656
716.301422695566	794.919982910156
719.056859479364	794.52001953125
721.811404333376	794.599975585938
724.56505766427	794
727.317819878473	795.039978027344
730.069691382148	795.47998046875
732.820672581226	794.52001953125
735.570763881396	793.719970703125
738.319965688092	794.039978027344
741.068278406496	794.52001953125
743.815702441559	795.039978027344
746.562238197974	794.640014648438
749.307886080196	795.239990234375
752.052646492436	794.880004882813
754.796519838656	795.280029296875
757.539506522567	794.799987792969
760.28160694765	794.679992675781
763.022821517128	794.159973144531
765.76315063399	795
768.502594700972	795.719970703125
771.241154120572	795.559997558594
773.978829295045	795.080017089844
776.715620626397	795.440002441406
779.451528516396	796.159973144531
782.186553366565	795.880004882813
784.920695578179	796.880004882813
787.653955552283	795.840026855469
790.386333689662	795.599975585938
793.117830390877	795.880004882813
795.848446056227	795.080017089844
798.578181085792	794.719970703125
801.307035879389	793.840026855469
804.035010836599	794.719970703125
806.762106356774	794.559997558594
809.488322839013	794.679992675781
812.213660682169	794.599975585938
814.938120284866	794.440002441406
817.661702045482	794.960021972656
820.384406362153	794.320007324219
823.10623363278	794
825.827184255014	794.799987792969
828.547258626283	794.760009765625
831.266457143747	795.400024414063
833.984780204358	794.640014648438
836.702228204804	794.640014648438
839.418801541552	794.52001953125
842.134500610814	794.52001953125
844.849325808575	793.320007324219
847.563277530579	795.320007324219
850.276356172319	794.679992675781
852.988562129066	795.080017089844
855.69989579585	795.200012207031
858.410357567456	794.799987792969
861.119947838428	794.960021972656
863.828667003087	794.919982910156
866.536515455503	794.200012207031
869.243493589517	794.400024414063
871.949601798728	793.440002441406
874.654840476504	794
877.359210015961	794.200012207031
880.062710810003	794
882.765343251273	794.200012207031
885.467107732191	794.52001953125
888.168004644938	793.52001953125
890.868034381467	793.919982910156
893.567197333476	794.320007324219
896.265493892445	794.559997558594
898.962924449614	793.960021972656
901.659489395985	793.679992675781
904.355189122325	794.239990234375
907.050024019165	795.119995117188
909.743994476809	794.760009765625
912.437100885322	793.599975585938
915.129343634532	794.359985351563
917.820723114032	794.039978027344
920.511239713189	793.960021972656
923.200893821127	794.320007324219
925.889685826744	794.760009765625
928.577616118699	794.719970703125
931.264685085419	795
933.950893115098	794.960021972656
936.6362405957	794.159973144531
939.320727914956	794.760009765625
942.004355460359	795.280029296875
944.687123619173	794.599975585938
947.369032778431	795.200012207031
950.050083324934	793.719970703125
952.730275645247	795
955.409610125711	795.200012207031
958.088087152423	794.400024414063
960.765707111263	795.52001953125
963.442470387871	794.239990234375
966.118377367657	794.200012207031
968.793428435798	794.640014648438
971.467623977254	793.559997558594
974.140964376739	794.880004882813
976.813450018737	793.840026855469
979.485081287511	794.280029296875
982.155858567087	793.239990234375
984.825782241271	793.719970703125
987.494852693624	794.320007324219
990.163070307487	794.760009765625
992.830435465978	794.799987792969
995.496948551973	794.200012207031
998.162609948122	794.52001953125
1000.82742003685	796.320007324219
1003.49137920036	798.400024414063
1006.15448782061	797.320007324219
1008.81674627934	796.200012207031
1011.47815495806	794.679992675781
1014.13871423805	792.960021972656
1016.79842450037	793.359985351563
1019.45728612586	793.52001953125
1022.11529949509	792.640014648438
1024.77246498846	792.47998046875
1027.4287829861	792.52001953125
1030.08425386792	793.119995117188
1032.73887801363	794.52001953125
1035.3926558027	793.280029296875
1038.04558761435	793.47998046875
1040.69767382761	793
1043.34891482125	793.919982910156
1045.99931097384	793.559997558594
1048.64886266371	792.880004882813
1051.29757026898	793.679992675781
1053.94543416753	793.440002441406
1056.59245473701	793.239990234375
1059.23863235486	793.919982910156
1061.8839673983	793.760009765625
1064.5284602443	793.239990234375
1067.17211126962	793.559997558594
1069.8149208508	794.280029296875
1072.45688936415	793.919982910156
1075.09801718577	794.320007324219
1077.7383046915	793.559997558594
1080.377752257	793.359985351563
1083.01636025767	793.52001953125
1085.65412906872	794.159973144531
1088.2910590651	794.280029296875
1090.92715062157	794.559997558594
1093.56240411266	795.280029296875
1096.19681991265	795.239990234375
1098.83039839564	795.400024414063
1101.46313993547	794.559997558594
1104.09504490579	794.880004882813
1106.72611368	793.280029296875
1109.35634663129	793.599975585938
1111.98574413263	792.799987792969
1114.61430655677	792.960021972656
1117.24203427624	792.47998046875
1119.86892766333	794.080017089844
1122.49498709014	793.119995117188
1125.12021292851	793.719970703125
1127.74460555011	793.119995117188
1130.36816532634	793
1132.99089262841	792.840026855469
1135.6127878273	792.919982910156
1138.23385129376	791.840026855469
1140.85408339834	791.080017089844
1143.47348451137	791.359985351563
1146.09205500294	791.200012207031
1148.70979524293	791.52001953125
1151.326705601	791.719970703125
1153.9427864466	791.52001953125
1156.55803814896	791.679992675781
1159.17246107707	791.840026855469
1161.78605559974	791.640014648438
1164.39882208551	792
1167.01076090276	792.119995117188
1169.6218724196	792.320007324219
1172.23215700396	792.799987792969
1174.84161502352	792.159973144531
1177.45024684578	792.599975585938
1180.05805283799	792.400024414063
1182.66503336719	791.960021972656
1185.27118880021	792.239990234375
1187.87651950367	792.719970703125
1190.48102584395	791.599975585938
1193.08470818723	791.799987792969
1195.68756689948	792.840026855469
1198.28960234643	792
1200.89081489363	791.280029296875
1203.49120490636	792.559997558594
1206.09077274974	792.640014648438
1208.68951878864	792.719970703125
1211.28744338773	794.080017089844
1213.88454691145	794.320007324219
1216.48082972404	794.119995117188
1219.07629218953	793.47998046875
1221.6709346717	793.599975585938
1224.26475753416	793.799987792969
1226.85776114028	794
1229.44994585322	795.119995117188
1232.04131203592	794.440002441406
1234.63186005112	794.280029296875
1237.22159026133	796.200012207031
1239.81050302886	795.799987792969
1242.3985987158	795.400024414063
1244.98587768402	796.840026855469
1247.5723402952	796.719970703125
1250.15798691078	796.679992675781
1252.74281789199	796.760009765625
1255.32683359987	797.559997558594
1257.91003439523	796.200012207031
1260.49242063865	796.679992675781
1263.07399269055	795.919982910156
1265.65475091108	795.679992675781
1268.23469566021	795.880004882813
1270.81382729769	795.679992675781
1273.39214618306	795.559997558594
1275.96965267566	795.320007324219
1278.54634713458	794.919982910156
1281.12222991875	794.359985351563
1283.69730138685	796
1286.27156189737	795.719970703125
1288.84501180858	795.359985351563
1291.41765147853	795.599975585938
1293.98948126509	795.52001953125
1296.56050152589	795.840026855469
1299.13071261837	795.559997558594
1301.70011489973	796.159973144531
1304.268708727	795.52001953125
1306.83649445698	795.080017089844
1309.40347244625	795.320007324219
1311.96964305119	796.47998046875
1314.53500662799	796.320007324219
1317.0995635326	796
1319.66331412077	795.799987792969
1322.22625874806	796.280029296875
1324.7883977698	797.960021972656
1327.34973154112	795.599975585938
1329.91026041694	795.080017089844
1332.46998475197	795
1335.0289049007	796.200012207031
1337.58702121746	795.919982910156
1340.14433405631	796.359985351563
1342.70084377115	796.47998046875
1345.25655071563	795.760009765625
1347.81145524323	795.640014648438
1350.36555770721	794.52001953125
1352.91885846062	793.640014648438
1355.47135785631	793.280029296875
1358.02305624691	793.239990234375
1360.57395398486	792.760009765625
1363.12405142237	792.039978027344
1365.67334891148	792.359985351563
1368.22184680399	793.119995117188
1370.76954545151	793.159973144531
1373.31644520545	792.719970703125
1375.86254641699	792.359985351563
1378.40784943713	792.840026855469
1380.95235461666	792.159973144531
1383.49606230615	791.440002441406
1386.03897285598	791.640014648438
1388.58108661632	792.52001953125
1391.12240393713	792.039978027344
1393.66292516818	791.47998046875
1396.20265065903	791.840026855469
1398.74158075901	792.760009765625
1401.2797158173	792.799987792969
1403.81705618282	792.039978027344
1406.35360220431	792.679992675781
1408.88935423032	791.239990234375
1411.42431260919	791.640014648438
1413.95847768903	791.760009765625
1416.49184981777	791.400024414063
1419.02442934314	791.080017089844
1421.55621661266	791.919982910156
1424.08721197364	792.359985351563
1426.61741577321	792.760009765625
1429.14682835828	792.760009765625
1431.67545007555	792.799987792969
1434.20328127153	792.47998046875
1436.73032229253	792.239990234375
1439.25657348466	794.239990234375
1441.78203519381	794.960021972656
1444.3067077657	795.320007324219
1446.83059154581	795.640014648438
1449.35368687944	796.760009765625
1451.8759941117	795.719970703125
1454.39751358748	796.239990234375
1456.91824565148	796.359985351563
1459.43819064818	794.640014648438
1461.95734892189	795.440002441406
1464.4757208167	794.880004882813
1466.99330667649	794.799987792969
1469.51010684497	792.840026855469
1472.02612166564	792.799987792969
1474.54135148177	792.960021972656
1477.05579663646	792.719970703125
1479.56945747262	791.52001953125
1482.08233433293	792.559997558594
1484.59442755989	792.080017089844
1487.10573749579	791.599975585938
1489.61626448275	791.400024414063
1492.12600886264	790.239990234375
1494.63497097718	790.840026855469
1497.14315116786	789.559997558594
1499.65054977599	788.280029296875
1502.15716714267	788.359985351563
1504.66300360881	788.799987792969
1507.16805951512	788.719970703125
1509.67233520211	788.239990234375
1512.1758310101	788.239990234375
1514.67854727919	789.039978027344
1517.18048434931	788.400024414063
1519.68164256018	788.919982910156
1522.18202225132	788.119995117188
1524.68162376207	788.559997558594
1527.18044743155	787.440002441406
1529.67849359869	788.320007324219
1532.17576260224	787.719970703125
1534.67225478072	787.760009765625
1537.1679704725	788.440002441406
1539.66291001572	788.719970703125
1542.15707374832	788
1544.65046200807	788.47998046875
1547.14307513254	788.960021972656
1549.63491345907	789
1552.12597732485	788.640014648438
1554.61626706685	788.880004882813
1557.10578302185	789.47998046875
1559.59452552644	789.840026855469
1562.082494917	789.559997558594
1564.56969152973	789.679992675781
1567.05611570064	790
1569.54176776552	790.599975585938
1572.02664806	791.159973144531
1574.51075691949	791.47998046875
1576.99409467921	791.840026855469
1579.4766616742	792.039978027344
1581.95845823929	790.960021972656
1584.43948470912	791.400024414063
1586.91974141815	790.559997558594
1589.39922870064	791.280029296875
1591.87794689064	790.719970703125
1594.35589632202	791.039978027344
1596.83307732848	790.919982910156
1599.30949024348	790.47998046875
1601.78513540033	791.640014648438
1604.26001313211	792.359985351563
1606.73412377175	791.599975585938
1609.20746765196	792.039978027344
1611.68004510526	791.640014648438
1614.15185646398	791.719970703125
1616.62290206026	792.640014648438
1619.09318222605	792.039978027344
1621.56269729311	792.239990234375
1624.031447593	793.400024414063
1626.4994334571	793.47998046875
1628.9666552166	792.47998046875
1631.43311320248	792.320007324219
1633.89880774554	793.280029296875
1636.3637391764	793.320007324219
1638.82790782548	793.440002441406
1641.29131402301	793.159973144531
1643.75395809903	794.359985351563
1646.21584038339	794.719970703125
1648.67696120575	794.599975585938
1651.13732089558	796.280029296875
1653.59691978216	797.119995117188
1656.05575819459	796.559997558594
1658.51383646175	795.719970703125
1660.97115491238	797.400024414063
1663.42771387498	795.159973144531
1665.8835136779	795.960021972656
1668.33855464928	795.640014648438
1670.79283711708	796.52001953125
1673.24636140907	795.200012207031
1675.69912785282	794.200012207031
1678.15113677572	793.559997558594
1680.602388505	794.400024414063
1683.05288336764	792.960021972656
1685.50262169049	792.47998046875
1687.95160380019	792.159973144531
1690.39983002318	791
1692.84730068573	790.080017089844
1695.29401611392	790.119995117188
1697.73997663364	789.52001953125
1700.18518257059	789.679992675781
1702.6296342503	789.039978027344
1705.07333199807	788.239990234375
1707.51627613907	786.960021972656
1709.95846699824	787.239990234375
1712.39990490036	787.359985351563
1714.84059017001	787.159973144531
1717.28052313159	786.559997558594
1719.7197041093	786.919982910156
1722.15813342718	786.200012207031
1724.59581140906	786.640014648438
1727.03273837859	786.52001953125
1729.46891465926	785.719970703125
1731.90434057432	785.799987792969
1734.3390164469	785.719970703125
1736.7729425999	785.719970703125
1739.20611935604	786.239990234375
1741.63854703787	785.760009765625
1744.07022596776	785.159973144531
1746.50115646787	785.599975585938
1748.93133886019	785.440002441406
1751.36077346652	785.039978027344
1753.7894606085	784.840026855469
1756.21740060755	785.320007324219
1758.64459378494	784.880004882813
1761.07104046172	784.880004882813
1763.49674095879	784.559997558594
1765.92169559684	784.280029296875
1768.3459046964	784.47998046875
1770.7693685778	784.359985351563
1773.1920875612	784.840026855469
1775.61406196656	784.440002441406
1778.03529211367	784.960021972656
1780.45577832214	784.039978027344
1782.87552091138	784.760009765625
1785.29452020064	785.239990234375
1787.71277650897	784.640014648438
1790.13029015525	784.320007324219
1792.54706145817	785.200012207031
1794.96309073625	784.320007324219
1797.3783783078	784.640014648438
1799.79292449097	784.799987792969
1802.20672960375	784.47998046875
1804.61979396389	784.320007324219
1807.03211788902	784.640014648438
1809.44370169655	784.239990234375
1811.85454570373	783.760009765625
1814.2646502276	784.280029296875
1816.67401558506	784
1819.0826420928	784.119995117188
1821.49053006734	784.640014648438
1823.89767982501	784.200012207031
1826.30409168198	783.840026855469
1828.70976595422	783.799987792969
1831.11470295753	784.080017089844
1833.51890300752	784.280029296875
1835.92236641964	784.080017089844
1838.32509350914	784.239990234375
1840.72708459111	784.200012207031
1843.12833998044	783.679992675781
1845.52885999184	783.919982910156
1847.92864493987	783.760009765625
1850.32769513889	784.239990234375
1852.72601090307	783.719970703125
1855.12359254642	783.840026855469
1857.52044038278	783.640014648438
1859.91655472578	784.47998046875
1862.31193588889	784.239990234375
1864.70658418542	784.47998046875
1867.10049992847	783.679992675781
1869.49368343096	784.640014648438
1871.88613500568	783.960021972656
1874.27785496518	784.760009765625
1876.66884362188	783.880004882813
1879.059101288	784.320007324219
1881.44862827559	784
1883.8374248965	784
1886.22549146246	783.679992675781
1888.61282828495	783.760009765625
1890.99943567534	783.559997558594
1893.38531394477	783.239990234375
1895.77046340424	783.760009765625
1898.15488436455	784.200012207031
1900.53857713634	784.119995117188
1902.92154203006	784.119995117188
1905.303779356	783.679992675781
1907.68528942426	784.119995117188
1910.06607254477	783.719970703125
1912.44612902729	784.47998046875
1914.82545918139	783.799987792969
1917.20406331648	783.359985351563
1919.58194174178	783.719970703125
1921.95909476634	783.840026855469
1924.33552269905	783.559997558594
1926.71122584861	783.599975585938
1929.08620452353	783.799987792969
1931.46045903219	783.840026855469
1933.83398968275	783.320007324219
1936.20679678322	784
1938.57888064142	783.599975585938
1940.95024156502	784.679992675781
1943.3208798615	783.719970703125
1945.69079583816	783.760009765625
1948.05998980213	783.919982910156
1950.42846206038	783.880004882813
1952.79621291969	783.440002441406
1955.16324268668	784.239990234375
1957.52955166778	783.679992675781
1959.89514016927	783.559997558594
1962.26000849723	784.52001953125
1964.62415695759	783.640014648438
1966.98758585609	783.119995117188
1969.3502954983	783.679992675781
1971.71228618964	783.840026855469
1974.07355823532	783.719970703125
1976.43411194042	783.640014648438
1978.79394760981	783.919982910156
1981.1530655482	784
1983.51146606014	783.799987792969
1985.86914944999	784.400024414063
1988.22611602196	784.119995117188
1990.58236608007	784.400024414063
1992.93789992817	783.679992675781
1995.29271786995	783.719970703125
1997.64682020892	784.200012207031
2000.00020724843	783.599975585938
2002.35287929162	784.320007324219
2004.70483664152	784.47998046875
2007.05607960095	784.239990234375
2009.40660847256	784
2011.75642355884	783.599975585938
2014.1055251621	783.239990234375
2016.4539135845	783.840026855469
2018.80158912802	783.880004882813
2021.14855209444	783.960021972656
2023.49480278542	784.679992675781
2025.84034150242	784.239990234375
2028.18516854673	783.719970703125
2030.52928421948	784.159973144531
2032.87268882163	783.880004882813
2035.21538265398	783.880004882813
2037.55736601713	784.159973144531
2039.89863921153	784.400024414063
2042.23920253747	784.080017089844
2044.57905629506	783.559997558594
2046.91820078425	783.880004882813
2049.2566363048	783.760009765625
2051.59436315633	784.559997558594
2053.93138163827	784.359985351563
2056.2676920499	784.239990234375
2058.6032946903	783.559997558594
2060.93818985843	783.880004882813
2063.27237785303	783.640014648438
2065.60585897272	783.880004882813
2067.93863351592	784.359985351563
2070.27070178089	783.47998046875
2072.60206406574	784.320007324219
2074.93272066838	784.280029296875
2077.26267188658	784.080017089844
2079.59191801793	784.400024414063
2081.92045935985	784.400024414063
2084.24829620962	784.200012207031
2086.57542886431	784.159973144531
2088.90185762087	784.599975585938
2091.22758277604	784.280029296875
2093.55260462643	783.880004882813
2095.87692346845	783.960021972656
2098.20053959837	784.599975585938
2100.52345331229	784.039978027344
2102.84566490614	784.280029296875
2105.16717467567	783.960021972656
2107.48798291649	784.320007324219
2109.80808992403	784
2112.12749599355	783.719970703125
2114.44620142016	783.359985351563
2116.7642064988	784.080017089844
2119.08151152423	784.080017089844
2121.39811679106	784.239990234375
2123.71402259374	783.919982910156
2126.02922922653	783.719970703125
2128.34373698356	784.159973144531
2130.65754615876	784.400024414063
2132.97065704594	783.880004882813
2135.28306993869	783.919982910156
2137.59478513047	783.280029296875
2139.90580291459	784.039978027344
2142.21612358416	784.200012207031
2144.52574743214	784.400024414063
2146.83467475134	784.47998046875
2149.1429058344	784
2151.45044097377	784.080017089844
2153.75728046178	784.159973144531
2156.06342459057	784.52001953125
2158.36887365212	784.799987792969
2160.67362793825	784.280029296875
2162.97768774061	784.039978027344
2165.28105335071	784.679992675781
2167.58372505987	784.559997558594
2169.88570315926	783.840026855469
2172.18698793988	784.599975585938
2174.48757969258	784.359985351563
2176.78747870805	784.679992675781
2179.08668527679	783.880004882813
2181.38519968917	783.880004882813
2183.68302223538	783.799987792969
2185.98015320547	783.52001953125
2188.27659288929	784.440002441406
2190.57234157656	783.52001953125
2192.86739955682	784
2195.16176711948	783.799987792969
2197.45544455375	783.919982910156
2199.74843214869	783.880004882813
2202.04073019322	783.119995117188
2204.33233897607	783.679992675781
2206.62325878583	783.679992675781
2208.91348991093	784
2211.20303263961	783.47998046875
2213.49188726	782.960021972656
2215.78005406001	783.640014648438
2218.06753332744	783.559997558594
2220.35432534991	784.359985351563
2222.64043041487	784.239990234375
2224.92584880964	783.280029296875
2227.21058082134	783.359985351563
2229.49462673696	783.320007324219
2231.77798684332	783.239990234375
2234.06066142709	783.559997558594
2236.34265077477	783.52001953125
2238.62395517269	783.760009765625
2240.90457490706	783.679992675781
2243.18451026388	784.039978027344
2245.46376152904	782.919982910156
2247.74232898823	783.359985351563
2250.02021292701	782.679992675781
2252.29741363077	783.200012207031
2254.57393138475	784
2256.849766474	783
2259.12491918346	783.280029296875
2261.39938979788	783.039978027344
2263.67317860185	783.159973144531
2265.94628587983	783.440002441406
2268.2187119161	783.280029296875
2270.49045699478	783.359985351563
2272.76152139985	783.359985351563
2275.03190541511	783.200012207031
2277.30160932421	783.52001953125
2279.57063341067	783.359985351563
2281.83897795781	783.679992675781
2284.10664324882	783.039978027344
2286.37362956672	783.599975585938
2288.63993719439	782.760009765625
2290.90556641454	782.840026855469
2293.17051750973	783.039978027344
2295.43479076235	782.640014648438
2297.69838645465	782.880004882813
2299.96130486871	783.080017089844
2302.22354628647	782.919982910156
2304.48511098971	783.239990234375
2306.74599926003	783.320007324219
2309.00621137891	782.960021972656
2311.26574762765	783.080017089844
2313.52460828741	782.840026855469
2315.78279363917	782.840026855469
2318.04030396379	783.039978027344
2320.29713954195	783.119995117188
2322.55330065418	782.760009765625
2324.80878758085	783.320007324219
2327.06360060219	783.200012207031
2329.31773999826	783.320007324219
2331.57120604897	783
2333.82399903409	782.679992675781
2336.0761192332	783.119995117188
2338.32756692577	783.239990234375
2340.57834239108	783.039978027344
2342.82844590827	782.760009765625
2345.07787775633	782.52001953125
2347.32663821409	782.840026855469
2349.57472756023	782.599975585938
2351.82214607327	783.239990234375
2354.06889403158	783.320007324219
2356.31497171337	782.880004882813
2358.56037939672	782.640014648438
2360.80511735953	782.840026855469
2363.04918587955	782.760009765625
2365.29258523439	783.080017089844
2367.5353157015	782.679992675781
2369.77737755817	782.640014648438
2372.01877108156	782.919982910156
2374.25949654865	782.719970703125
2376.49955423629	782.359985351563
2378.73894442115	782.080017089844
2380.97766737977	782.919982910156
2383.21572338855	782.840026855469
2385.45311272369	783.159973144531
2387.68983566129	782.760009765625
2389.92589247727	782.760009765625
2392.1612834474	782.47998046875
2394.39600884731	782.119995117188
2396.63006895246	782.239990234375
2398.86346403818	782.559997558594
2401.09619437962	782.640014648438
2403.32826025182	782.880004882813
2405.55966192963	782.400024414063
2407.79039968777	782.599975585938
2410.0204738008	782.640014648438
2412.24988454313	782.119995117188
2414.47863218902	782.760009765625
2416.70671701258	782
2418.93413928778	782.159973144531
2421.16089928842	782.200012207031
2423.38699728817	783.159973144531
2425.61243356052	782.400024414063
2427.83720837884	782.640014648438
2430.06132201633	782.440002441406
2432.28477474606	782.640014648438
2434.50756684093	782.200012207031
2436.72969857371	782.47998046875
2438.95117021699	782.400024414063
2441.17198204325	782.599975585938
2443.39213432478	782.640014648438
2445.61162733376	782.760009765625
2447.83046134218	782.760009765625
2450.04863662192	781.719970703125
2452.26615344468	782.359985351563
2454.48301208203	781.960021972656
2456.69921280539	782.760009765625
2458.91475588602	782.320007324219
2461.12964159504	782.320007324219
2463.34387020342	782.760009765625
2465.55744198198	782.320007324219
2467.77035720139	782.440002441406
2469.98261613217	782.359985351563
2472.1942190447	782.039978027344
2474.40516620922	782.440002441406
2476.6154578958	782.359985351563
2478.82509437436	781.919982910156
2481.03407591471	782.400024414063
2483.24240278646	782.640014648438
2485.45007525911	782.47998046875
2487.65709360202	782.799987792969
2489.86345808435	782.760009765625
2492.06916897518	782.880004882813
2494.27422654339	782.559997558594
2496.47863105774	782.239990234375
2498.68238278683	782.359985351563
2500.88548199912	782.359985351563
2503.08792896294	782.320007324219
2505.28972394643	782.440002441406
2507.49086721763	782.679992675781
2509.6913590444	782.640014648438
2511.89119969447	783.039978027344
2514.09038943543	782.880004882813
2516.2889285347	782.320007324219
2518.48681725957	782.799987792969
2520.6840558772	782.320007324219
2522.88064465456	782.119995117188
2525.07658385852	782.47998046875
2527.27187375578	782.52001953125
2529.4665146129	782.599975585938
2531.66050669629	781.880004882813
2533.85385027222	782.679992675781
2536.04654560681	782.559997558594
2538.23859296605	782.280029296875
2540.42999261577	782.359985351563
2542.62074482166	782.080017089844
2544.81084984925	782.159973144531
2547.00030796395	782.880004882813
2549.18911943101	782.47998046875
2551.37728451555	782.159973144531
2553.56480348252	782.320007324219
2555.75167659675	782.400024414063
2557.93790412292	782.440002441406
2560.12348632556	782.599975585938
2562.30842346905	782.159973144531
2564.49271581764	782.52001953125
2566.67636363544	782.400024414063
2568.85936718639	782.640014648438
2571.04172673431	782.719970703125
2573.22344254288	782.239990234375
2575.40451487562	782.799987792969
2577.58494399591	782.640014648438
2579.76473016699	782.47998046875
2581.94387365196	782.400024414063
2584.12237471377	782.080017089844
2586.30023361523	782.47998046875
2588.47745061901	782.359985351563
2590.65402598763	782.52001953125
2592.82995998348	781.880004882813
2595.0052528688	782.799987792969
2597.17990490568	782.799987792969
2599.35391635608	782.039978027344
2601.52728748181	782.52001953125
2603.70001854454	782.919982910156
2605.8721098058	782.640014648438
2608.04356152698	782.47998046875
2610.21437396931	782.119995117188
2612.3845473939	782.599975585938
2614.55408206173	782.320007324219
2616.72297823359	782.359985351563
2618.89123617017	782.52001953125
2621.058856132	782.640014648438
2623.22583837949	782.840026855469
2625.39218317288	782.719970703125
2627.55789077229	782.47998046875
2629.72296143769	782.52001953125
2631.88739542891	782.599975585938
2634.05119300563	782.719970703125
2636.21435442742	782.960021972656
2638.37687995367	782.599975585938
2640.53876984365	782.52001953125
2642.70002435649	783.080017089844
2644.86064375119	782.880004882813
2647.02062828658	782.559997558594
2649.17997822137	782.719970703125
2651.33869381413	782.359985351563
2653.49677532328	782.919982910156
2655.65422300711	781.840026855469
2657.81103712378	782.47998046875
2659.96721793127	782.960021972656
2662.12276568747	782.559997558594
2664.2776806501	783.080017089844
2666.43196307675	782.719970703125
2668.58561322486	782.679992675781
2670.73863135176	782.719970703125
2672.8910177146	782.640014648438
2675.04277257043	782.799987792969
2677.19389617612	783.080017089844
2679.34438878845	782.599975585938
2681.49425066402	782.880004882813
2683.64348205931	782.440002441406
2685.79208323065	782.400024414063
2687.94005443425	783.039978027344
2690.08739592617	782.640014648438
2692.23410796233	782.960021972656
2694.38019079852	782.559997558594
2696.52564469038	783.159973144531
2698.67046989342	782.599975585938
2700.81466666302	782.640014648438
2702.9582352544	782.840026855469
2705.10117592265	783.119995117188
2707.24348892275	782.840026855469
2709.3851745095	783.52001953125
2711.5262329376	783.280029296875
2713.66666446158	783.400024414063
2715.80646933585	782.599975585938
2717.94564781468	783.880004882813
2720.08420015222	783.559997558594
2722.22212660245	783.200012207031
2724.35942741923	783.159973144531
2726.49610285628	783.239990234375
2728.63215316721	783.039978027344
2730.76757860544	783.400024414063
2732.9023794243	783.159973144531
2735.03655587697	783.960021972656
2737.17010821648	784.080017089844
2739.30303669573	783.599975585938
2741.4353415675	783.760009765625
2743.56702308442	783.760009765625
2745.69808149898	783.239990234375
2747.82851706355	783.640014648438
2749.95833003034	783.159973144531
2752.08752065145	784.159973144531
2754.21608917883	783.039978027344
2756.3440358643	783.559997558594
2758.47136095954	783.599975585938
2760.59806471609	784.039978027344
2762.72414738537	783.599975585938
2764.84960921865	783.52001953125
2766.97445046708	783.880004882813
2769.09867138166	783.440002441406
2771.22227221326	783.679992675781
2773.34525321263	783.559997558594
2775.46761463035	783.200012207031
2777.58935671691	783.280029296875
2779.71047972262	783.880004882813
2781.83098389771	783.280029296875
2783.95086949221	783.359985351563
2786.07013675607	783.559997558594
2788.18878593908	783.239990234375
2790.3068172909	783.080017089844
2792.42423106106	783.440002441406
2794.54102749895	783.599975585938
2796.65720685384	783.400024414063
2798.77276937486	783.359985351563
2800.88771531098	783.400024414063
2803.00204491107	784.280029296875
2805.11575842387	784.239990234375
2807.22885609796	782.919982910156
2809.34133818179	783.719970703125
2811.4532049237	783.880004882813
2813.56445657189	783.359985351563
2815.6750933744	783.52001953125
2817.78511557916	784.280029296875
2819.89452343398	783.799987792969
2822.00331718652	784.719970703125
2824.11149708429	784.280029296875
2826.2190633747	785.119995117188
2828.32601630502	784.919982910156
2830.43235612237	784.919982910156
2832.53808307375	784.440002441406
2834.64319740603	785.400024414063
2836.74769936595	786.239990234375
2838.85158920011	786.280029296875
2840.95486715497	787.119995117188
2843.05753347689	787.239990234375
2845.15958841206	788.760009765625
2847.26103220657	790.280029296875
2849.36186510636	791.47998046875
2851.46208735724	791.960021972656
2853.56169920488	790.719970703125
2855.66070089485	791.280029296875
2857.75909267257	791.960021972656
2859.85687478332	792.559997558594
2861.95404747225	793.840026855469
2864.05061098439	794.799987792969
2866.14656556464	794.440002441406
2868.24191145777	796.320007324219
2870.3366489084	796.880004882813
2872.43077816104	797.919982910156
2874.52429946006	798.559997558594
2876.61721304971	797.960021972656
2878.70951917409	800.159973144531
2880.8012180772	800.320007324219
2882.89231000287	800.159973144531
2884.98279519483	799.47998046875
2887.07267389667	799.200012207031
2889.16194635186	802.039978027344
2891.25061280373	801.919982910156
2893.33867349546	800.440002441406
2895.42612867015	800.679992675781
2897.51297857074	800.52001953125
2899.59922344003	800.559997558594
2901.68486352071	801.159973144531
2903.76989905533	801.400024414063
2905.85433028632	801.440002441406
2907.93815745598	804.400024414063
2910.02138080648	804.960021972656
2912.10400057985	806.119995117188
2914.186017018	806.599975585938
2916.26743036271	806.840026855469
2918.34824085563	808.039978027344
2920.4284487383	808.599975585938
2922.5080542521	809
2924.58705763829	811.080017089844
2926.66545913802	812.200012207031
2928.74325899231	811.760009765625
2930.82045744202	812.679992675781
2932.89705472792	814.679992675781
2934.97305109062	814.719970703125
2937.04844677063	814.880004882813
2939.12324200832	813.880004882813
2941.19743704393	814.760009765625
2943.27103211757	812.440002441406
2945.34402746923	811.320007324219
2947.41642333876	810.440002441406
2949.48821996592	809.200012207031
2951.55941759028	808.320007324219
2953.63001645135	807.440002441406
2955.70001678845	805
2957.76941884083	804.719970703125
2959.83822284757	805.119995117188
2961.90642904764	805.799987792969
2963.97403767988	804.960021972656
2966.04104898302	803.799987792969
2968.10746319565	804.760009765625
2970.17328055621	804.840026855469
2972.23850130305	804.280029296875
2974.30312567438	803.359985351563
2976.36715390829	803.280029296875
2978.43058624273	802.359985351563
2980.49342291553	800.400024414063
2982.55566416439	803.080017089844
2984.61731022691	802.200012207031
2986.67836134051	802.359985351563
2988.73881774255	800.440002441406
2990.79867967021	799
2992.85794736058	799.719970703125
2994.9166210506	798.760009765625
2996.97470097711	798.080017089844
2999.03218737679	798
3001.08908048622	797.320007324219
3003.14538054186	797.080017089844
3005.20108778002	797.080017089844
3007.25620243691	795.47998046875
3009.3107247486	796.47998046875
3011.36465495104	797.200012207031
3013.41799328004	796.400024414063
3015.47073997133	795.47998046875
3017.52289526045	795.799987792969
3019.57445938288	795.679992675781
3021.62543257393	795.880004882813
3023.6758150688	797.719970703125
3025.72560710258	796.52001953125
3027.77480891021	794.840026855469
3029.82342072652	795.880004882813
3031.87144278622	795.039978027344
3033.91887532389	795.799987792969
3035.96571857399	795.919982910156
3038.01197277084	797.960021972656
3040.05763814867	798.200012207031
3042.10271494154	798.280029296875
3044.14720338344	798.159973144531
3046.19110370818	798.559997558594
3048.2344161495	798.559997558594
3050.27714094097	799.080017089844
3052.31927831608	799.599975585938
3054.36082850816	800.679992675781
3056.40179175044	801.400024414063
3058.44216827602	801.039978027344
3060.48195831786	802.400024414063
3062.52116210884	802.400024414063
3064.55977988167	802.919982910156
3066.59781186897	802.080017089844
3068.63525830322	802.200012207031
3070.67211941678	803.440002441406
3072.7083954419	803.359985351563
3074.7440866107	803.080017089844
3076.77919315516	803.840026855469
3078.81371530716	804.880004882813
3080.84765329846	804.960021972656
3082.88100736068	804.440002441406
3084.91377772534	803.760009765625
3086.94596462381	804.119995117188
3088.97756828737	803.679992675781
3091.00858894714	806.599975585938
3093.03902683417	805.679992675781
3095.06888217933	807.919982910156
3097.09815521342	807.719970703125
3099.12684616709	807.559997558594
3101.15495527087	807.880004882813
3103.18248275518	808.559997558594
3105.20942885031	808.440002441406
3107.23579378642	809.359985351563
3109.26157779358	808.440002441406
3111.28678110171	809.47998046875
3113.31140394062	809.47998046875
3115.33544654	812.200012207031
3117.35890912942	813
3119.38179193832	811.840026855469
3121.40409519602	814.359985351563
3123.42581913174	816.400024414063
3125.44696397457	815.400024414063
3127.46752995345	816.719970703125
3129.48751729725	817.919982910156
3131.50692623469	816.760009765625
3133.52575699436	816.320007324219
3135.54400980476	819
3137.56168489425	820.359985351563
3139.57878249108	820.760009765625
3141.59530282337	821.159973144531
3143.61124611913	818
3145.62661260624	821.239990234375
3147.64140251247	819.840026855469
3149.65561606547	823.039978027344
3151.66925349277	825.47998046875
3153.68231502177	825.440002441406
3155.69480087977	823.320007324219
3157.70671129394	823.919982910156
3159.71804649132	826.039978027344
3161.72880669886	829.400024414063
3163.73899214336	828.159973144531
3165.74860305152	830.400024414063
3167.75763964991	829.47998046875
3169.766102165	831.719970703125
3171.77399082313	833.400024414063
3173.7813058505	835.159973144531
3175.78804747323	831.880004882813
3177.79421591731	830.239990234375
3179.79981140859	831.919982910156
3181.80483417282	830.760009765625
3183.80928443564	834.880004882813
3185.81316242255	834.679992675781
3187.81646835896	834.840026855469
3189.81920247013	835.47998046875
3191.82136498122	836.47998046875
3193.82295611727	836.840026855469
3195.82397610321	838.640014648438
3197.82442516385	836.960021972656
3199.82430352386	837.039978027344
3201.82361140782	837.679992675781
3203.82234904018	840.119995117188
3205.82051664529	838.799987792969
3207.81811444735	841.880004882813
3209.81514267047	840.359985351563
3211.81160153863	839.840026855469
3213.80749127571	842
3215.80281210545	841.52001953125
3217.79756425148	841.840026855469
3219.79174793733	842.400024414063
3221.7853633864	843.039978027344
3223.77841082196	841.719970703125
3225.77089046719	841.400024414063
3227.76280254513	843.559997558594
3229.75414727873	846.760009765625
3231.74492489081	847.359985351563
3233.73513560406	847.599975585938
3235.72477964107	845.799987792969
3237.71385722431	844.960021972656
3239.70236857614	844.559997558594
3241.6903139188	846.919982910156
3243.6776934744	846.400024414063
3245.66450746496	845.039978027344
3247.65075611237	843.400024414063
3249.63643963841	844.159973144531
3251.62155826472	847.960021972656
3253.60611221287	845.039978027344
3255.59010170428	845
3257.57352696026	847.760009765625
3259.55638820202	851.640014648438
3261.53868565064	848.679992675781
3263.52041952708	845.47998046875
3265.50159005221	844.719970703125
3267.48219744676	846.840026855469
3269.46224193136	849.159973144531
3271.44172372651	850.159973144531
3273.42064305262	845.640014648438
3275.39900012996	847.47998046875
3277.3767951787	848.799987792969
3279.35402841889	847.559997558594
3281.33070007047	850.440002441406
3283.30681035326	849.400024414063
3285.28235948698	848.239990234375
3287.25734769121	849.799987792969
3289.23177518544	848.47998046875
3291.20564218903	846.52001953125
3293.17894892124	848.599975585938
3295.1516956012	847.559997558594
3297.12388244795	850
3299.09550968039	849.880004882813
3301.06657751732	847.599975585938
3303.03708617743	846.159973144531
3305.00703587929	847.960021972656
3306.97642684135	848.599975585938
3308.94525928196	851.559997558594
3310.91353341935	850.039978027344
3312.88124947164	850.039978027344
3314.84840765683	850.080017089844
3316.81500819282	848.760009765625
3318.78105129738	847.280029296875
3320.74653718818	844.52001953125
3322.71146608278	845.919982910156
3324.67583819861	844.47998046875
3326.639653753	848.039978027344
3328.60291296317	849.960021972656
3330.56561604621	847.760009765625
3332.52776321913	845.200012207031
3334.4893546988	845.760009765625
3336.45039070198	845.47998046875
3338.41087144533	842.919982910156
3340.37079714539	847.239990234375
3342.33016801859	847.52001953125
3344.28898428124	846.159973144531
3346.24724614955	845.359985351563
3348.20495383962	847.200012207031
3350.16210756742	847.52001953125
3352.11870754883	844.359985351563
3354.07475399961	847.039978027344
3356.03024713539	850.47998046875
3357.98518717173	850.159973144531
3359.93957432403	850.679992675781
3361.89340880761	849.840026855469
3363.84669083768	845.840026855469
3365.79942062933	843.119995117188
3367.75159839753	844.039978027344
3369.70322435715	844.200012207031
3371.65429872295	846.159973144531
3373.60482170957	846.640014648438
3375.55479353155	848.799987792969
3377.50421440332	849.880004882813
3379.45308453918	850.919982910156
3381.40140415335	847.400024414063
3383.34917345991	851.039978027344
3385.29639267284	851.440002441406
3387.24306200602	847.080017089844
3389.18918167321	846.320007324219
3391.13475188806	849.400024414063
3393.07977286411	850.200012207031
3395.02424481479	848.719970703125
3396.96816795342	847.440002441406
3398.91154249322	848.559997558594
3400.85436864728	847.719970703125
3402.79664662859	844.799987792969
3404.73837665004	847.960021972656
3406.67955892439	849.719970703125
3408.62019366432	848.280029296875
3410.56028108236	851.840026855469
3412.49982139096	850.080017089844
3414.43881480247	845.440002441406
3416.37726152909	845.960021972656
3418.31516178295	846.760009765625
3420.25251577605	848.760009765625
3422.18932372029	850.880004882813
3424.12558582746	847.599975585938
3426.06130230922	848.280029296875
3427.99647337717	845.47998046875
3429.93109924274	842.400024414063
3431.8651801173	845.359985351563
3433.79871621209	845.919982910156
3435.73170773824	848.760009765625
3437.66415490678	847.239990234375
3439.59605792862	846.119995117188
3441.52741701458	848.080017089844
3443.45823237536	846.359985351563
3445.38850422154	845.52001953125
3447.31823276362	844.919982910156
3449.24741821196	849.880004882813
3451.17606077684	848.719970703125
3453.10416066842	848.47998046875
3455.03171809674	846.719970703125
3456.95873327175	844.320007324219
3458.88520640329	846.359985351563
3460.81113770109	846.359985351563
3462.73652737477	843.599975585938
3464.66137563383	842.719970703125
3466.58568268769	843.52001953125
3468.50944874565	841.159973144531
3470.43267401689	838.960021972656
3472.3553587105	841.640014648438
3474.27750303545	839.080017089844
3476.19910720062	839.159973144531
3478.12017141476	840.960021972656
3480.04069588654	841.440002441406
3481.9606808245	841.599975585938
3483.88012643707	841.919982910156
3485.79903293259	843.320007324219
3487.7174005193	841.559997558594
3489.63522940532	838.559997558594
3491.55251979864	833.919982910156
3493.46927190719	833.200012207031
3495.38548593877	831.320007324219
3497.30116210107	829.559997558594
3499.21630060167	830.960021972656
3501.13090164807	828.919982910156
3503.04496544763	831.159973144531
3504.95849220763	830.599975585938
3506.87148213523	826.080017089844
3508.78393543748	826.840026855469
3510.69585232134	827.200012207031
3512.60723299365	825.159973144531
3514.51807766116	824.599975585938
3516.42838653049	826.400024414063
3518.33815980819	827.080017089844
3520.24739770066	826.440002441406
3522.15610041423	824.080017089844
3524.06426815511	826.359985351563
3525.9719011294	823.599975585938
3527.87899954311	822.039978027344
3529.78556360213	822.239990234375
3531.69159351225	823.039978027344
3533.59708947916	824.47998046875
3535.50205170844	821.119995117188
3537.40648040556	817.960021972656
3539.3103757759	817.440002441406
3541.21373802472	817.200012207031
3543.11656735717	818.359985351563
3545.01886397833	818.440002441406
3546.92062809313	815.880004882813
3548.82185990643	815.919982910156
3550.72255962297	814.880004882813
3552.62272744738	814.239990234375
3554.5223635842	813.400024414063
3556.42146823786	813.640014648438
3558.32004161268	814.799987792969
3560.21808391289	813.640014648438
3562.11559534259	811.719970703125
3564.01257610581	809.880004882813
3565.90902640645	808.760009765625
3567.80494644831	810.080017089844
3569.7003364351	811.440002441406
3571.59519657042	810.760009765625
3573.48952705774	810.559997558594
3575.38332810048	810.760009765625
3577.27659990191	809.280029296875
3579.16934266521	809.080017089844
3581.06155659346	809.400024414063
3582.95324188965	807.960021972656
3584.84439875663	807.799987792969
3586.73502739718	806.880004882813
3588.62512801397	807.119995117188
3590.51470080955	805.200012207031
3592.40374598639	804.239990234375
3594.29226374685	803.919982910156
3596.18025429317	803.719970703125
3598.06771782751	802.200012207031
3599.95465455192	802.719970703125
3601.84106466834	801.640014648438
3603.72694837861	801.200012207031
3605.61230588447	802.440002441406
3607.49713738756	803.640014648438
3609.38144308942	803.039978027344
3611.26522319148	802.599975585938
3613.14847789506	801.960021972656
3615.0312074014	800.47998046875
3616.91341191162	799.47998046875
3618.79509162674	800.320007324219
3620.67624674769	799.559997558594
3622.55687747528	798.799987792969
3624.43698401024	799.919982910156
3626.31656655317	799.559997558594
3628.1956253046	797.359985351563
3630.07416046492	796.679992675781
3631.95217223446	797.239990234375
3633.82966081342	796.159973144531
3635.70662640191	796.080017089844
3637.58306919993	795.760009765625
3639.45898940739	795.679992675781
3641.33438722409	795.159973144531
3643.20926284973	794.359985351563
3645.08361648392	794.039978027344
3646.95744832614	793.640014648438
3648.8307585758	794.239990234375
3650.7035474322	794.679992675781
3652.57581509452	793.359985351563
3654.44756176188	793.400024414063
3656.31878763324	792.200012207031
3658.18949290753	792.239990234375
3660.05967778352	791.400024414063
3661.9293424599	791.280029296875
3663.79848713527	790.359985351563
3665.66711200812	790.280029296875
3667.53521727684	790.440002441406
3669.40280313972	789.760009765625
3671.26986979494	788.880004882813
3673.13641744059	788.359985351563
3675.00244627468	788.760009765625
