-140.373595351881	774.799987792969
-137.335129063906	774.47998046875
-134.297686810867	774.47998046875
-131.261268103955	774.599975585938
-128.225872454677	774.47998046875
-125.191499374839	774.760009765625
-122.158148376567	774.239990234375
-119.125818972292	775.080017089844
-116.094510674759	774.559997558594
-113.064222997021	774.47998046875
-110.034955452443	774.359985351563
-107.006707554687	774.47998046875
-103.979478817741	774.47998046875
-100.95326875589	774.799987792969
-97.928076883731	774.960021972656
-94.9039027161698	774.400024414063
-91.8807457684175	774.799987792969
-88.8586055560018	774.159973144531
-85.8374815947384	774.679992675781
-82.8173734007715	774.719970703125
-79.7982804905411	775
-76.7802023807988	774.599975585938
-73.7631385885914	774.719970703125
-70.7470886312892	774.679992675781
-67.732052026553	775.039978027344
-64.7180282923587	774.400024414063
-61.7050169469884	775.039978027344
-58.6930175090183	774.47998046875
-55.6820294973386	774.679992675781
-52.6720524311495	774.719970703125
-49.66308582994	774.599975585938
-46.6551292135171	774.719970703125
-43.6481821019882	774.559997558594
-40.6422440157577	774.840026855469
-37.6373144755424	774.919982910156
-34.6333930023594	774.559997558594
-31.630479117526	775.080017089844
-28.6285723426709	774.960021972656
-25.6276721997107	774.719970703125
-22.6277782108771	775
-19.628889898701	775.039978027344
-16.6310067860081	775.080017089844
-13.6341283959385	776.840026855469
-10.6382542519231	783.400024414063
-7.64338387769432	819.159973144531
-4.64951679729502	888.159973144531
-1.65665253506141	905.880004882813
1.33520938438089	870.080017089844
4.32606943608095	800.400024414063
7.315928094803	777.559997558594
10.3047858350146	775.080017089844
13.2926431308747	774.840026855469
16.2795004562541	774.679992675781
19.2653582847118	775
22.2502170895187	774.719970703125
25.2340773436344	774.679992675781
28.216939519735	774.760009765625
31.1988040901939	774.799987792969
34.1796715270814	774.559997558594
37.1595423021732	774.599975585938
40.1384168869468	774.440002441406
43.1162957525854	774.359985351563
46.0931793699786	774.440002441406
49.0690682097059	774.880004882813
52.0439627420619	774.640014648438
55.0178634370476	774.599975585938
57.9907707643592	775.080017089844
60.9626851933962	774.719970703125
63.9336071932735	774.799987792969
66.9035372328018	774.280029296875
69.8724757804959	774.47998046875
72.8404233045826	774.760009765625
75.8073802729932	774.599975585938
78.7733471533597	774.440002441406
81.738324413019	774.960021972656
84.702312519025	774.719970703125
87.665311938125	774.840026855469
90.6273231367761	774.640014648438
93.5883465811569	774.52001953125
96.5483827371242	774.47998046875
99.5074320702731	774.919982910156
102.465495045889	774.840026855469
105.422572128961	774.799987792969
108.378663784199	774.599975585938
111.333770476014	774.599975585938
114.287892668528	774.559997558594
117.24103082557	775.200012207031
120.193185410674	774.880004882813
123.144356887097	775.039978027344
126.094545717786	775.359985351563
129.043752365413	775.960021972656
131.991977292355	776.359985351563
134.939220960695	776.599975585938
137.885483832232	777.599975585938
140.83076636847	777.440002441406
143.775069030632	777.960021972656
146.718392279644	778.559997558594
149.660736576149	780.320007324219
152.602102380488	780
155.54249015274	781.080017089844
158.481900352672	781.760009765625
161.420333439765	782.679992675781
164.357789873227	783.760009765625
167.294270111968	785.320007324219
170.229774614617	785.52001953125
173.164303839496	787
176.097858244675	788.080017089844
179.030438287908	789.799987792969
181.962044426678	790.640014648438
184.89267711817	791.719970703125
187.822336819302	791.559997558594
190.751023986678	792.640014648438
193.678739076648	793
196.605482545255	794.320007324219
199.531254848261	794.359985351563
202.456056441152	794.840026855469
205.379887779119	794.679992675781
208.30274931708	794.760009765625
211.224641509656	795.400024414063
214.145564811189	795.159973144531
217.06551967574	794.760009765625
219.984506557089	795.679992675781
222.902525908723	795.719970703125
225.819578183856	795.440002441406
228.735663835415	795.400024414063
231.650783316047	795.359985351563
234.564937078107	794.919982910156
237.478125573679	795.599975585938
240.390349254566	795.559997558594
243.301608572278	796.280029296875
246.211903978051	797.239990234375
249.121235922839	797.400024414063
252.029604857321	798.400024414063
254.93701123188	798.919982910156
257.843455496632	799.039978027344
260.748938101415	800.320007324219
263.653459495766	801.559997558594
266.557020128967	803.119995117188
269.459620450005	803.719970703125
272.361260907595	803.679992675781
275.261941950168	804.119995117188
278.161664025874	804.280029296875
281.060427582592	803.200012207031
283.958233067921	803.280029296875
286.855080929176	801.599975585938
289.750971613398	803.320007324219
292.645905567344	802.640014648438
295.539883237503	801.960021972656
298.432905070079	802.640014648438
301.324971511007	802.919982910156
304.216083005931	802.760009765625
307.10624000023	804.200012207031
309.995442939003	807.640014648438
312.883692267071	813.640014648438
315.770988428979	823.599975585938
318.657331869	834.679992675781
321.542723031127	840.359985351563
324.427162359076	837.159973144531
327.310650296293	826.960021972656
330.193187285945	815.880004882813
333.074773770929	809.080017089844
335.955410193855	804.200012207031
338.835096997075	803.47998046875
341.713834622655	802.039978027344
344.59162351239	801.239990234375
347.468464107802	798.880004882813
350.344356850137	800.599975585938
353.219302180373	800.320007324219
356.093300539208	799.960021972656
358.966352367073	799.919982910156
361.838458104123	800.280029296875
364.70961819024	800
367.579833065031	798.719970703125
370.449103167837	799.799987792969
373.317428937727	799.440002441406
376.184810813496	798.159973144531
379.051249233659	800.400024414063
381.916744636474	799.840026855469
384.78129745992	800.239990234375
387.644908141706	799.47998046875
390.50757711927	800.159973144531
393.36930482978	797.599975585938
396.23009171014	798.440002441406
399.089938196969	799.320007324219
401.948844726631	798.400024414063
404.806811735214	800.719970703125
407.66383965853	799.840026855469
410.519928932138	800.239990234375
413.375079991314	800.320007324219
416.229293271071	798.47998046875
419.082569206155	798.719970703125
421.934908231031	799.52001953125
424.786310779917	799.159973144531
427.636777286748	798.960021972656
430.486308185189	800.280029296875
433.334903908649	799.320007324219
436.182564890262	799.719970703125
439.029291562898	800.960021972656
441.875084359157	800.080017089844
444.719943711374	800.039978027344
447.563870051618	799.440002441406
450.406863811695	798.760009765625
453.248925423132	800.840026855469
456.090055317208	799.640014648438
458.93025392492	797.919982910156
461.76952167701	798.400024414063
464.60785900395	799.359985351563
467.44526633595	799.919982910156
470.281744102955	799.640014648438
473.117292734635	798.719970703125
475.951912660415	798.640014648438
478.785604309439	799.039978027344
481.618368110592	800
484.450204492499	798.640014648438
487.281113883518	798.760009765625
490.111096711738	798.200012207031
492.940153404999	799
495.768284390864	798.799987792969
498.595490096635	799.200012207031
501.421770949366	798.799987792969
504.247127375825	800.239990234375
507.071559802537	800.119995117188
509.89506865575	800.799987792969
512.717654361473	800.640014648438
515.539317345424	799.320007324219
518.360058033083	799.880004882813
521.179876849652	799.440002441406
523.998774220083	799.359985351563
526.816750569068	800.47998046875
529.633806321025	800.719970703125
532.44994190013	799.280029296875
535.265157730284	800.200012207031
538.079454235133	798.159973144531
540.892831838066	799.640014648438
543.705290962208	799.159973144531
546.516832030424	799.080017089844
549.32745546533	799.47998046875
552.137161689268	799.799987792969
554.945951124325	799.960021972656
557.753824192341	799.080017089844
560.560781314883	798.599975585938
563.36682291327	799.239990234375
566.171949408555	799.760009765625
568.976161221537	799
571.779458772759	799.280029296875
574.5818424825	799.599975585938
577.383312770792	799.47998046875
580.183870057402	799.880004882813
582.983514761843	799.840026855469
585.782247303363	800.080017089844
588.580068100976	800.47998046875
591.376977573414	799.47998046875
594.172976139164	799.239990234375
596.968064216463	799.200012207031
599.762242223282	800.080017089844
602.555510577335	799
605.347869696099	799
608.139319996771	799.440002441406
610.929861896313	799.080017089844
613.719495811421	798.440002441406
616.508222158541	798.47998046875
619.296041353863	799.280029296875
622.082953813324	799.119995117188
624.868959952607	798.760009765625
627.654060187137	797.799987792969
630.438254932094	798.159973144531
633.221544602397	799.159973144531
636.003929612719	798.799987792969
638.785410377468	799.239990234375
641.565987310814	798.080017089844
644.345660826665	798.320007324219
647.124431338674	798.599975585938
649.902299260252	798.559997558594
652.679265004552	798.559997558594
655.455328984475	798.320007324219
658.230491612671	799.799987792969
661.004753301541	799.640014648438
663.778114463229	798.799987792969
666.550575509631	799.919982910156
669.322136852395	801.119995117188
672.092798902916	800.960021972656
674.862562072336	799.280029296875
677.631426771548	799.440002441406
680.399393411204	798.719970703125
683.166462401689	799.359985351563
685.93263415315	798.799987792969
688.697909075486	799.840026855469
691.462287578337	799.200012207031
694.225770071098	799.760009765625
696.988356962926	797.760009765625
699.750048662705	798.719970703125
702.5108455791	799.960021972656
705.270748120503	798.640014648438
708.029756695068	799.760009765625
710.787871710705	798.359985351563
713.545093575065	797.640014648438
716.301422695566	799.039978027344
719.056859479364	799.320007324219
721.811404333376	798.799987792969
724.56505766427	800.400024414063
727.317819878473	800.080017089844
730.069691382148	800.200012207031
732.820672581226	799.760009765625
735.570763881396	799.919982910156
738.319965688092	800.640014648438
741.068278406496	799.880004882813
743.815702441559	800.679992675781
746.562238197974	801.52001953125
749.307886080196	800.080017089844
752.052646492436	799.359985351563
754.796519838656	801.400024414063
757.539506522567	801.159973144531
760.28160694765	803
763.022821517128	800.760009765625
765.76315063399	800.47998046875
768.502594700972	800.679992675781
771.241154120572	800.799987792969
773.978829295045	801.960021972656
776.715620626397	800.159973144531
779.451528516396	801.719970703125
782.186553366565	802.840026855469
784.920695578179	802.119995117188
787.653955552283	804.119995117188
790.386333689662	802.359985351563
793.117830390877	802.320007324219
795.848446056227	800.039978027344
798.578181085792	800.280029296875
801.307035879389	799.799987792969
804.035010836599	800.320007324219
806.762106356774	799.880004882813
809.488322839013	800.52001953125
812.213660682169	801.52001953125
814.938120284866	801.359985351563
817.661702045482	800.359985351563
820.384406362153	799.359985351563
823.10623363278	800.840026855469
825.827184255014	799.799987792969
828.547258626283	799.799987792969
831.266457143747	800.280029296875
833.984780204358	799.440002441406
836.702228204804	799.359985351563
839.418801541552	799.719970703125
842.134500610814	799.880004882813
844.849325808575	798.239990234375
847.563277530579	799.47998046875
850.276356172319	801.47998046875
852.988562129066	800.599975585938
855.69989579585	800.799987792969
858.410357567456	799.559997558594
861.119947838428	801.359985351563
863.828667003087	800.880004882813
866.536515455503	800.320007324219
869.243493589517	799.039978027344
871.949601798728	799.640014648438
874.654840476504	800.359985351563
877.359210015961	799
880.062710810003	799.799987792969
882.765343251273	800
885.467107732191	800.400024414063
888.168004644938	801.119995117188
890.868034381467	799.47998046875
893.567197333476	800.080017089844
896.265493892445	801.599975585938
898.962924449614	800.239990234375
901.659489395985	799.280029296875
904.355189122325	799.280029296875
907.050024019165	799.599975585938
909.743994476809	799.200012207031
912.437100885322	798.47998046875
915.129343634532	800.239990234375
917.820723114032	800.239990234375
920.511239713189	798.599975585938
923.200893821127	799.640014648438
925.889685826744	800.559997558594
928.577616118699	799.799987792969
931.264685085419	801.159973144531
933.950893115098	799.840026855469
936.6362405957	800.320007324219
939.320727914956	801.359985351563
942.004355460359	801.599975585938
944.687123619173	800.239990234375
947.369032778431	800.840026855469
950.050083324934	800.52001953125
952.730275645247	800.400024414063
955.409610125711	801.359985351563
958.088087152423	801
960.765707111263	800.200012207031
963.442470387871	800.200012207031
966.118377367657	799.320007324219
968.793428435798	799.400024414063
971.467623977254	799.679992675781
974.140964376739	799.880004882813
976.813450018737	801.200012207031
979.485081287511	800.960021972656
982.155858567087	800.719970703125
984.825782241271	800.080017089844
987.494852693624	800.599975585938
990.163070307487	799.400024414063
992.830435465978	799.559997558594
995.496948551973	799.559997558594
998.162609948122	800.52001953125
1000.82742003685	802.880004882813
1003.49137920036	806.47998046875
1006.15448782061	806.400024414063
1008.81674627934	804.119995117188
1011.47815495806	801.359985351563
1014.13871423805	799.640014648438
1016.79842450037	798.679992675781
1019.45728612586	798.47998046875
1022.11529949509	798.919982910156
1024.77246498846	797.599975585938
1027.4287829861	798.400024414063
1030.08425386792	799.719970703125
1032.73887801363	799.320007324219
1035.3926558027	799.679992675781
1038.04558761435	799.239990234375
1040.69767382761	798.960021972656
1043.34891482125	799.599975585938
1045.99931097384	798.280029296875
1048.64886266371	798.880004882813
1051.29757026898	798.880004882813
1053.94543416753	800.119995117188
1056.59245473701	799.919982910156
1059.23863235486	799.760009765625
1061.8839673983	800.320007324219
1064.5284602443	799.47998046875
1067.17211126962	799.679992675781
1069.8149208508	799.640014648438
1072.45688936415	800.559997558594
1075.09801718577	800.359985351563
1077.7383046915	799.440002441406
1080.377752257	800.760009765625
1083.01636025767	800.239990234375
1085.65412906872	800.760009765625
1088.2910590651	800.359985351563
1090.92715062157	800.599975585938
1093.56240411266	799.359985351563
1096.19681991265	800.559997558594
1098.83039839564	801.200012207031
1101.46313993547	801
1104.09504490579	802.159973144531
1106.72611368	799.880004882813
1109.35634663129	798.280029296875
1111.98574413263	798.599975585938
1114.61430655677	798.080017089844
1117.24203427624	797.880004882813
1119.86892766333	798
1122.49498709014	798.080017089844
1125.12021292851	797.679992675781
1127.74460555011	798.880004882813
1130.36816532634	799.119995117188
1132.99089262841	797.359985351563
1135.6127878273	797.599975585938
1138.23385129376	796.320007324219
1140.85408339834	795.159973144531
1143.47348451137	795.840026855469
1146.09205500294	796
1148.70979524293	796.200012207031
1151.326705601	796.799987792969
1153.9427864466	797.080017089844
1156.55803814896	797.039978027344
1159.17246107707	796.760009765625
1161.78605559974	797.52001953125
1164.39882208551	797.200012207031
1167.01076090276	796.919982910156
1169.6218724196	797.039978027344
1172.23215700396	796.880004882813
1174.84161502352	797.200012207031
1177.45024684578	796.440002441406
1180.05805283799	796.760009765625
1182.66503336719	797.799987792969
1185.27118880021	796.960021972656
1187.87651950367	796.159973144531
1190.48102584395	796.200012207031
1193.08470818723	795.679992675781
1195.68756689948	796.039978027344
1198.28960234643	798.359985351563
1200.89081489363	797.599975585938
1203.49120490636	797.239990234375
1206.09077274974	799.039978027344
1208.68951878864	798.119995117188
1211.28744338773	800.039978027344
1213.88454691145	799.760009765625
1216.48082972404	798.52001953125
1219.07629218953	799.239990234375
1221.6709346717	799.080017089844
1224.26475753416	800.640014648438
1226.85776114028	801.080017089844
1229.44994585322	801.280029296875
1232.04131203592	801.559997558594
1234.63186005112	802.799987792969
1237.22159026133	805.119995117188
1239.81050302886	803.679992675781
1242.3985987158	804.919982910156
1244.98587768402	805.200012207031
1247.5723402952	804.359985351563
1250.15798691078	804.880004882813
1252.74281789199	804.239990234375
1255.32683359987	804.559997558594
1257.91003439523	805.47998046875
1260.49242063865	805.039978027344
1263.07399269055	803.52001953125
1265.65475091108	803.760009765625
1268.23469566021	803.239990234375
1270.81382729769	801.239990234375
1273.39214618306	802.200012207031
1275.96965267566	802
1278.54634713458	802.359985351563
1281.12222991875	801.880004882813
1283.69730138685	802.640014648438
1286.27156189737	803.080017089844
1288.84501180858	803.280029296875
1291.41765147853	803.640014648438
1293.98948126509	802.760009765625
1296.56050152589	801.47998046875
1299.13071261837	802.679992675781
1301.70011489973	804.119995117188
1304.268708727	803.200012207031
1306.83649445698	802.880004882813
1309.40347244625	803.359985351563
1311.96964305119	804.640014648438
1314.53500662799	804.919982910156
1317.0995635326	806.359985351563
1319.66331412077	804.400024414063
1322.22625874806	804.159973144531
1324.7883977698	805.280029296875
1327.34973154112	803.039978027344
1329.91026041694	803.919982910156
1332.46998475197	804.239990234375
1335.0289049007	804.119995117188
1337.58702121746	805.840026855469
1340.14433405631	802.799987792969
1342.70084377115	803.719970703125
1345.25655071563	804.119995117188
1347.81145524323	801.760009765625
1350.36555770721	801.159973144531
1352.91885846062	799.880004882813
1355.47135785631	799.280029296875
1358.02305624691	801.119995117188
1360.57395398486	798.200012207031
1363.12405142237	797.799987792969
1365.67334891148	797.880004882813
1368.22184680399	797.719970703125
1370.76954545151	796.52001953125
1373.31644520545	797.159973144531
1375.86254641699	798.080017089844
1378.40784943713	796.880004882813
1380.95235461666	796.760009765625
1383.49606230615	796.039978027344
1386.03897285598	797.119995117188
1388.58108661632	798
1391.12240393713	797.559997558594
1393.66292516818	796.320007324219
1396.20265065903	798.080017089844
1398.74158075901	796.840026855469
1401.2797158173	798.039978027344
1403.81705618282	797.320007324219
1406.35360220431	797.760009765625
1408.88935423032	797.320007324219
1411.42431260919	796.280029296875
1413.95847768903	796.52001953125
1416.49184981777	796.919982910156
1419.02442934314	796.679992675781
1421.55621661266	797.719970703125
1424.08721197364	797.239990234375
1426.61741577321	796.440002441406
1429.14682835828	796.47998046875
1431.67545007555	797.239990234375
1434.20328127153	798.200012207031
1436.73032229253	800.080017089844
1439.25657348466	800.760009765625
1441.78203519381	801.880004882813
1444.3067077657	801.799987792969
1446.83059154581	805.239990234375
1449.35368687944	804.760009765625
1451.8759941117	805.400024414063
1454.39751358748	804
1456.91824565148	803.039978027344
1459.43819064818	802.599975585938
1461.95734892189	802.239990234375
1464.4757208167	801.880004882813
1466.99330667649	801.039978027344
1469.51010684497	800.47998046875
1472.02612166564	799.880004882813
1474.54135148177	798.239990234375
1477.05579663646	798.559997558594
1479.56945747262	797.840026855469
1482.08233433293	797.400024414063
1484.59442755989	796.719970703125
1487.10573749579	796.440002441406
1489.61626448275	796.47998046875
1492.12600886264	794.47998046875
1494.63497097718	793.440002441406
1497.14315116786	791.760009765625
1499.65054977599	792.119995117188
1502.15716714267	791.239990234375
1504.66300360881	791.840026855469
1507.16805951512	791.599975585938
1509.67233520211	791.47998046875
1512.1758310101	791.159973144531
1514.67854727919	790.080017089844
1517.18048434931	791.280029296875
1519.68164256018	790.679992675781
1522.18202225132	790.760009765625
1524.68162376207	790.280029296875
1527.18044743155	790.039978027344
1529.67849359869	790.559997558594
1532.17576260224	790.599975585938
1534.67225478072	791.599975585938
1537.1679704725	791.239990234375
1539.66291001572	791.599975585938
1542.15707374832	791.200012207031
1544.65046200807	790.840026855469
1547.14307513254	791.400024414063
1549.63491345907	790.960021972656
1552.12597732485	791.47998046875
1554.61626706685	791.52001953125
1557.10578302185	792.599975585938
1559.59452552644	793.880004882813
1562.082494917	792.559997558594
1564.56969152973	792.919982910156
1567.05611570064	793.960021972656
1569.54176776552	794.679992675781
1572.02664806	795.320007324219
1574.51075691949	796.440002441406
1576.99409467921	795.840026855469
1579.4766616742	796.52001953125
1581.95845823929	795.159973144531
1584.43948470912	794.440002441406
1586.91974141815	795.400024414063
1589.39922870064	795.200012207031
1591.87794689064	796.280029296875
1594.35589632202	794.880004882813
1596.83307732848	794.640014648438
1599.30949024348	794.599975585938
1601.78513540033	795.719970703125
1604.26001313211	796.640014648438
1606.73412377175	797.640014648438
1609.20746765196	797.440002441406
1611.68004510526	796.200012207031
1614.15185646398	797.039978027344
1616.62290206026	797.280029296875
1619.09318222605	797.960021972656
1621.56269729311	797.159973144531
1624.031447593	796.880004882813
1626.4994334571	796.960021972656
1628.9666552166	797.47998046875
1631.43311320248	798.200012207031
1633.89880774554	798.400024414063
1636.3637391764	799.119995117188
1638.82790782548	798.880004882813
1641.29131402301	799.640014648438
1643.75395809903	799.880004882813
1646.21584038339	801.119995117188
1648.67696120575	802.359985351563
1651.13732089558	801.159973144531
1653.59691978216	802.760009765625
1656.05575819459	802.919982910156
1658.51383646175	802.239990234375
1660.97115491238	803.760009765625
1663.42771387498	803.640014648438
1665.8835136779	802.919982910156
1668.33855464928	802.52001953125
1670.79283711708	801.719970703125
1673.24636140907	801.599975585938
1675.69912785282	801.119995117188
1678.15113677572	800.799987792969
1680.602388505	798.960021972656
1683.05288336764	798.239990234375
1685.50262169049	797.039978027344
1687.95160380019	796.239990234375
1690.39983002318	795.52001953125
1692.84730068573	794.159973144531
1695.29401611392	794.159973144531
1697.73997663364	792.039978027344
1700.18518257059	791.320007324219
1702.6296342503	791.320007324219
1705.07333199807	789.52001953125
1707.51627613907	789.039978027344
1709.95846699824	788.960021972656
1712.39990490036	788.559997558594
1714.84059017001	788.200012207031
1717.28052313159	788.359985351563
1719.7197041093	787.640014648438
1722.15813342718	786.799987792969
1724.59581140906	788.080017089844
1727.03273837859	787
1729.46891465926	786.719970703125
1731.90434057432	785.599975585938
1734.3390164469	786.52001953125
1736.7729425999	785.840026855469
1739.20611935604	785.919982910156
1741.63854703787	785.400024414063
1744.07022596776	785.280029296875
1746.50115646787	786.359985351563
1748.93133886019	786.359985351563
1751.36077346652	785.880004882813
1753.7894606085	785.159973144531
1756.21740060755	785.599975585938
1758.64459378494	785
1761.07104046172	784.799987792969
1763.49674095879	785.359985351563
1765.92169559684	784.840026855469
1768.3459046964	784.719970703125
1770.7693685778	784.640014648438
1773.1920875612	784.119995117188
1775.61406196656	785.039978027344
1778.03529211367	785.359985351563
1780.45577832214	785.239990234375
1782.87552091138	784.799987792969
1785.29452020064	784.440002441406
1787.71277650897	785.440002441406
1790.13029015525	784.47998046875
1792.54706145817	784.719970703125
1794.96309073625	784.47998046875
1797.3783783078	783.880004882813
1799.79292449097	783.760009765625
1802.20672960375	783.599975585938
1804.61979396389	784.760009765625
1807.03211788902	784.119995117188
1809.44370169655	783.760009765625
1811.85454570373	784.760009765625
1814.2646502276	784
1816.67401558506	784.320007324219
1819.0826420928	784
1821.49053006734	784.280029296875
1823.89767982501	783.47998046875
1826.30409168198	783.640014648438
1828.70976595422	783.960021972656
1831.11470295753	783.640014648438
1833.51890300752	784.280029296875
1835.92236641964	783.679992675781
1838.32509350914	783.679992675781
1840.72708459111	784.119995117188
1843.12833998044	783.280029296875
1845.52885999184	784.039978027344
1847.92864493987	783.280029296875
1850.32769513889	784.080017089844
1852.72601090307	784.239990234375
1855.12359254642	783.400024414063
1857.52044038278	784.039978027344
1859.91655472578	783.719970703125
1862.31193588889	783.400024414063
1864.70658418542	783.239990234375
1867.10049992847	783.239990234375
1869.49368343096	782.679992675781
1871.88613500568	783.200012207031
1874.27785496518	783.200012207031
1876.66884362188	783.280029296875
1879.059101288	783.52001953125
1881.44862827559	783.880004882813
1883.8374248965	783
1886.22549146246	783.400024414063
1888.61282828495	783.359985351563
1890.99943567534	783.280029296875
1893.38531394477	783.359985351563
1895.77046340424	784.039978027344
1898.15488436455	783.719970703125
1900.53857713634	783
1902.92154203006	783.440002441406
1905.303779356	783.799987792969
1907.68528942426	783.52001953125
1910.06607254477	783.280029296875
1912.44612902729	782.760009765625
1914.82545918139	783.359985351563
1917.20406331648	783.239990234375
1919.58194174178	782.640014648438
1921.95909476634	783.919982910156
1924.33552269905	783.159973144531
1926.71122584861	783.200012207031
1929.08620452353	783.280029296875
1931.46045903219	783.080017089844
1933.83398968275	783.200012207031
1936.20679678322	783.080017089844
1938.57888064142	783.799987792969
1940.95024156502	782.960021972656
1943.3208798615	784
1945.69079583816	783.119995117188
1948.05998980213	784.080017089844
1950.42846206038	782.799987792969
1952.79621291969	783.679992675781
1955.16324268668	783.400024414063
1957.52955166778	782.400024414063
1959.89514016927	783.080017089844
1962.26000849723	783.159973144531
1964.62415695759	783.47998046875
1966.98758585609	783.400024414063
1969.3502954983	783
1971.71228618964	783.119995117188
1974.07355823532	782.599975585938
1976.43411194042	783.719970703125
1978.79394760981	783.080017089844
1981.1530655482	783.52001953125
1983.51146606014	783.52001953125
1985.86914944999	783.440002441406
1988.22611602196	782.799987792969
1990.58236608007	783.760009765625
1992.93789992817	783.080017089844
1995.29271786995	783.159973144531
1997.64682020892	783.640014648438
2000.00020724843	783.679992675781
2002.35287929162	783.640014648438
2004.70483664152	784.159973144531
2007.05607960095	783.080017089844
2009.40660847256	783.799987792969
2011.75642355884	783.159973144531
2014.1055251621	783.52001953125
2016.4539135845	783.039978027344
2018.80158912802	783.400024414063
2021.14855209444	783.039978027344
2023.49480278542	783.400024414063
2025.84034150242	783.799987792969
2028.18516854673	783.039978027344
2030.52928421948	783.760009765625
2032.87268882163	783
2035.21538265398	783.159973144531
2037.55736601713	783.359985351563
2039.89863921153	783.239990234375
2042.23920253747	784.280029296875
2044.57905629506	783.239990234375
2046.91820078425	783.200012207031
2049.2566363048	782.919982910156
2051.59436315633	783.119995117188
2053.93138163827	784
2056.2676920499	783.760009765625
2058.6032946903	783.400024414063
2060.93818985843	783.440002441406
2063.27237785303	784.200012207031
2065.60585897272	783.52001953125
2067.93863351592	783.47998046875
2070.27070178089	783.200012207031
2072.60206406574	783.559997558594
2074.93272066838	784.239990234375
2077.26267188658	783.47998046875
2079.59191801793	783.559997558594
2081.92045935985	783.840026855469
2084.24829620962	782.799987792969
2086.57542886431	783.840026855469
2088.90185762087	783.640014648438
2091.22758277604	784
2093.55260462643	783.799987792969
2095.87692346845	782.880004882813
2098.20053959837	783.799987792969
2100.52345331229	783.840026855469
2102.84566490614	783.359985351563
2105.16717467567	783.52001953125
2107.48798291649	783.239990234375
2109.80808992403	783.359985351563
2112.12749599355	784.200012207031
2114.44620142016	783.840026855469
2116.7642064988	784.359985351563
2119.08151152423	783.799987792969
2121.39811679106	783.960021972656
2123.71402259374	784.440002441406
2126.02922922653	784.719970703125
2128.34373698356	783.359985351563
2130.65754615876	783.559997558594
2132.97065704594	783.47998046875
2135.28306993869	783
2137.59478513047	783.679992675781
2139.90580291459	783.799987792969
2142.21612358416	783.47998046875
2144.52574743214	783.960021972656
2146.83467475134	784.239990234375
2149.1429058344	783.559997558594
2151.45044097377	783.159973144531
2153.75728046178	784.280029296875
2156.06342459057	783.52001953125
2158.36887365212	784.080017089844
2160.67362793825	783.640014648438
2162.97768774061	784.159973144531
2165.28105335071	783.799987792969
2167.58372505987	783.200012207031
2169.88570315926	783.880004882813
2172.18698793988	783.159973144531
2174.48757969258	782.840026855469
2176.78747870805	784.159973144531
2179.08668527679	783.799987792969
2181.38519968917	783.960021972656
2183.68302223538	782.840026855469
2185.98015320547	782.52001953125
2188.27659288929	783.400024414063
2190.57234157656	783.47998046875
2192.86739955682	783.760009765625
2195.16176711948	783
2197.45544455375	783.679992675781
2199.74843214869	782.760009765625
2202.04073019322	782.880004882813
2204.33233897607	783.280029296875
2206.62325878583	783
2208.91348991093	782.880004882813
2211.20303263961	783.719970703125
2213.49188726	783.320007324219
2215.78005406001	782.840026855469
2218.06753332744	782.440002441406
2220.35432534991	781.760009765625
2222.64043041487	782.239990234375
2224.92584880964	783
2227.21058082134	783.200012207031
2229.49462673696	783.200012207031
2231.77798684332	782.919982910156
2234.06066142709	783
2236.34265077477	782.679992675781
2238.62395517269	782.239990234375
2240.90457490706	782.400024414063
2243.18451026388	782.200012207031
2245.46376152904	782.52001953125
2247.74232898823	782.640014648438
2250.02021292701	782.559997558594
2252.29741363077	782.280029296875
2254.57393138475	782.400024414063
2256.849766474	781.440002441406
2259.12491918346	782.159973144531
2261.39938979788	782.52001953125
2263.67317860185	782.640014648438
2265.94628587983	782.359985351563
2268.2187119161	783.119995117188
2270.49045699478	782.200012207031
2272.76152139985	781.640014648438
2275.03190541511	782.440002441406
2277.30160932421	781.919982910156
2279.57063341067	781.880004882813
2281.83897795781	782.200012207031
2284.10664324882	783
2286.37362956672	782
2288.63993719439	782.039978027344
2290.90556641454	781.679992675781
2293.17051750973	782.239990234375
2295.43479076235	782.039978027344
2297.69838645465	781.960021972656
2299.96130486871	782.52001953125
2302.22354628647	782.239990234375
2304.48511098971	781.840026855469
2306.74599926003	782.080017089844
2309.00621137891	782.280029296875
2311.26574762765	781.799987792969
2313.52460828741	782.320007324219
2315.78279363917	781.52001953125
2318.04030396379	781.280029296875
2320.29713954195	781.320007324219
2322.55330065418	781.080017089844
2324.80878758085	781.359985351563
2327.06360060219	781.719970703125
2329.31773999826	781.799987792969
2331.57120604897	781.599975585938
2333.82399903409	782.200012207031
2336.0761192332	780.719970703125
2338.32756692577	781.320007324219
2340.57834239108	781
2342.82844590827	781.559997558594
2345.07787775633	782.119995117188
2347.32663821409	782.119995117188
2349.57472756023	781.599975585938
2351.82214607327	781.679992675781
2354.06889403158	781.760009765625
2356.31497171337	781.200012207031
2358.56037939672	781.880004882813
2360.80511735953	781.47998046875
2363.04918587955	781.039978027344
2365.29258523439	781.359985351563
2367.5353157015	780.880004882813
2369.77737755817	781.400024414063
2372.01877108156	781.640014648438
2374.25949654865	781.280029296875
2376.49955423629	782.320007324219
2378.73894442115	781.080017089844
2380.97766737977	780.719970703125
2383.21572338855	781.440002441406
2385.45311272369	781.960021972656
2387.68983566129	780.880004882813
2389.92589247727	781.400024414063
2392.1612834474	781
2394.39600884731	780.760009765625
2396.63006895246	781
2398.86346403818	781.039978027344
2401.09619437962	781.799987792969
2403.32826025182	781.440002441406
2405.55966192963	781.440002441406
2407.79039968777	781.760009765625
2410.0204738008	780.52001953125
2412.24988454313	780.799987792969
2414.47863218902	780.960021972656
2416.70671701258	781.239990234375
2418.93413928778	780.719970703125
2421.16089928842	780.799987792969
2423.38699728817	781.080017089844
2425.61243356052	781.119995117188
2427.83720837884	780.799987792969
2430.06132201633	781.239990234375
2432.28477474606	780.880004882813
2434.50756684093	781
2436.72969857371	781.039978027344
2438.95117021699	781.080017089844
2441.17198204325	780.960021972656
2443.39213432478	780.880004882813
2445.61162733376	781.320007324219
2447.83046134218	780.679992675781
2450.04863662192	780.919982910156
2452.26615344468	781.47998046875
2454.48301208203	781.119995117188
2456.69921280539	781.039978027344
2458.91475588602	781.119995117188
2461.12964159504	781.039978027344
2463.34387020342	780.799987792969
2465.55744198198	781.239990234375
2467.77035720139	780.719970703125
2469.98261613217	781.119995117188
2472.1942190447	780.640014648438
2474.40516620922	780.719970703125
2476.6154578958	780.640014648438
2478.82509437436	781.039978027344
2481.03407591471	781.280029296875
2483.24240278646	780.880004882813
2485.45007525911	780.880004882813
2487.65709360202	781.400024414063
2489.86345808435	781.080017089844
2492.06916897518	781.039978027344
2494.27422654339	780.919982910156
2496.47863105774	780.559997558594
2498.68238278683	781.039978027344
2500.88548199912	780.359985351563
2503.08792896294	780.440002441406
2505.28972394643	780.719970703125
2507.49086721763	779.960021972656
2509.6913590444	780.359985351563
2511.89119969447	780.919982910156
2514.09038943543	780.679992675781
2516.2889285347	781.039978027344
2518.48681725957	780.599975585938
2520.6840558772	780.119995117188
2522.88064465456	781.039978027344
2525.07658385852	780.679992675781
2527.27187375578	780.799987792969
2529.4665146129	780.080017089844
2531.66050669629	780.760009765625
2533.85385027222	780.919982910156
2536.04654560681	780.840026855469
2538.23859296605	780.640014648438
2540.42999261577	780.679992675781
2542.62074482166	780.640014648438
2544.81084984925	780.840026855469
2547.00030796395	780.559997558594
2549.18911943101	779.880004882813
2551.37728451555	780.719970703125
2553.56480348252	781.320007324219
2555.75167659675	780.880004882813
2557.93790412292	781.159973144531
2560.12348632556	780.799987792969
2562.30842346905	780.400024414063
2564.49271581764	781.359985351563
2566.67636363544	780.719970703125
2568.85936718639	780.280029296875
2571.04172673431	780.239990234375
2573.22344254288	780.760009765625
2575.40451487562	780.960021972656
2577.58494399591	780.960021972656
2579.76473016699	781.119995117188
2581.94387365196	780.719970703125
2584.12237471377	780.559997558594
2586.30023361523	780.719970703125
2588.47745061901	781
2590.65402598763	780.280029296875
2592.82995998348	780.960021972656
2595.0052528688	780.559997558594
2597.17990490568	780.559997558594
2599.35391635608	780.559997558594
2601.52728748181	780.400024414063
2603.70001854454	781.039978027344
2605.8721098058	781.039978027344
2608.04356152698	781.280029296875
2610.21437396931	780.559997558594
2612.3845473939	780.200012207031
2614.55408206173	780.640014648438
2616.72297823359	781.239990234375
2618.89123617017	780.880004882813
2621.058856132	781.080017089844
2623.22583837949	781.719970703125
2625.39218317288	780.52001953125
2627.55789077229	780.559997558594
2629.72296143769	781.200012207031
2631.88739542891	781
2634.05119300563	780.760009765625
2636.21435442742	781.760009765625
2638.37687995367	780.559997558594
2640.53876984365	780.719970703125
2642.70002435649	781.239990234375
2644.86064375119	781.039978027344
2647.02062828658	781.159973144531
2649.17997822137	781.159973144531
2651.33869381413	780.960021972656
2653.49677532328	781.280029296875
2655.65422300711	781.239990234375
2657.81103712378	781.320007324219
2659.96721793127	781.440002441406
2662.12276568747	781.119995117188
2664.2776806501	781.47998046875
2666.43196307675	780.880004882813
2668.58561322486	781.359985351563
2670.73863135176	781.440002441406
2672.8910177146	781.320007324219
2675.04277257043	780.960021972656
2677.19389617612	781.280029296875
2679.34438878845	781.200012207031
2681.49425066402	781.200012207031
2683.64348205931	781
2685.79208323065	781.719970703125
2687.94005443425	781.440002441406
2690.08739592617	780.840026855469
2692.23410796233	781
2694.38019079852	781.400024414063
2696.52564469038	781.599975585938
2698.67046989342	781.679992675781
2700.81466666302	782.359985351563
2702.9582352544	781.679992675781
2705.10117592265	781.359985351563
2707.24348892275	781.840026855469
2709.3851745095	781.880004882813
2711.5262329376	781.559997558594
2713.66666446158	782.400024414063
2715.80646933585	782.52001953125
2717.94564781468	782.52001953125
2720.08420015222	782.320007324219
2722.22212660245	781.880004882813
2724.35942741923	782.080017089844
2726.49610285628	782.52001953125
2728.63215316721	782.599975585938
2730.76757860544	782.640014648438
2732.9023794243	782.599975585938
2735.03655587697	783.239990234375
2737.17010821648	783.280029296875
2739.30303669573	782.760009765625
2741.4353415675	783.280029296875
2743.56702308442	782.359985351563
2745.69808149898	783.039978027344
2747.82851706355	782.799987792969
2749.95833003034	782.719970703125
2752.08752065145	782.799987792969
2754.21608917883	782.320007324219
2756.3440358643	782.719970703125
2758.47136095954	782
2760.59806471609	782.840026855469
2762.72414738537	783
2764.84960921865	782.799987792969
2766.97445046708	783.47998046875
2769.09867138166	783.080017089844
2771.22227221326	782.47998046875
2773.34525321263	782.400024414063
2775.46761463035	782
2777.58935671691	782.119995117188
2779.71047972262	782.440002441406
2781.83098389771	781.960021972656
2783.95086949221	782.320007324219
2786.07013675607	782.359985351563
2788.18878593908	782.840026855469
2790.3068172909	782.320007324219
2792.42423106106	781.679992675781
2794.54102749895	781.679992675781
2796.65720685384	782.960021972656
2798.77276937486	782.359985351563
2800.88771531098	782.719970703125
2803.00204491107	782.559997558594
2805.11575842387	782.280029296875
2807.22885609796	783.119995117188
2809.34133818179	782.919982910156
2811.4532049237	782.679992675781
2813.56445657189	782.719970703125
2815.6750933744	783.559997558594
2817.78511557916	782.840026855469
2819.89452343398	783.559997558594
2822.00331718652	784.080017089844
2824.11149708429	785.159973144531
2826.2190633747	784.919982910156
2828.32601630502	784.599975585938
2830.43235612237	784.359985351563
2832.53808307375	784.719970703125
2834.64319740603	785.719970703125
2836.74769936595	786.760009765625
2838.85158920011	788.799987792969
2840.95486715497	788.559997558594
2843.05753347689	789.840026855469
2845.15958841206	790.559997558594
2847.26103220657	792.679992675781
2849.36186510636	794.440002441406
2851.46208735724	795.159973144531
2853.56169920488	796.52001953125
2855.66070089485	795.719970703125
2857.75909267257	797.239990234375
2859.85687478332	798.359985351563
2861.95404747225	798.960021972656
2864.05061098439	803.119995117188
2866.14656556464	802.640014648438
2868.24191145777	804.359985351563
2870.3366489084	807.52001953125
2872.43077816104	808.679992675781
2874.52429946006	809.599975585938
2876.61721304971	808.640014648438
2878.70951917409	808.840026855469
2880.8012180772	809.280029296875
2882.89231000287	812.400024414063
2884.98279519483	810.559997558594
2887.07267389667	810.919982910156
2889.16194635186	809.52001953125
2891.25061280373	809.599975585938
2893.33867349546	813.039978027344
2895.42612867015	811.880004882813
2897.51297857074	811.559997558594
2899.59922344003	813.320007324219
2901.68486352071	816.320007324219
2903.76989905533	815.799987792969
2905.85433028632	818.52001953125
2907.93815745598	819.080017089844
2910.02138080648	818.599975585938
2912.10400057985	820.119995117188
2914.186017018	820.760009765625
2916.26743036271	823.159973144531
2918.34824085563	826.960021972656
2920.4284487383	826.880004882813
2922.5080542521	826.359985351563
2924.58705763829	830.719970703125
2926.66545913802	830.440002441406
2928.74325899231	831.679992675781
2930.82045744202	835.159973144531
2932.89705472792	832.239990234375
2934.97305109062	834.239990234375
2937.04844677063	836.280029296875
2939.12324200832	836.599975585938
2941.19743704393	835.239990234375
2943.27103211757	834.200012207031
2945.34402746923	833.400024414063
2947.41642333876	829.52001953125
2949.48821996592	825.039978027344
2951.55941759028	824.840026855469
2953.63001645135	823.960021972656
2955.70001678845	823.159973144531
2957.76941884083	823.200012207031
2959.83822284757	822.200012207031
2961.90642904764	819.599975585938
2963.97403767988	819.799987792969
2966.04104898302	819.599975585938
2968.10746319565	819.200012207031
2970.17328055621	816
2972.23850130305	816.599975585938
2974.30312567438	814.799987792969
2976.36715390829	812.919982910156
2978.43058624273	814.080017089844
2980.49342291553	814.960021972656
2982.55566416439	812.239990234375
2984.61731022691	812.960021972656
2986.67836134051	812.159973144531
2988.73881774255	813.119995117188
2990.79867967021	811.840026855469
2992.85794736058	808.440002441406
2994.9166210506	807.719970703125
2996.97470097711	806.039978027344
2999.03218737679	804.760009765625
3001.08908048622	804.280029296875
3003.14538054186	804.760009765625
3005.20108778002	805.559997558594
3007.25620243691	804.080017089844
3009.3107247486	800.880004882813
3011.36465495104	803.440002441406
3013.41799328004	802.640014648438
3015.47073997133	802.080017089844
3017.52289526045	801.640014648438
3019.57445938288	801.840026855469
3021.62543257393	803.400024414063
3023.6758150688	802.719970703125
3025.72560710258	800.320007324219
3027.77480891021	800.960021972656
3029.82342072652	802.280029296875
3031.87144278622	802.280029296875
3033.91887532389	803.440002441406
3035.96571857399	803.719970703125
3038.01197277084	805.280029296875
3040.05763814867	804.080017089844
3042.10271494154	804.599975585938
3044.14720338344	805.919982910156
3046.19110370818	805.599975585938
3048.2344161495	806.119995117188
3050.27714094097	806.919982910156
3052.31927831608	807.080017089844
3054.36082850816	809.200012207031
3056.40179175044	811.440002441406
3058.44216827602	809.799987792969
3060.48195831786	810.320007324219
3062.52116210884	811.559997558594
3064.55977988167	809.679992675781
3066.59781186897	810.679992675781
3068.63525830322	811.119995117188
3070.67211941678	813.840026855469
3072.7083954419	813.440002441406
3074.7440866107	813
3076.77919315516	813.239990234375
3078.81371530716	813.840026855469
3080.84765329846	815.280029296875
3082.88100736068	814.47998046875
3084.91377772534	813.640014648438
3086.94596462381	813.880004882813
3088.97756828737	814.799987792969
3091.00858894714	816
3093.03902683417	817.320007324219
3095.06888217933	816.679992675781
3097.09815521342	818.47998046875
3099.12684616709	819.840026855469
3101.15495527087	819.400024414063
3103.18248275518	818.960021972656
3105.20942885031	822.52001953125
3107.23579378642	825.440002441406
3109.26157779358	826
3111.28678110171	826.640014648438
3113.31140394062	827.47998046875
3115.33544654	829.640014648438
3117.35890912942	830.400024414063
3119.38179193832	830.080017089844
3121.40409519602	833.47998046875
3123.42581913174	832.960021972656
3125.44696397457	830.880004882813
3127.46752995345	831.47998046875
3129.48751729725	835.080017089844
3131.50692623469	836.359985351563
3133.52575699436	835.919982910156
3135.54400980476	837.280029296875
3137.56168489425	838.760009765625
3139.57878249108	837.440002441406
3141.59530282337	838.880004882813
3143.61124611913	837.47998046875
3145.62661260624	840.239990234375
3147.64140251247	839.239990234375
3149.65561606547	839.599975585938
3151.66925349277	845
3153.68231502177	843.359985351563
3155.69480087977	848.039978027344
3157.70671129394	845.400024414063
3159.71804649132	848.320007324219
3161.72880669886	850.400024414063
3163.73899214336	849.840026855469
3165.74860305152	852.47998046875
3167.75763964991	851.559997558594
3169.766102165	851.119995117188
3171.77399082313	856.200012207031
3173.7813058505	859.880004882813
3175.78804747323	856.080017089844
3177.79421591731	855.280029296875
3179.79981140859	857.400024414063
3181.80483417282	862
3183.80928443564	859.119995117188
3185.81316242255	861.679992675781
3187.81646835896	863.960021972656
3189.81920247013	863.760009765625
3191.82136498122	864
3193.82295611727	864.239990234375
3195.82397610321	867.159973144531
3197.82442516385	865.840026855469
3199.82430352386	865.47998046875
3201.82361140782	867.52001953125
3203.82234904018	868.359985351563
3205.82051664529	868.799987792969
3207.81811444735	869.119995117188
3209.81514267047	870.280029296875
3211.81160153863	872.159973144531
3213.80749127571	867.679992675781
3215.80281210545	871.159973144531
3217.79756425148	873.640014648438
3219.79174793733	872.52001953125
3221.7853633864	870.039978027344
3223.77841082196	871.799987792969
3225.77089046719	872.239990234375
3227.76280254513	876.080017089844
3229.75414727873	872.960021972656
3231.74492489081	878.239990234375
3233.73513560406	878.359985351563
3235.72477964107	874.599975585938
3237.71385722431	876.840026855469
3239.70236857614	883.919982910156
3241.6903139188	881.080017089844
3243.6776934744	879.760009765625
3245.66450746496	878.919982910156
3247.65075611237	878.039978027344
3249.63643963841	885.359985351563
3251.62155826472	883.719970703125
3253.60611221287	877.039978027344
3255.59010170428	870.960021972656
3257.57352696026	875.359985351563
3259.55638820202	880.320007324219
3261.53868565064	882.719970703125
3263.52041952708	880.880004882813
3265.50159005221	879.080017089844
3267.48219744676	879.52001953125
3269.46224193136	877.320007324219
3271.44172372651	877.440002441406
3273.42064305262	884.47998046875
3275.39900012996	885.119995117188
3277.3767951787	886
3279.35402841889	883.840026855469
3281.33070007047	881.559997558594
3283.30681035326	884.679992675781
3285.28235948698	882.919982910156
3287.25734769121	878.640014648438
3289.23177518544	883.400024414063
3291.20564218903	881.320007324219
3293.17894892124	874.359985351563
3295.1516956012	871.919982910156
3297.12388244795	879.159973144531
3299.09550968039	882.960021972656
3301.06657751732	883.039978027344
3303.03708617743	881.799987792969
3305.00703587929	884.280029296875
3306.97642684135	880.960021972656
3308.94525928196	884.52001953125
3310.91353341935	886.47998046875
3312.88124947164	881
3314.84840765683	880.840026855469
3316.81500819282	880.47998046875
3318.78105129738	882.640014648438
3320.74653718818	882.599975585938
3322.71146608278	880.559997558594
3324.67583819861	880.440002441406
3326.639653753	880.840026855469
3328.60291296317	881.400024414063
3330.56561604621	880.200012207031
3332.52776321913	877.239990234375
3334.4893546988	879.47998046875
3336.45039070198	878.799987792969
3338.41087144533	874.559997558594
3340.37079714539	879.719970703125
3342.33016801859	877.880004882813
3344.28898428124	873.47998046875
3346.24724614955	879.960021972656
3348.20495383962	882
3350.16210756742	877.919982910156
3352.11870754883	879.760009765625
3354.07475399961	881.52001953125
3356.03024713539	877.159973144531
3357.98518717173	879.239990234375
3359.93957432403	881.320007324219
3361.89340880761	881.200012207031
3363.84669083768	881.919982910156
3365.79942062933	879.080017089844
3367.75159839753	878.52001953125
3369.70322435715	878.840026855469
3371.65429872295	881.559997558594
3373.60482170957	883.760009765625
3375.55479353155	889.280029296875
3377.50421440332	885.239990234375
3379.45308453918	876.239990234375
3381.40140415335	877.599975585938
3383.34917345991	874.080017089844
3385.29639267284	875.280029296875
3387.24306200602	882.799987792969
3389.18918167321	884.840026855469
3391.13475188806	883.840026855469
3393.07977286411	882.440002441406
3395.02424481479	876.599975585938
3396.96816795342	880.559997558594
3398.91154249322	882.640014648438
3400.85436864728	881.840026855469
3402.79664662859	880.679992675781
3404.73837665004	884.840026855469
3406.67955892439	883.719970703125
3408.62019366432	880.719970703125
3410.56028108236	881.400024414063
3412.49982139096	886.440002441406
3414.43881480247	884.320007324219
3416.37726152909	882.320007324219
3418.31516178295	888.840026855469
3420.25251577605	886.159973144531
3422.18932372029	881.159973144531
3424.12558582746	881.080017089844
3426.06130230922	880.679992675781
3427.99647337717	881.400024414063
3429.93109924274	882.359985351563
3431.8651801173	881.52001953125
3433.79871621209	878.919982910156
3435.73170773824	877.320007324219
3437.66415490678	880.320007324219
3439.59605792862	881.52001953125
3441.52741701458	881.599975585938
3443.45823237536	881.880004882813
3445.38850422154	879.640014648438
3447.31823276362	874.280029296875
3449.24741821196	869.400024414063
3451.17606077684	866.799987792969
3453.10416066842	871.119995117188
3455.03171809674	873.320007324219
3456.95873327175	874.440002441406
3458.88520640329	874.119995117188
3460.81113770109	871.679992675781
3462.73652737477	869.280029296875
3464.66137563383	865.119995117188
3466.58568268769	868.599975585938
3468.50944874565	870.039978027344
3470.43267401689	873.440002441406
3472.3553587105	874.599975585938
3474.27750303545	870.440002441406
3476.19910720062	863.320007324219
3478.12017141476	861.640014648438
3480.04069588654	866.679992675781
3481.9606808245	868.440002441406
3483.88012643707	871.559997558594
3485.79903293259	868.880004882813
3487.7174005193	864.440002441406
3489.63522940532	862.200012207031
3491.55251979864	856.239990234375
3493.46927190719	857.159973144531
3495.38548593877	853.559997558594
3497.30116210107	850.799987792969
3499.21630060167	852.400024414063
3501.13090164807	854.119995117188
3503.04496544763	850.320007324219
3504.95849220763	850.679992675781
3506.87148213523	852.919982910156
3508.78393543748	852.119995117188
3510.69585232134	853.559997558594
3512.60723299365	851.799987792969
3514.51807766116	849.919982910156
3516.42838653049	853
3518.33815980819	848.039978027344
3520.24739770066	841.919982910156
3522.15610041423	839.960021972656
3524.06426815511	841.159973144531
3525.9719011294	839.239990234375
3527.87899954311	843.599975585938
3529.78556360213	845.200012207031
3531.69159351225	840.799987792969
3533.59708947916	839.960021972656
3535.50205170844	837.280029296875
3537.40648040556	838.47998046875
3539.3103757759	836.080017089844
3541.21373802472	835.599975585938
3543.11656735717	834.400024414063
3545.01886397833	829.47998046875
3546.92062809313	831.320007324219
3548.82185990643	831.880004882813
3550.72255962297	833.559997558594
3552.62272744738	831.47998046875
3554.5223635842	829.280029296875
3556.42146823786	827.039978027344
3558.32004161268	825.52001953125
3560.21808391289	822.760009765625
3562.11559534259	823.52001953125
3564.01257610581	822.52001953125
3565.90902640645	823.039978027344
3567.80494644831	823.039978027344
3569.7003364351	821.679992675781
3571.59519657042	821.760009765625
3573.48952705774	821.320007324219
3575.38332810048	821.760009765625
3577.27659990191	821.400024414063
3579.16934266521	821.159973144531
3581.06155659346	822.039978027344
3582.95324188965	816.840026855469
3584.84439875663	816
3586.73502739718	815.440002441406
3588.62512801397	814.559997558594
3590.51470080955	814.080017089844
3592.40374598639	812.760009765625
3594.29226374685	814.799987792969
3596.18025429317	814.400024414063
3598.06771782751	810.919982910156
3599.95465455192	810.960021972656
3601.84106466834	809.239990234375
3603.72694837861	809.760009765625
3605.61230588447	810.679992675781
3607.49713738756	809.799987792969
3609.38144308942	809.200012207031
3611.26522319148	811.200012207031
3613.14847789506	808.880004882813
3615.0312074014	807.760009765625
3616.91341191162	806.440002441406
3618.79509162674	805.400024414063
3620.67624674769	806.880004882813
3622.55687747528	805.960021972656
3624.43698401024	804.880004882813
3626.31656655317	805.080017089844
3628.1956253046	806.719970703125
3630.07416046492	806.080017089844
3631.95217223446	804.239990234375
3633.82966081342	802.47998046875
3635.70662640191	801.559997558594
3637.58306919993	799.640014648438
3639.45898940739	798.599975585938
3641.33438722409	799.359985351563
3643.20926284973	798
3645.08361648392	797.679992675781
3646.95744832614	796.880004882813
3648.8307585758	798.320007324219
3650.7035474322	798.280029296875
3652.57581509452	797.200012207031
3654.44756176188	796.239990234375
3656.31878763324	795.640014648438
3658.18949290753	794
3660.05967778352	793.919982910156
3661.9293424599	792.359985351563
3663.79848713527	792.679992675781
3665.66711200812	791.799987792969
3667.53521727684	791.719970703125
3669.40280313972	790.840026855469
3671.26986979494	791.320007324219
3673.13641744059	789.880004882813
3675.00244627468	788
