-140.373595351881	779.039978027344
-137.335129063906	778.880004882813
-134.297686810867	779.400024414063
-131.261268103955	778.960021972656
-128.225872454677	779.200012207031
-125.191499374839	779.320007324219
-122.158148376567	778.679992675781
-119.125818972292	778.880004882813
-116.094510674759	779.119995117188
-113.064222997021	779.359985351563
-110.034955452443	778.799987792969
-107.006707554687	779.080017089844
-103.979478817741	778.760009765625
-100.95326875589	778.719970703125
-97.928076883731	779.039978027344
-94.9039027161698	778.719970703125
-91.8807457684175	778.760009765625
-88.8586055560018	779.039978027344
-85.8374815947384	778.919982910156
-82.8173734007715	779.080017089844
-79.7982804905411	779.400024414063
-76.7802023807988	778.760009765625
-73.7631385885914	778.840026855469
-70.7470886312892	778.840026855469
-67.732052026553	779.080017089844
-64.7180282923587	778.880004882813
-61.7050169469884	779.320007324219
-58.6930175090183	778.960021972656
-55.6820294973386	779.039978027344
-52.6720524311495	779.119995117188
-49.66308582994	779.400024414063
-46.6551292135171	779
-43.6481821019882	779.280029296875
-40.6422440157577	779.159973144531
-37.6373144755424	778.960021972656
-34.6333930023594	778.960021972656
-31.630479117526	779.039978027344
-28.6285723426709	779.080017089844
-25.6276721997107	779.559997558594
-22.6277782108771	779.47998046875
-19.628889898701	779.47998046875
-16.6310067860081	779.280029296875
-13.6341283959385	780.039978027344
-10.6382542519231	782.960021972656
-7.64338387769432	798.640014648438
-4.64951679729502	832.640014648438
-1.65665253506141	846.320007324219
1.33520938438089	825.320007324219
4.32606943608095	792.039978027344
7.315928094803	780.239990234375
10.3047858350146	778.840026855469
13.2926431308747	779.159973144531
16.2795004562541	778.799987792969
19.2653582847118	779.200012207031
22.2502170895187	779.200012207031
25.2340773436344	779
28.216939519735	779.119995117188
31.1988040901939	778.919982910156
34.1796715270814	778.960021972656
37.1595423021732	778.880004882813
40.1384168869468	779.159973144531
43.1162957525854	779.200012207031
46.0931793699786	778.719970703125
49.0690682097059	778.919982910156
52.0439627420619	778.919982910156
55.0178634370476	778.719970703125
57.9907707643592	779.080017089844
60.9626851933962	778.880004882813
63.9336071932735	778.640014648438
66.9035372328018	779.159973144531
69.8724757804959	779
72.8404233045826	778.799987792969
75.8073802729932	779.080017089844
78.7733471533597	779.440002441406
81.738324413019	778.679992675781
84.702312519025	778.960021972656
87.665311938125	778.880004882813
90.6273231367761	778.880004882813
93.5883465811569	779.200012207031
96.5483827371242	778.919982910156
99.5074320702731	778.599975585938
102.465495045889	779.440002441406
105.422572128961	779.119995117188
108.378663784199	779.400024414063
111.333770476014	778.840026855469
114.287892668528	778.880004882813
117.24103082557	779.320007324219
120.193185410674	779.080017089844
123.144356887097	779.359985351563
126.094545717786	779.280029296875
129.043752365413	779.880004882813
131.991977292355	779.679992675781
134.939220960695	780.640014648438
137.885483832232	780.52001953125
140.83076636847	780.799987792969
143.775069030632	781.359985351563
146.718392279644	781.760009765625
149.660736576149	781.799987792969
152.602102380488	782.559997558594
155.54249015274	783.799987792969
158.481900352672	783.359985351563
161.420333439765	784.200012207031
164.357789873227	785.080017089844
167.294270111968	785.679992675781
170.229774614617	785.640014648438
173.164303839496	787.320007324219
176.097858244675	787.960021972656
179.030438287908	789.119995117188
181.962044426678	789.239990234375
184.89267711817	790.039978027344
187.822336819302	791.559997558594
190.751023986678	791.559997558594
193.678739076648	792.47998046875
196.605482545255	792.080017089844
199.531254848261	792.719970703125
202.456056441152	792.919982910156
205.379887779119	791.760009765625
208.30274931708	792.719970703125
211.224641509656	793.719970703125
214.145564811189	793.52001953125
217.06551967574	793.039978027344
219.984506557089	792.880004882813
222.902525908723	793.559997558594
225.819578183856	793.52001953125
228.735663835415	792.47998046875
231.650783316047	792.760009765625
234.564937078107	792.440002441406
237.478125573679	791.760009765625
240.390349254566	792
243.301608572278	793.52001953125
246.211903978051	793.359985351563
249.121235922839	793.919982910156
252.029604857321	794.840026855469
254.93701123188	794.880004882813
257.843455496632	794.960021972656
260.748938101415	795.719970703125
263.653459495766	796.119995117188
266.557020128967	797.359985351563
269.459620450005	797.960021972656
272.361260907595	797.640014648438
275.261941950168	797.960021972656
278.161664025874	797.039978027344
281.060427582592	798.760009765625
283.958233067921	798.679992675781
286.855080929176	797.840026855469
289.750971613398	797.440002441406
292.645905567344	797.47998046875
295.539883237503	798.47998046875
298.432905070079	797.679992675781
301.324971511007	796.599975585938
304.216083005931	798.159973144531
307.10624000023	798.47998046875
309.995442939003	800.400024414063
312.883692267071	804.840026855469
315.770988428979	813.080017089844
318.657331869	825.200012207031
321.542723031127	831.159973144531
324.427162359076	827.400024414063
327.310650296293	818.559997558594
330.193187285945	809.799987792969
333.074773770929	802.880004882813
335.955410193855	801.280029296875
338.835096997075	799.039978027344
341.713834622655	798.280029296875
344.59162351239	797.599975585938
347.468464107802	796.359985351563
350.344356850137	796.320007324219
353.219302180373	796.200012207031
356.093300539208	795.919982910156
358.966352367073	794.960021972656
361.838458104123	794.719970703125
364.70961819024	794.840026855469
367.579833065031	794.760009765625
370.449103167837	796.039978027344
373.317428937727	794.880004882813
376.184810813496	795.640014648438
379.051249233659	794.159973144531
381.916744636474	795.119995117188
384.78129745992	794.400024414063
387.644908141706	795.359985351563
390.50757711927	795.359985351563
393.36930482978	794.679992675781
396.23009171014	795.119995117188
399.089938196969	795.039978027344
401.948844726631	795.320007324219
404.806811735214	794.880004882813
407.66383965853	795.47998046875
410.519928932138	794.880004882813
413.375079991314	794.320007324219
416.229293271071	795.080017089844
419.082569206155	794.799987792969
421.934908231031	795.320007324219
424.786310779917	795.47998046875
427.636777286748	794.599975585938
430.486308185189	794.320007324219
433.334903908649	795.559997558594
436.182564890262	795.799987792969
439.029291562898	796.159973144531
441.875084359157	795.200012207031
444.719943711374	795.599975585938
447.563870051618	794.799987792969
450.406863811695	794.52001953125
453.248925423132	794.799987792969
456.090055317208	794.799987792969
458.93025392492	795.359985351563
461.76952167701	794.039978027344
464.60785900395	794.440002441406
467.44526633595	795.239990234375
470.281744102955	795.799987792969
473.117292734635	795.400024414063
475.951912660415	795.359985351563
478.785604309439	795.080017089844
481.618368110592	794.840026855469
484.450204492499	794.039978027344
487.281113883518	795.039978027344
490.111096711738	795.599975585938
492.940153404999	794.799987792969
495.768284390864	795.119995117188
498.595490096635	794.960021972656
501.421770949366	795.320007324219
504.247127375825	795.359985351563
507.071559802537	795.919982910156
509.89506865575	796.039978027344
512.717654361473	794.640014648438
515.539317345424	795.239990234375
518.360058033083	795.200012207031
521.179876849652	796
523.998774220083	795.760009765625
526.816750569068	795.880004882813
529.633806321025	796.559997558594
532.44994190013	795.200012207031
535.265157730284	795.080017089844
538.079454235133	794.960021972656
540.892831838066	794.760009765625
543.705290962208	794.239990234375
546.516832030424	794.599975585938
549.32745546533	794.840026855469
552.137161689268	794.400024414063
554.945951124325	795.200012207031
557.753824192341	795.039978027344
560.560781314883	794.840026855469
563.36682291327	794.760009765625
566.171949408555	795.119995117188
568.976161221537	794.599975585938
571.779458772759	794.320007324219
574.5818424825	794.880004882813
577.383312770792	795.119995117188
580.183870057402	794.880004882813
582.983514761843	794
585.782247303363	794.880004882813
588.580068100976	794.840026855469
591.376977573414	795.559997558594
594.172976139164	794.400024414063
596.968064216463	794.719970703125
599.762242223282	794.359985351563
602.555510577335	794.200012207031
605.347869696099	794.239990234375
608.139319996771	794.679992675781
610.929861896313	794.47998046875
613.719495811421	793.320007324219
616.508222158541	792.799987792969
619.296041353863	794.200012207031
622.082953813324	795.280029296875
624.868959952607	794.039978027344
627.654060187137	794.440002441406
630.438254932094	793.200012207031
633.221544602397	794.400024414063
636.003929612719	794.760009765625
638.785410377468	794.039978027344
641.565987310814	795
644.345660826665	794.320007324219
647.124431338674	794.47998046875
649.902299260252	794.919982910156
652.679265004552	794.359985351563
655.455328984475	794.799987792969
658.230491612671	793.679992675781
661.004753301541	794.960021972656
663.778114463229	793.559997558594
666.550575509631	794.719970703125
669.322136852395	794.559997558594
672.092798902916	793.679992675781
674.862562072336	794.799987792969
677.631426771548	794.799987792969
680.399393411204	793.919982910156
683.166462401689	794.239990234375
685.93263415315	794.359985351563
688.697909075486	794.200012207031
691.462287578337	794.039978027344
694.225770071098	793.960021972656
696.988356962926	794.400024414063
699.750048662705	794.080017089844
702.5108455791	794.359985351563
705.270748120503	793.599975585938
708.029756695068	793.719970703125
710.787871710705	794.039978027344
713.545093575065	794.039978027344
716.301422695566	794.559997558594
719.056859479364	794.799987792969
721.811404333376	794.840026855469
724.56505766427	793.799987792969
727.317819878473	795.280029296875
730.069691382148	796
732.820672581226	794.960021972656
735.570763881396	793.47998046875
738.319965688092	793.960021972656
741.068278406496	794.359985351563
743.815702441559	795.119995117188
746.562238197974	793.640014648438
749.307886080196	795.280029296875
752.052646492436	795.200012207031
754.796519838656	795.679992675781
757.539506522567	794.599975585938
760.28160694765	794.679992675781
763.022821517128	794.320007324219
765.76315063399	794.159973144531
768.502594700972	796.359985351563
771.241154120572	795.559997558594
773.978829295045	795.200012207031
776.715620626397	795.47998046875
779.451528516396	795.960021972656
782.186553366565	796.320007324219
784.920695578179	797.119995117188
787.653955552283	796.320007324219
790.386333689662	795.840026855469
793.117830390877	795.52001953125
795.848446056227	795.52001953125
798.578181085792	795.719970703125
801.307035879389	794.039978027344
804.035010836599	794.919982910156
806.762106356774	795.52001953125
809.488322839013	794.760009765625
812.213660682169	794.719970703125
814.938120284866	794.760009765625
817.661702045482	794.799987792969
820.384406362153	795.200012207031
823.10623363278	793.960021972656
825.827184255014	794.47998046875
828.547258626283	794.159973144531
831.266457143747	795.039978027344
833.984780204358	794.640014648438
836.702228204804	794.760009765625
839.418801541552	795
842.134500610814	793.880004882813
844.849325808575	793.719970703125
847.563277530579	795.400024414063
850.276356172319	795.47998046875
852.988562129066	795
855.69989579585	795.080017089844
858.410357567456	794.400024414063
861.119947838428	795.280029296875
863.828667003087	795.47998046875
866.536515455503	794.359985351563
869.243493589517	794.559997558594
871.949601798728	793.960021972656
874.654840476504	793.960021972656
877.359210015961	793.960021972656
880.062710810003	794.559997558594
882.765343251273	794.039978027344
885.467107732191	794.47998046875
888.168004644938	793.359985351563
890.868034381467	793.239990234375
893.567197333476	793.599975585938
896.265493892445	794.880004882813
898.962924449614	794.52001953125
901.659489395985	794.039978027344
904.355189122325	794.840026855469
907.050024019165	794.760009765625
909.743994476809	794.840026855469
912.437100885322	793.880004882813
915.129343634532	794.440002441406
917.820723114032	794.280029296875
920.511239713189	794.52001953125
923.200893821127	794.679992675781
925.889685826744	795.200012207031
928.577616118699	795.52001953125
931.264685085419	794.400024414063
933.950893115098	794.760009765625
936.6362405957	794.599975585938
939.320727914956	794.559997558594
942.004355460359	795.080017089844
944.687123619173	795.52001953125
947.369032778431	795.400024414063
950.050083324934	794.239990234375
952.730275645247	794.559997558594
955.409610125711	795.159973144531
958.088087152423	794.719970703125
960.765707111263	795.799987792969
963.442470387871	794.679992675781
966.118377367657	794.679992675781
968.793428435798	794.840026855469
971.467623977254	794.039978027344
974.140964376739	794.919982910156
976.813450018737	794.359985351563
979.485081287511	795.080017089844
982.155858567087	793.599975585938
984.825782241271	794.200012207031
987.494852693624	794.159973144531
990.163070307487	794.760009765625
992.830435465978	794.760009765625
995.496948551973	793.960021972656
998.162609948122	794.760009765625
1000.82742003685	796.320007324219
1003.49137920036	798.840026855469
1006.15448782061	797.559997558594
1008.81674627934	796.320007324219
1011.47815495806	794.919982910156
1014.13871423805	793.159973144531
1016.79842450037	794.159973144531
1019.45728612586	793.760009765625
1022.11529949509	793.080017089844
1024.77246498846	792.760009765625
1027.4287829861	793.159973144531
1030.08425386792	792.960021972656
1032.73887801363	795.159973144531
1035.3926558027	793.679992675781
1038.04558761435	793.919982910156
1040.69767382761	793.440002441406
1043.34891482125	794.359985351563
1045.99931097384	793.960021972656
1048.64886266371	793.599975585938
1051.29757026898	794.039978027344
1053.94543416753	793.840026855469
1056.59245473701	793.559997558594
1059.23863235486	793.960021972656
1061.8839673983	793.640014648438
1064.5284602443	793.440002441406
1067.17211126962	793.719970703125
1069.8149208508	794.52001953125
1072.45688936415	794.359985351563
1075.09801718577	794.320007324219
1077.7383046915	793.919982910156
1080.377752257	794.440002441406
1083.01636025767	793.799987792969
1085.65412906872	794.47998046875
1088.2910590651	794.52001953125
1090.92715062157	794.559997558594
1093.56240411266	795.080017089844
1096.19681991265	795.919982910156
1098.83039839564	795.760009765625
1101.46313993547	795.039978027344
1104.09504490579	794.880004882813
1106.72611368	793.960021972656
1109.35634663129	793.679992675781
1111.98574413263	792.599975585938
1114.61430655677	792.799987792969
1117.24203427624	793.119995117188
1119.86892766333	794.080017089844
1122.49498709014	793.880004882813
1125.12021292851	793.840026855469
1127.74460555011	793.599975585938
1130.36816532634	793.080017089844
1132.99089262841	793
1135.6127878273	793.080017089844
1138.23385129376	792.359985351563
1140.85408339834	791.400024414063
1143.47348451137	791.799987792969
1146.09205500294	791.080017089844
1148.70979524293	791.599975585938
1151.326705601	791.559997558594
1153.9427864466	791.799987792969
1156.55803814896	791.840026855469
1159.17246107707	791.960021972656
1161.78605559974	791.760009765625
1164.39882208551	792.559997558594
1167.01076090276	792.280029296875
1169.6218724196	792.200012207031
1172.23215700396	792.760009765625
1174.84161502352	792.719970703125
1177.45024684578	792.799987792969
1180.05805283799	792.919982910156
1182.66503336719	792.47998046875
1185.27118880021	792.359985351563
1187.87651950367	792.47998046875
1190.48102584395	791.719970703125
1193.08470818723	791.719970703125
1195.68756689948	793
1198.28960234643	792.679992675781
1200.89081489363	791.719970703125
1203.49120490636	793.359985351563
1206.09077274974	793.159973144531
1208.68951878864	793.080017089844
1211.28744338773	794.47998046875
1213.88454691145	794.280029296875
1216.48082972404	794.080017089844
1219.07629218953	793.239990234375
1221.6709346717	793.840026855469
1224.26475753416	793.840026855469
1226.85776114028	794.52001953125
1229.44994585322	795
1232.04131203592	795.039978027344
1234.63186005112	795.080017089844
1237.22159026133	797
1239.81050302886	796.239990234375
1242.3985987158	796.599975585938
1244.98587768402	797.640014648438
1247.5723402952	797
1250.15798691078	797.52001953125
1252.74281789199	797.119995117188
1255.32683359987	798.119995117188
1257.91003439523	796.080017089844
1260.49242063865	797.640014648438
1263.07399269055	796.440002441406
1265.65475091108	796.52001953125
1268.23469566021	796.52001953125
1270.81382729769	795.799987792969
1273.39214618306	795.880004882813
1275.96965267566	795.640014648438
1278.54634713458	795.47998046875
1281.12222991875	795.039978027344
1283.69730138685	796.280029296875
1286.27156189737	795.400024414063
1288.84501180858	795.719970703125
1291.41765147853	795.47998046875
1293.98948126509	796.039978027344
1296.56050152589	796.719970703125
1299.13071261837	795.799987792969
1301.70011489973	797
1304.268708727	796.280029296875
1306.83649445698	795.280029296875
1309.40347244625	796.280029296875
1311.96964305119	796.880004882813
1314.53500662799	796.679992675781
1317.0995635326	797.080017089844
1319.66331412077	796.359985351563
1322.22625874806	797.799987792969
1324.7883977698	797.559997558594
1327.34973154112	796.320007324219
1329.91026041694	795.47998046875
1332.46998475197	795.919982910156
1335.0289049007	796.559997558594
1337.58702121746	796.47998046875
1340.14433405631	795.640014648438
1342.70084377115	796.640014648438
1345.25655071563	795.919982910156
1347.81145524323	796.200012207031
1350.36555770721	795.119995117188
1352.91885846062	793.280029296875
1355.47135785631	793.359985351563
1358.02305624691	793.359985351563
1360.57395398486	793.200012207031
1363.12405142237	793.039978027344
1365.67334891148	792.840026855469
1368.22184680399	793.919982910156
1370.76954545151	793.640014648438
1373.31644520545	793.599975585938
1375.86254641699	792.880004882813
1378.40784943713	792.52001953125
1380.95235461666	792.760009765625
1383.49606230615	792.239990234375
1386.03897285598	791.760009765625
1388.58108661632	792.159973144531
1391.12240393713	792.47998046875
1393.66292516818	791.280029296875
1396.20265065903	792.280029296875
1398.74158075901	792.760009765625
1401.2797158173	792.599975585938
1403.81705618282	791.960021972656
1406.35360220431	792.799987792969
1408.88935423032	791.679992675781
1411.42431260919	792.080017089844
1413.95847768903	791.599975585938
1416.49184981777	791.200012207031
1419.02442934314	791.280029296875
1421.55621661266	791.880004882813
1424.08721197364	792.799987792969
1426.61741577321	792.880004882813
1429.14682835828	792.880004882813
1431.67545007555	792.679992675781
1434.20328127153	793.200012207031
1436.73032229253	792.799987792969
1439.25657348466	794.960021972656
1441.78203519381	795
1444.3067077657	795.559997558594
1446.83059154581	796.559997558594
1449.35368687944	796.719970703125
1451.8759941117	796.280029296875
1454.39751358748	797.039978027344
1456.91824565148	796.52001953125
1459.43819064818	795.200012207031
1461.95734892189	795.400024414063
1464.4757208167	795.719970703125
1466.99330667649	794.760009765625
1469.51010684497	793.559997558594
1472.02612166564	793.239990234375
1474.54135148177	793.640014648438
1477.05579663646	792.640014648438
1479.56945747262	793
1482.08233433293	793.080017089844
1484.59442755989	792.320007324219
1487.10573749579	792.200012207031
1489.61626448275	791.960021972656
1492.12600886264	790.719970703125
1494.63497097718	790.559997558594
1497.14315116786	789.799987792969
1499.65054977599	788.719970703125
1502.15716714267	788.799987792969
1504.66300360881	788.719970703125
1507.16805951512	789.47998046875
1509.67233520211	788.559997558594
1512.1758310101	788.400024414063
1514.67854727919	789.039978027344
1517.18048434931	788.400024414063
1519.68164256018	788.799987792969
1522.18202225132	788.080017089844
1524.68162376207	789
1527.18044743155	787.880004882813
1529.67849359869	788.320007324219
1532.17576260224	787.760009765625
1534.67225478072	788.200012207031
1537.1679704725	788.52001953125
1539.66291001572	788.679992675781
1542.15707374832	788.960021972656
1544.65046200807	789.159973144531
1547.14307513254	789.239990234375
1549.63491345907	788.640014648438
1552.12597732485	788.679992675781
1554.61626706685	789.559997558594
1557.10578302185	789.880004882813
1559.59452552644	790.080017089844
1562.082494917	790.119995117188
1564.56969152973	789.080017089844
1567.05611570064	790
1569.54176776552	790.679992675781
1572.02664806	791.640014648438
1574.51075691949	792
1576.99409467921	791.640014648438
1579.4766616742	792.640014648438
1581.95845823929	792.52001953125
1584.43948470912	791.400024414063
1586.91974141815	791.200012207031
1589.39922870064	791.599975585938
1591.87794689064	790.840026855469
1594.35589632202	791.359985351563
1596.83307732848	790.559997558594
1599.30949024348	791.080017089844
1601.78513540033	792.400024414063
1604.26001313211	792.640014648438
1606.73412377175	792.47998046875
1609.20746765196	792.119995117188
1611.68004510526	791.679992675781
1614.15185646398	791.719970703125
1616.62290206026	793.039978027344
1619.09318222605	792.559997558594
1621.56269729311	792.359985351563
1624.031447593	793.359985351563
1626.4994334571	793.440002441406
1628.9666552166	792.719970703125
1631.43311320248	792.239990234375
1633.89880774554	793.719970703125
1636.3637391764	793.280029296875
1638.82790782548	793.799987792969
1641.29131402301	793.599975585938
1643.75395809903	794.799987792969
1646.21584038339	794.239990234375
1648.67696120575	795.280029296875
1651.13732089558	796.200012207031
1653.59691978216	797.400024414063
1656.05575819459	797.159973144531
1658.51383646175	796.280029296875
1660.97115491238	797.119995117188
1663.42771387498	795.719970703125
1665.8835136779	795.960021972656
1668.33855464928	796.159973144531
1670.79283711708	797.039978027344
1673.24636140907	795.52001953125
1675.69912785282	794.239990234375
1678.15113677572	794.52001953125
1680.602388505	794.840026855469
1683.05288336764	792.960021972656
1685.50262169049	792.760009765625
1687.95160380019	791.239990234375
1690.39983002318	791.320007324219
1692.84730068573	790.440002441406
1695.29401611392	790.239990234375
1697.73997663364	789.52001953125
1700.18518257059	789.200012207031
1702.6296342503	789.039978027344
1705.07333199807	788.239990234375
1707.51627613907	787.280029296875
1709.95846699824	787.760009765625
1712.39990490036	787.440002441406
1714.84059017001	787.400024414063
1717.28052313159	786.400024414063
1719.7197041093	786.559997558594
1722.15813342718	786.52001953125
1724.59581140906	786.559997558594
1727.03273837859	786.640014648438
1729.46891465926	785.679992675781
1731.90434057432	785.840026855469
1734.3390164469	785.840026855469
1736.7729425999	785.640014648438
1739.20611935604	786.359985351563
1741.63854703787	785.47998046875
1744.07022596776	785.559997558594
1746.50115646787	785.760009765625
1748.93133886019	785
1751.36077346652	785.799987792969
1753.7894606085	785.039978027344
1756.21740060755	785.559997558594
1758.64459378494	785.239990234375
1761.07104046172	784.799987792969
1763.49674095879	784.760009765625
1765.92169559684	784.47998046875
1768.3459046964	784.919982910156
1770.7693685778	784.47998046875
1773.1920875612	784.599975585938
1775.61406196656	784.080017089844
1778.03529211367	784.799987792969
1780.45577832214	783.880004882813
1782.87552091138	785.320007324219
1785.29452020064	784.799987792969
1787.71277650897	784.599975585938
1790.13029015525	784.559997558594
1792.54706145817	785.239990234375
1794.96309073625	784.47998046875
1797.3783783078	784.559997558594
1799.79292449097	784.679992675781
1802.20672960375	784.280029296875
1804.61979396389	784.640014648438
1807.03211788902	784.679992675781
1809.44370169655	784.799987792969
1811.85454570373	783.960021972656
1814.2646502276	784.760009765625
1816.67401558506	784.440002441406
1819.0826420928	784.159973144531
1821.49053006734	784.47998046875
1823.89767982501	784.559997558594
1826.30409168198	784.119995117188
1828.70976595422	783.799987792969
1831.11470295753	784
1833.51890300752	784.080017089844
1835.92236641964	784.239990234375
1838.32509350914	784.280029296875
1840.72708459111	783.760009765625
1843.12833998044	783.719970703125
1845.52885999184	784.359985351563
1847.92864493987	783.919982910156
1850.32769513889	784.359985351563
1852.72601090307	783.52001953125
1855.12359254642	784.440002441406
1857.52044038278	784
1859.91655472578	784.440002441406
1862.31193588889	784.039978027344
1864.70658418542	784.280029296875
1867.10049992847	783.640014648438
1869.49368343096	784.47998046875
1871.88613500568	784
1874.27785496518	784.640014648438
1876.66884362188	783.719970703125
1879.059101288	784.200012207031
1881.44862827559	783.52001953125
1883.8374248965	784.159973144531
1886.22549146246	784.080017089844
1888.61282828495	783.599975585938
1890.99943567534	783.559997558594
1893.38531394477	783.679992675781
1895.77046340424	783.359985351563
1898.15488436455	784.239990234375
1900.53857713634	784.119995117188
1902.92154203006	784.320007324219
1905.303779356	783.559997558594
1907.68528942426	784
1910.06607254477	783.719970703125
1912.44612902729	783.799987792969
1914.82545918139	784
1917.20406331648	783.119995117188
1919.58194174178	783.960021972656
1921.95909476634	783.599975585938
1924.33552269905	783.640014648438
1926.71122584861	783.679992675781
1929.08620452353	783.640014648438
1931.46045903219	783.52001953125
1933.83398968275	783.52001953125
1936.20679678322	784.400024414063
1938.57888064142	783.440002441406
1940.95024156502	784.119995117188
1943.3208798615	783.599975585938
1945.69079583816	783.960021972656
1948.05998980213	783.719970703125
1950.42846206038	783.679992675781
1952.79621291969	783.640014648438
1955.16324268668	784.599975585938
1957.52955166778	783.47998046875
1959.89514016927	783.559997558594
1962.26000849723	784.039978027344
1964.62415695759	783.760009765625
1966.98758585609	783.239990234375
1969.3502954983	783.640014648438
1971.71228618964	783.679992675781
1974.07355823532	783.960021972656
1976.43411194042	783.400024414063
1978.79394760981	783.880004882813
1981.1530655482	783.960021972656
1983.51146606014	783.640014648438
1985.86914944999	784.52001953125
1988.22611602196	784.280029296875
1990.58236608007	784.359985351563
1992.93789992817	783.840026855469
1995.29271786995	784
1997.64682020892	784.080017089844
2000.00020724843	783.440002441406
2002.35287929162	783.640014648438
2004.70483664152	784.320007324219
2007.05607960095	784.320007324219
2009.40660847256	783.840026855469
2011.75642355884	784.080017089844
2014.1055251621	783.640014648438
2016.4539135845	783.799987792969
2018.80158912802	784.200012207031
2021.14855209444	784.280029296875
2023.49480278542	784.400024414063
2025.84034150242	784.119995117188
2028.18516854673	784.080017089844
2030.52928421948	784.359985351563
2032.87268882163	784
2035.21538265398	783.960021972656
2037.55736601713	784.400024414063
2039.89863921153	784.52001953125
2042.23920253747	784.200012207031
2044.57905629506	784.039978027344
2046.91820078425	783.919982910156
2049.2566363048	783.919982910156
2051.59436315633	784.400024414063
2053.93138163827	784.080017089844
2056.2676920499	784.320007324219
2058.6032946903	783.559997558594
2060.93818985843	784.119995117188
2063.27237785303	784.039978027344
2065.60585897272	783.799987792969
2067.93863351592	784.599975585938
2070.27070178089	783.719970703125
2072.60206406574	784.359985351563
2074.93272066838	784.239990234375
2077.26267188658	784.599975585938
2079.59191801793	784
2081.92045935985	784.359985351563
2084.24829620962	784
2086.57542886431	784.239990234375
2088.90185762087	784.440002441406
2091.22758277604	784.599975585938
2093.55260462643	783.960021972656
2095.87692346845	784.359985351563
2098.20053959837	784.440002441406
2100.52345331229	784.159973144531
2102.84566490614	784.559997558594
2105.16717467567	783.960021972656
2107.48798291649	784.599975585938
2109.80808992403	784.239990234375
2112.12749599355	784.039978027344
2114.44620142016	784
2116.7642064988	784.320007324219
2119.08151152423	783.919982910156
2121.39811679106	784.159973144531
2123.71402259374	783.880004882813
2126.02922922653	784.119995117188
2128.34373698356	784.359985351563
2130.65754615876	784.52001953125
2132.97065704594	783.719970703125
2135.28306993869	784.400024414063
2137.59478513047	783.359985351563
2139.90580291459	784.280029296875
2142.21612358416	784.640014648438
2144.52574743214	784.080017089844
2146.83467475134	784.640014648438
2149.1429058344	784.47998046875
2151.45044097377	784.599975585938
2153.75728046178	784.440002441406
2156.06342459057	784
2158.36887365212	784.880004882813
2160.67362793825	784.679992675781
2162.97768774061	784.080017089844
2165.28105335071	784.359985351563
2167.58372505987	784.559997558594
2169.88570315926	784.200012207031
2172.18698793988	784.679992675781
2174.48757969258	784.159973144531
2176.78747870805	784.359985351563
2179.08668527679	784.080017089844
2181.38519968917	784.159973144531
2183.68302223538	783.919982910156
2185.98015320547	783.679992675781
2188.27659288929	783.960021972656
2190.57234157656	783.760009765625
2192.86739955682	784.119995117188
2195.16176711948	783.840026855469
2197.45544455375	784.119995117188
2199.74843214869	783.919982910156
2202.04073019322	783.47998046875
2204.33233897607	783.880004882813
2206.62325878583	783.52001953125
2208.91348991093	783.760009765625
2211.20303263961	783.400024414063
2213.49188726	783.280029296875
2215.78005406001	783.719970703125
2218.06753332744	783.559997558594
2220.35432534991	783.440002441406
2222.64043041487	783.960021972656
2224.92584880964	783.280029296875
2227.21058082134	783.359985351563
2229.49462673696	783.52001953125
2231.77798684332	783.280029296875
2234.06066142709	784.119995117188
2236.34265077477	783.799987792969
2238.62395517269	784.039978027344
2240.90457490706	783.919982910156
2243.18451026388	783.880004882813
2245.46376152904	782.52001953125
2247.74232898823	783.47998046875
2250.02021292701	782.960021972656
2252.29741363077	783.960021972656
2254.57393138475	784.119995117188
2256.849766474	783.52001953125
2259.12491918346	783.159973144531
2261.39938979788	782.640014648438
2263.67317860185	783.200012207031
2265.94628587983	783.320007324219
2268.2187119161	783.359985351563
2270.49045699478	783.080017089844
2272.76152139985	783.200012207031
2275.03190541511	783.039978027344
2277.30160932421	783.320007324219
2279.57063341067	783.280029296875
2281.83897795781	783.039978027344
2284.10664324882	782.640014648438
2286.37362956672	783.159973144531
2288.63993719439	782.960021972656
2290.90556641454	783.52001953125
2293.17051750973	783.400024414063
2295.43479076235	783.119995117188
2297.69838645465	783.039978027344
2299.96130486871	783.320007324219
2302.22354628647	783.239990234375
2304.48511098971	783.359985351563
2306.74599926003	783.359985351563
2309.00621137891	783.119995117188
2311.26574762765	783.159973144531
2313.52460828741	782.880004882813
2315.78279363917	783.200012207031
2318.04030396379	783.159973144531
2320.29713954195	783.119995117188
2322.55330065418	783.320007324219
2324.80878758085	783.200012207031
2327.06360060219	783.200012207031
2329.31773999826	783.280029296875
2331.57120604897	782.840026855469
2333.82399903409	782.320007324219
2336.0761192332	783
2338.32756692577	782.960021972656
2340.57834239108	783.200012207031
2342.82844590827	782.47998046875
2345.07787775633	782.47998046875
2347.32663821409	782.880004882813
2349.57472756023	783.200012207031
2351.82214607327	783.359985351563
2354.06889403158	783.359985351563
2356.31497171337	782.679992675781
2358.56037939672	782.760009765625
2360.80511735953	783.039978027344
2363.04918587955	782.919982910156
2365.29258523439	783.159973144531
2367.5353157015	782.599975585938
2369.77737755817	782.400024414063
2372.01877108156	782.840026855469
2374.25949654865	782.919982910156
2376.49955423629	782.599975585938
2378.73894442115	782
2380.97766737977	782.52001953125
2383.21572338855	783.359985351563
2385.45311272369	783.200012207031
2387.68983566129	782.840026855469
2389.92589247727	782.640014648438
2392.1612834474	782.47998046875
2394.39600884731	781.880004882813
2396.63006895246	781.880004882813
2398.86346403818	782.799987792969
2401.09619437962	782.919982910156
2403.32826025182	782.799987792969
2405.55966192963	782.280029296875
2407.79039968777	782.559997558594
2410.0204738008	782.599975585938
2412.24988454313	782.119995117188
2414.47863218902	782.880004882813
2416.70671701258	782.119995117188
2418.93413928778	782.400024414063
2421.16089928842	782.119995117188
2423.38699728817	782.960021972656
2425.61243356052	782.400024414063
2427.83720837884	782.880004882813
2430.06132201633	782.919982910156
2432.28477474606	782.960021972656
2434.50756684093	782.239990234375
2436.72969857371	782.440002441406
2438.95117021699	782.719970703125
2441.17198204325	782.719970703125
2443.39213432478	782.960021972656
2445.61162733376	782.719970703125
2447.83046134218	782.919982910156
2450.04863662192	781.760009765625
2452.26615344468	782.039978027344
2454.48301208203	782.359985351563
2456.69921280539	783.200012207031
2458.91475588602	782.400024414063
2461.12964159504	782.359985351563
2463.34387020342	782.760009765625
2465.55744198198	782.359985351563
2467.77035720139	782.320007324219
2469.98261613217	782.080017089844
2472.1942190447	782.440002441406
2474.40516620922	782.599975585938
2476.6154578958	782.52001953125
2478.82509437436	782.280029296875
2481.03407591471	782.760009765625
2483.24240278646	782.599975585938
2485.45007525911	782.440002441406
2487.65709360202	782.880004882813
2489.86345808435	782.640014648438
2492.06916897518	782.760009765625
2494.27422654339	782.47998046875
2496.47863105774	782.400024414063
2498.68238278683	782.599975585938
2500.88548199912	782.440002441406
2503.08792896294	782.400024414063
2505.28972394643	782.719970703125
2507.49086721763	782.719970703125
2509.6913590444	782.719970703125
2511.89119969447	782.719970703125
2514.09038943543	782.52001953125
2516.2889285347	782.320007324219
2518.48681725957	782.799987792969
2520.6840558772	782.559997558594
2522.88064465456	782.599975585938
2525.07658385852	782.559997558594
2527.27187375578	783.039978027344
2529.4665146129	782.679992675781
2531.66050669629	782.239990234375
2533.85385027222	783
2536.04654560681	782.559997558594
2538.23859296605	782.559997558594
2540.42999261577	782.919982910156
2542.62074482166	781.880004882813
2544.81084984925	782.359985351563
2547.00030796395	782.640014648438
2549.18911943101	782.52001953125
2551.37728451555	782.320007324219
2553.56480348252	782.679992675781
2555.75167659675	782.200012207031
2557.93790412292	782.440002441406
2560.12348632556	782.599975585938
2562.30842346905	782.840026855469
2564.49271581764	782.599975585938
2566.67636363544	782.320007324219
2568.85936718639	782.679992675781
2571.04172673431	782.960021972656
2573.22344254288	782.320007324219
2575.40451487562	782.559997558594
2577.58494399591	782.239990234375
2579.76473016699	782.47998046875
2581.94387365196	782.960021972656
2584.12237471377	782.280029296875
2586.30023361523	782.599975585938
2588.47745061901	782.919982910156
2590.65402598763	782.719970703125
2592.82995998348	782.679992675781
2595.0052528688	782.760009765625
2597.17990490568	782.559997558594
2599.35391635608	782.239990234375
2601.52728748181	782.47998046875
2603.70001854454	782.760009765625
2605.8721098058	783.200012207031
2608.04356152698	782.320007324219
2610.21437396931	782.320007324219
2612.3845473939	782.400024414063
2614.55408206173	782.119995117188
2616.72297823359	782.640014648438
2618.89123617017	782.359985351563
2621.058856132	782.960021972656
2623.22583837949	782.799987792969
2625.39218317288	782.760009765625
2627.55789077229	782.840026855469
2629.72296143769	782.200012207031
2631.88739542891	782.400024414063
2634.05119300563	782.799987792969
2636.21435442742	783.359985351563
2638.37687995367	782.840026855469
2640.53876984365	782.47998046875
2642.70002435649	782.840026855469
2644.86064375119	783.200012207031
2647.02062828658	782.559997558594
2649.17997822137	783.200012207031
2651.33869381413	782.640014648438
2653.49677532328	783.640014648438
2655.65422300711	781.760009765625
2657.81103712378	782.559997558594
2659.96721793127	783.080017089844
2662.12276568747	783.080017089844
2664.2776806501	782.799987792969
2666.43196307675	782.599975585938
2668.58561322486	782.880004882813
2670.73863135176	782.359985351563
2672.8910177146	782.52001953125
2675.04277257043	782.559997558594
2677.19389617612	782.960021972656
2679.34438878845	782.599975585938
2681.49425066402	782.919982910156
2683.64348205931	782.840026855469
2685.79208323065	782.47998046875
2687.94005443425	783.039978027344
2690.08739592617	782.359985351563
2692.23410796233	782.919982910156
2694.38019079852	783.200012207031
2696.52564469038	782.880004882813
2698.67046989342	782.640014648438
2700.81466666302	782.880004882813
2702.9582352544	782.640014648438
2705.10117592265	783.320007324219
2707.24348892275	783.119995117188
2709.3851745095	783.47998046875
2711.5262329376	783.119995117188
2713.66666446158	783.359985351563
2715.80646933585	783.039978027344
2717.94564781468	783.799987792969
2720.08420015222	784.239990234375
2722.22212660245	783.719970703125
2724.35942741923	783.359985351563
2726.49610285628	783.359985351563
2728.63215316721	783.039978027344
2730.76757860544	783.559997558594
2732.9023794243	783.760009765625
2735.03655587697	784.200012207031
2737.17010821648	783.880004882813
2739.30303669573	783.760009765625
2741.4353415675	783.799987792969
2743.56702308442	783.760009765625
2745.69808149898	783.359985351563
2747.82851706355	784.200012207031
2749.95833003034	783.919982910156
2752.08752065145	784
2754.21608917883	783.760009765625
2756.3440358643	784.039978027344
2758.47136095954	783.440002441406
2760.59806471609	784.159973144531
2762.72414738537	783.239990234375
2764.84960921865	783.719970703125
2766.97445046708	783.559997558594
2769.09867138166	783.400024414063
2771.22227221326	783.559997558594
2773.34525321263	783.599975585938
2775.46761463035	783.359985351563
2777.58935671691	783.080017089844
2779.71047972262	783.719970703125
2781.83098389771	783.640014648438
2783.95086949221	783.320007324219
2786.07013675607	783.599975585938
2788.18878593908	783.599975585938
2790.3068172909	783.359985351563
2792.42423106106	783.640014648438
2794.54102749895	783.679992675781
2796.65720685384	783.760009765625
2798.77276937486	783.52001953125
2800.88771531098	783.400024414063
2803.00204491107	784.119995117188
2805.11575842387	783.840026855469
2807.22885609796	782.799987792969
2809.34133818179	783.960021972656
2811.4532049237	784.080017089844
2813.56445657189	783.599975585938
2815.6750933744	783.719970703125
2817.78511557916	784.52001953125
2819.89452343398	784.119995117188
2822.00331718652	784.440002441406
2824.11149708429	784.119995117188
2826.2190633747	785
2828.32601630502	785.440002441406
2830.43235612237	785.359985351563
2832.53808307375	785.119995117188
2834.64319740603	785.799987792969
2836.74769936595	786.47998046875
2838.85158920011	786.280029296875
2840.95486715497	787.359985351563
2843.05753347689	787.159973144531
2845.15958841206	788.799987792969
2847.26103220657	790.320007324219
2849.36186510636	791.760009765625
2851.46208735724	792.52001953125
2853.56169920488	791.239990234375
2855.66070089485	791.640014648438
2857.75909267257	792.159973144531
2859.85687478332	792.840026855469
2861.95404747225	794.679992675781
2864.05061098439	795.239990234375
2866.14656556464	794.640014648438
2868.24191145777	796.679992675781
2870.3366489084	797.400024414063
2872.43077816104	798.359985351563
2874.52429946006	799.440002441406
2876.61721304971	798.200012207031
2878.70951917409	800.840026855469
2880.8012180772	801.039978027344
2882.89231000287	800.840026855469
2884.98279519483	799.919982910156
2887.07267389667	800.280029296875
2889.16194635186	802
2891.25061280373	802.52001953125
2893.33867349546	801.840026855469
2895.42612867015	800.719970703125
2897.51297857074	801
2899.59922344003	801.280029296875
2901.68486352071	802.400024414063
2903.76989905533	802.719970703125
2905.85433028632	802.52001953125
2907.93815745598	805.039978027344
2910.02138080648	805.799987792969
2912.10400057985	807.840026855469
2914.186017018	807.400024414063
2916.26743036271	808.559997558594
2918.34824085563	809.799987792969
2920.4284487383	809.359985351563
2922.5080542521	810.320007324219
2924.58705763829	811.840026855469
2926.66545913802	813.640014648438
2928.74325899231	812.799987792969
2930.82045744202	814.239990234375
2932.89705472792	816.320007324219
2934.97305109062	815.559997558594
2937.04844677063	816.320007324219
2939.12324200832	815.359985351563
2941.19743704393	816.799987792969
2943.27103211757	814.280029296875
2945.34402746923	812.200012207031
2947.41642333876	811.919982910156
2949.48821996592	811
2951.55941759028	809.840026855469
2953.63001645135	808.280029296875
2955.70001678845	806.679992675781
2957.76941884083	806.200012207031
2959.83822284757	805.440002441406
2961.90642904764	805.760009765625
2963.97403767988	805.960021972656
2966.04104898302	804.200012207031
2968.10746319565	805.919982910156
2970.17328055621	806.599975585938
2972.23850130305	805
2974.30312567438	803.799987792969
2976.36715390829	804.119995117188
2978.43058624273	802.880004882813
2980.49342291553	800.840026855469
2982.55566416439	803
2984.61731022691	802
2986.67836134051	801.840026855469
2988.73881774255	801.47998046875
2990.79867967021	799.840026855469
2992.85794736058	800.239990234375
2994.9166210506	798.919982910156
2996.97470097711	798.679992675781
2999.03218737679	798.440002441406
3001.08908048622	797.159973144531
3003.14538054186	797.640014648438
3005.20108778002	797.640014648438
3007.25620243691	796.400024414063
3009.3107247486	797.359985351563
3011.36465495104	796.840026855469
3013.41799328004	796.960021972656
3015.47073997133	795.599975585938
3017.52289526045	796.159973144531
3019.57445938288	795.599975585938
3021.62543257393	796
3023.6758150688	797.359985351563
3025.72560710258	797.119995117188
3027.77480891021	795.280029296875
3029.82342072652	795.919982910156
3031.87144278622	795.919982910156
3033.91887532389	796.039978027344
3035.96571857399	796.280029296875
3038.01197277084	798.320007324219
3040.05763814867	798.200012207031
3042.10271494154	798.239990234375
3044.14720338344	798.679992675781
3046.19110370818	798.799987792969
3048.2344161495	800.039978027344
3050.27714094097	799.039978027344
3052.31927831608	799.440002441406
3054.36082850816	800.880004882813
3056.40179175044	801.559997558594
3058.44216827602	802.119995117188
3060.48195831786	802.200012207031
3062.52116210884	802.599975585938
3064.55977988167	802.559997558594
3066.59781186897	802.799987792969
3068.63525830322	802.119995117188
3070.67211941678	804.119995117188
3072.7083954419	803.359985351563
3074.7440866107	803.119995117188
3076.77919315516	804.200012207031
3078.81371530716	805.039978027344
3080.84765329846	804.799987792969
3082.88100736068	804.239990234375
3084.91377772534	804.52001953125
3086.94596462381	803.440002441406
3088.97756828737	804.280029296875
3091.00858894714	806.359985351563
3093.03902683417	805.960021972656
3095.06888217933	807.559997558594
3097.09815521342	807.119995117188
3099.12684616709	807.47998046875
3101.15495527087	808.47998046875
3103.18248275518	808.679992675781
3105.20942885031	808.719970703125
3107.23579378642	809.640014648438
3109.26157779358	809.239990234375
3111.28678110171	808.919982910156
3113.31140394062	809.200012207031
3115.33544654	812.039978027344
3117.35890912942	813.039978027344
3119.38179193832	811.359985351563
3121.40409519602	815.119995117188
3123.42581913174	815.52001953125
3125.44696397457	814.880004882813
3127.46752995345	816.52001953125
3129.48751729725	818.919982910156
3131.50692623469	817.239990234375
3133.52575699436	817.280029296875
3135.54400980476	819.159973144531
3137.56168489425	819.760009765625
3139.57878249108	821.320007324219
3141.59530282337	820.919982910156
3143.61124611913	818.280029296875
3145.62661260624	821.400024414063
3147.64140251247	820.320007324219
3149.65561606547	822.799987792969
3151.66925349277	826.47998046875
3153.68231502177	824.280029296875
3155.69480087977	823.599975585938
3157.70671129394	824.320007324219
3159.71804649132	826.159973144531
3161.72880669886	827.880004882813
3163.73899214336	827.640014648438
3165.74860305152	828.719970703125
3167.75763964991	829.640014648438
3169.766102165	830.599975585938
3171.77399082313	832
3173.7813058505	833.719970703125
3175.78804747323	831.280029296875
3177.79421591731	830.599975585938
3179.79981140859	832.159973144531
3181.80483417282	830.919982910156
3183.80928443564	834.119995117188
3185.81316242255	835.039978027344
3187.81646835896	835.280029296875
3189.81920247013	835.599975585938
3191.82136498122	835.919982910156
3193.82295611727	837.159973144531
3195.82397610321	838.200012207031
3197.82442516385	837.919982910156
3199.82430352386	837.080017089844
3201.82361140782	837.440002441406
3203.82234904018	839
3205.82051664529	839.359985351563
3207.81811444735	842.119995117188
3209.81514267047	839.559997558594
3211.81160153863	840.52001953125
3213.80749127571	841.679992675781
3215.80281210545	841.440002441406
3217.79756425148	840.359985351563
3219.79174793733	842.599975585938
3221.7853633864	843.039978027344
3223.77841082196	841.239990234375
3225.77089046719	842
3227.76280254513	845.080017089844
3229.75414727873	846.960021972656
3231.74492489081	848.400024414063
3233.73513560406	846.840026855469
3235.72477964107	845.400024414063
3237.71385722431	845.960021972656
3239.70236857614	844.719970703125
3241.6903139188	848
3243.6776934744	847.119995117188
3245.66450746496	846.359985351563
3247.65075611237	844.400024414063
3249.63643963841	844.159973144531
3251.62155826472	847.840026855469
3253.60611221287	845.799987792969
3255.59010170428	844.719970703125
3257.57352696026	847.440002441406
3259.55638820202	851.440002441406
3261.53868565064	849.719970703125
3263.52041952708	846.119995117188
3265.50159005221	844.440002441406
3267.48219744676	846.52001953125
3269.46224193136	850.280029296875
3271.44172372651	849.880004882813
3273.42064305262	846.159973144531
3275.39900012996	847.159973144531
3277.3767951787	847.679992675781
3279.35402841889	848.239990234375
3281.33070007047	850.919982910156
3283.30681035326	849.47998046875
3285.28235948698	848.280029296875
3287.25734769121	849.840026855469
3289.23177518544	848.679992675781
3291.20564218903	846.840026855469
3293.17894892124	848.719970703125
3295.1516956012	847.440002441406
3297.12388244795	849.559997558594
3299.09550968039	849.599975585938
3301.06657751732	847.159973144531
3303.03708617743	845.880004882813
3305.00703587929	848.359985351563
3306.97642684135	849.359985351563
3308.94525928196	849.679992675781
3310.91353341935	849.400024414063
3312.88124947164	850.679992675781
3314.84840765683	849.239990234375
3316.81500819282	849.719970703125
3318.78105129738	847.440002441406
3320.74653718818	844.799987792969
3322.71146608278	846.799987792969
3324.67583819861	844.080017089844
3326.639653753	848.960021972656
3328.60291296317	849.400024414063
3330.56561604621	847.159973144531
3332.52776321913	845.320007324219
3334.4893546988	846.159973144531
3336.45039070198	846.200012207031
3338.41087144533	843.119995117188
3340.37079714539	847.47998046875
3342.33016801859	848.880004882813
3344.28898428124	845.52001953125
3346.24724614955	846.880004882813
3348.20495383962	846.640014648438
3350.16210756742	846.880004882813
3352.11870754883	845.200012207031
3354.07475399961	846.159973144531
3356.03024713539	850.280029296875
3357.98518717173	850.159973144531
3359.93957432403	851.359985351563
3361.89340880761	849.880004882813
3363.84669083768	845.440002441406
3365.79942062933	842.679992675781
3367.75159839753	843.440002441406
3369.70322435715	843.559997558594
3371.65429872295	845.239990234375
3373.60482170957	847.080017089844
3375.55479353155	848.719970703125
3377.50421440332	849.52001953125
3379.45308453918	849.280029296875
3381.40140415335	848.039978027344
3383.34917345991	852.52001953125
3385.29639267284	851.400024414063
3387.24306200602	847.359985351563
3389.18918167321	846.960021972656
3391.13475188806	850.039978027344
3393.07977286411	850
3395.02424481479	847.960021972656
3396.96816795342	847.47998046875
3398.91154249322	849
3400.85436864728	846.559997558594
3402.79664662859	844.52001953125
3404.73837665004	846.840026855469
3406.67955892439	850.320007324219
3408.62019366432	848.599975585938
3410.56028108236	852.52001953125
3412.49982139096	849.640014648438
3414.43881480247	846.159973144531
3416.37726152909	847.679992675781
3418.31516178295	846.239990234375
3420.25251577605	849.880004882813
3422.18932372029	850.799987792969
3424.12558582746	847.559997558594
3426.06130230922	847.880004882813
3427.99647337717	846.52001953125
3429.93109924274	842.960021972656
3431.8651801173	844.320007324219
3433.79871621209	846.200012207031
3435.73170773824	848.640014648438
3437.66415490678	847.840026855469
3439.59605792862	847.039978027344
3441.52741701458	848.760009765625
3443.45823237536	846.320007324219
3445.38850422154	844.799987792969
3447.31823276362	844.599975585938
3449.24741821196	848.719970703125
3451.17606077684	848.640014648438
3453.10416066842	847.880004882813
3455.03171809674	846.039978027344
3456.95873327175	844
3458.88520640329	847.960021972656
3460.81113770109	846.799987792969
3462.73652737477	843.799987792969
3464.66137563383	842.719970703125
3466.58568268769	842.799987792969
3468.50944874565	841.039978027344
3470.43267401689	838.559997558594
3472.3553587105	842.239990234375
3474.27750303545	839.119995117188
3476.19910720062	838.640014648438
3478.12017141476	841.440002441406
3480.04069588654	841.719970703125
3481.9606808245	841.719970703125
3483.88012643707	842.119995117188
3485.79903293259	842.440002441406
3487.7174005193	841.919982910156
3489.63522940532	839.52001953125
3491.55251979864	833.159973144531
3493.46927190719	833.280029296875
3495.38548593877	830.599975585938
3497.30116210107	829.760009765625
3499.21630060167	830.400024414063
3501.13090164807	828.400024414063
3503.04496544763	830.159973144531
3504.95849220763	829.919982910156
3506.87148213523	826.400024414063
3508.78393543748	827.599975585938
3510.69585232134	828.239990234375
3512.60723299365	824.760009765625
3514.51807766116	824.440002441406
3516.42838653049	827.159973144531
3518.33815980819	826.960021972656
3520.24739770066	826.559997558594
3522.15610041423	824.52001953125
3524.06426815511	826.679992675781
3525.9719011294	824
3527.87899954311	822.159973144531
3529.78556360213	821.840026855469
3531.69159351225	823.320007324219
3533.59708947916	824.200012207031
3535.50205170844	820.640014648438
3537.40648040556	818
3539.3103757759	817.200012207031
3541.21373802472	818.039978027344
3543.11656735717	818
3545.01886397833	818.200012207031
3546.92062809313	814.799987792969
3548.82185990643	814.960021972656
3550.72255962297	815.039978027344
3552.62272744738	814.080017089844
3554.5223635842	813.200012207031
3556.42146823786	814.039978027344
3558.32004161268	814.239990234375
3560.21808391289	813.760009765625
3562.11559534259	811.760009765625
3564.01257610581	810.080017089844
3565.90902640645	808.960021972656
3567.80494644831	809.320007324219
3569.7003364351	811.119995117188
3571.59519657042	811.400024414063
3573.48952705774	810.080017089844
3575.38332810048	811.239990234375
3577.27659990191	809.47998046875
3579.16934266521	808.559997558594
3581.06155659346	809.599975585938
3582.95324188965	808.080017089844
3584.84439875663	808.359985351563
3586.73502739718	807.880004882813
3588.62512801397	807.52001953125
3590.51470080955	804.960021972656
3592.40374598639	804.119995117188
3594.29226374685	803.799987792969
3596.18025429317	804.080017089844
3598.06771782751	802.119995117188
3599.95465455192	802.47998046875
3601.84106466834	801.559997558594
3603.72694837861	800.919982910156
3605.61230588447	802.840026855469
3607.49713738756	804.599975585938
3609.38144308942	802.52001953125
3611.26522319148	801.760009765625
3613.14847789506	801.919982910156
3615.0312074014	800.559997558594
3616.91341191162	798.679992675781
3618.79509162674	801.320007324219
3620.67624674769	799.440002441406
3622.55687747528	799.359985351563
3624.43698401024	799.679992675781
3626.31656655317	799.760009765625
3628.1956253046	797.359985351563
3630.07416046492	797
3631.95217223446	797.280029296875
3633.82966081342	795.760009765625
3635.70662640191	795.559997558594
3637.58306919993	795.640014648438
3639.45898940739	795.52001953125
3641.33438722409	794.52001953125
3643.20926284973	794.159973144531
3645.08361648392	793.599975585938
3646.95744832614	793.280029296875
3648.8307585758	793.679992675781
3650.7035474322	794.960021972656
3652.57581509452	793.280029296875
3654.44756176188	793.799987792969
3656.31878763324	792.640014648438
3658.18949290753	791.760009765625
3660.05967778352	791.400024414063
3661.9293424599	791.320007324219
3663.79848713527	791
3665.66711200812	790.239990234375
3667.53521727684	790.840026855469
3669.40280313972	789.039978027344
3671.26986979494	788.880004882813
3673.13641744059	788.960021972656
3675.00244627468	789.200012207031
