-140.373595351881	779.039978027344
-137.335129063906	779.080017089844
-134.297686810867	779.239990234375
-131.261268103955	779.400024414063
-128.225872454677	779.440002441406
-125.191499374839	779.159973144531
-122.158148376567	778.760009765625
-119.125818972292	778.679992675781
-116.094510674759	779.080017089844
-113.064222997021	779.119995117188
-110.034955452443	778.840026855469
-107.006707554687	779.400024414063
-103.979478817741	779
-100.95326875589	779.400024414063
-97.928076883731	778.840026855469
-94.9039027161698	778.799987792969
-91.8807457684175	779.080017089844
-88.8586055560018	779.200012207031
-85.8374815947384	779.119995117188
-82.8173734007715	778.960021972656
-79.7982804905411	779.359985351563
-76.7802023807988	779.039978027344
-73.7631385885914	778.52001953125
-70.7470886312892	778.880004882813
-67.732052026553	779.039978027344
-64.7180282923587	779.119995117188
-61.7050169469884	779.320007324219
-58.6930175090183	778.919982910156
-55.6820294973386	779.320007324219
-52.6720524311495	778.640014648438
-49.66308582994	779.200012207031
-46.6551292135171	779.080017089844
-43.6481821019882	779.119995117188
-40.6422440157577	779.159973144531
-37.6373144755424	779.039978027344
-34.6333930023594	779.080017089844
-31.630479117526	779.239990234375
-28.6285723426709	778.919982910156
-25.6276721997107	779.599975585938
-22.6277782108771	779.440002441406
-19.628889898701	779.47998046875
-16.6310067860081	779.159973144531
-13.6341283959385	779.960021972656
-10.6382542519231	782.919982910156
-7.64338387769432	797.599975585938
-4.64951679729502	830.280029296875
-1.65665253506141	843.119995117188
1.33520938438089	824.159973144531
4.32606943608095	791.559997558594
7.315928094803	780.080017089844
10.3047858350146	779.239990234375
13.2926431308747	779.679992675781
16.2795004562541	779.119995117188
19.2653582847118	778.799987792969
22.2502170895187	779.640014648438
25.2340773436344	779.119995117188
28.216939519735	779.080017089844
31.1988040901939	779.119995117188
34.1796715270814	779.119995117188
37.1595423021732	779.320007324219
40.1384168869468	779.239990234375
43.1162957525854	779.119995117188
46.0931793699786	779
49.0690682097059	778.52001953125
52.0439627420619	778.919982910156
55.0178634370476	778.679992675781
57.9907707643592	778.760009765625
60.9626851933962	779.119995117188
63.9336071932735	778.400024414063
66.9035372328018	779.119995117188
69.8724757804959	778.919982910156
72.8404233045826	778.919982910156
75.8073802729932	779.200012207031
78.7733471533597	779.200012207031
81.738324413019	778.799987792969
84.702312519025	778.919982910156
87.665311938125	778.840026855469
90.6273231367761	778.719970703125
93.5883465811569	779.359985351563
96.5483827371242	779.080017089844
99.5074320702731	778.760009765625
102.465495045889	779.280029296875
105.422572128961	779.359985351563
108.378663784199	779.400024414063
111.333770476014	778.760009765625
114.287892668528	778.52001953125
117.24103082557	779
120.193185410674	779.52001953125
123.144356887097	779.440002441406
126.094545717786	779.239990234375
129.043752365413	779.840026855469
131.991977292355	780.080017089844
134.939220960695	780.760009765625
137.885483832232	780.679992675781
140.83076636847	780.919982910156
143.775069030632	781.320007324219
146.718392279644	781.960021972656
149.660736576149	782.159973144531
152.602102380488	782.760009765625
155.54249015274	783.320007324219
158.481900352672	783.400024414063
161.420333439765	784.359985351563
164.357789873227	784.599975585938
167.294270111968	785.679992675781
170.229774614617	786
173.164303839496	787.919982910156
176.097858244675	788
179.030438287908	788.799987792969
181.962044426678	789.760009765625
184.89267711817	790
187.822336819302	792
190.751023986678	791.119995117188
193.678739076648	791.760009765625
196.605482545255	791.640014648438
199.531254848261	792.880004882813
202.456056441152	792.47998046875
205.379887779119	792.599975585938
208.30274931708	792.640014648438
211.224641509656	793.840026855469
214.145564811189	793.039978027344
217.06551967574	794.159973144531
219.984506557089	792.799987792969
222.902525908723	792.719970703125
225.819578183856	793.080017089844
228.735663835415	793.799987792969
231.650783316047	792.960021972656
234.564937078107	792.719970703125
237.478125573679	791.679992675781
240.390349254566	792.719970703125
243.301608572278	793.080017089844
246.211903978051	792.880004882813
249.121235922839	793.960021972656
252.029604857321	793.880004882813
254.93701123188	794.200012207031
257.843455496632	794.359985351563
260.748938101415	795.919982910156
263.653459495766	796.719970703125
266.557020128967	796.799987792969
269.459620450005	797
272.361260907595	798.039978027344
275.261941950168	797.679992675781
278.161664025874	797.280029296875
281.060427582592	799
283.958233067921	797.679992675781
286.855080929176	796.679992675781
289.750971613398	797.400024414063
292.645905567344	797.599975585938
295.539883237503	797.719970703125
298.432905070079	797.159973144531
301.324971511007	796.799987792969
304.216083005931	797.359985351563
307.10624000023	798.400024414063
309.995442939003	800.359985351563
312.883692267071	804.760009765625
315.770988428979	813.039978027344
318.657331869	824.640014648438
321.542723031127	833.280029296875
324.427162359076	829.200012207031
327.310650296293	818.719970703125
330.193187285945	810.239990234375
333.074773770929	803.679992675781
335.955410193855	801.760009765625
338.835096997075	798.840026855469
341.713834622655	797.960021972656
344.59162351239	797.47998046875
347.468464107802	796.52001953125
350.344356850137	796.599975585938
353.219302180373	796.320007324219
356.093300539208	796.080017089844
358.966352367073	795
361.838458104123	794.599975585938
364.70961819024	794.52001953125
367.579833065031	795.159973144531
370.449103167837	794.719970703125
373.317428937727	796.200012207031
376.184810813496	795.47998046875
379.051249233659	794.799987792969
381.916744636474	794.47998046875
384.78129745992	794.320007324219
387.644908141706	795.200012207031
390.50757711927	794.52001953125
393.36930482978	794.200012207031
396.23009171014	794.440002441406
399.089938196969	794.760009765625
401.948844726631	794.960021972656
404.806811735214	794.880004882813
407.66383965853	795.559997558594
410.519928932138	794.440002441406
413.375079991314	794.440002441406
416.229293271071	795.159973144531
419.082569206155	795
421.934908231031	795.280029296875
424.786310779917	795.320007324219
427.636777286748	794.919982910156
430.486308185189	795
433.334903908649	795.559997558594
436.182564890262	796
439.029291562898	795.960021972656
441.875084359157	795.440002441406
444.719943711374	794.799987792969
447.563870051618	795.039978027344
450.406863811695	794.119995117188
453.248925423132	794.640014648438
456.090055317208	794.840026855469
458.93025392492	794.679992675781
461.76952167701	793.760009765625
464.60785900395	794.919982910156
467.44526633595	795.52001953125
470.281744102955	794.760009765625
473.117292734635	795.080017089844
475.951912660415	795.359985351563
478.785604309439	795.159973144531
481.618368110592	794.159973144531
484.450204492499	794.239990234375
487.281113883518	794.159973144531
490.111096711738	795.320007324219
492.940153404999	794.919982910156
495.768284390864	795.679992675781
498.595490096635	795.760009765625
501.421770949366	795.359985351563
504.247127375825	795.119995117188
507.071559802537	796.440002441406
509.89506865575	795.719970703125
512.717654361473	794.159973144531
515.539317345424	795.679992675781
518.360058033083	794.880004882813
521.179876849652	795.840026855469
523.998774220083	796.320007324219
526.816750569068	795.799987792969
529.633806321025	795.799987792969
532.44994190013	794.880004882813
535.265157730284	794.599975585938
538.079454235133	794.200012207031
540.892831838066	794.359985351563
543.705290962208	794.679992675781
546.516832030424	795.280029296875
549.32745546533	795.119995117188
552.137161689268	794.559997558594
554.945951124325	794.52001953125
557.753824192341	794.960021972656
560.560781314883	795.47998046875
563.36682291327	795.039978027344
566.171949408555	794.840026855469
568.976161221537	794.840026855469
571.779458772759	794.359985351563
574.5818424825	795
577.383312770792	794.52001953125
580.183870057402	794.799987792969
582.983514761843	794.52001953125
585.782247303363	794.559997558594
588.580068100976	794.599975585938
591.376977573414	794.719970703125
594.172976139164	794.440002441406
596.968064216463	794.320007324219
599.762242223282	794.919982910156
602.555510577335	794.799987792969
605.347869696099	794.440002441406
608.139319996771	794.799987792969
610.929861896313	793.599975585938
613.719495811421	794.719970703125
616.508222158541	794.320007324219
619.296041353863	794.760009765625
622.082953813324	795.599975585938
624.868959952607	794.359985351563
627.654060187137	794.039978027344
630.438254932094	793.799987792969
633.221544602397	794.440002441406
636.003929612719	794.239990234375
638.785410377468	794.640014648438
641.565987310814	795
644.345660826665	794
647.124431338674	794.760009765625
649.902299260252	794.559997558594
652.679265004552	793.799987792969
655.455328984475	794.039978027344
658.230491612671	793.880004882813
661.004753301541	794.599975585938
663.778114463229	793.880004882813
666.550575509631	794.919982910156
669.322136852395	795.719970703125
672.092798902916	794.039978027344
674.862562072336	794.599975585938
677.631426771548	794.880004882813
680.399393411204	795.320007324219
683.166462401689	793.679992675781
685.93263415315	793.919982910156
688.697909075486	794.679992675781
691.462287578337	794.400024414063
694.225770071098	794.200012207031
696.988356962926	794.320007324219
699.750048662705	794.400024414063
702.5108455791	794.440002441406
705.270748120503	794.119995117188
708.029756695068	793.119995117188
710.787871710705	794
713.545093575065	794.799987792969
716.301422695566	794.200012207031
719.056859479364	794.640014648438
721.811404333376	794.960021972656
724.56505766427	793.719970703125
727.317819878473	794.840026855469
730.069691382148	794.840026855469
732.820672581226	794.640014648438
735.570763881396	794.280029296875
738.319965688092	793.799987792969
741.068278406496	794.440002441406
743.815702441559	794.52001953125
746.562238197974	793.840026855469
749.307886080196	795.239990234375
752.052646492436	794.760009765625
754.796519838656	795.599975585938
757.539506522567	794.280029296875
760.28160694765	794.760009765625
763.022821517128	795
765.76315063399	795.559997558594
768.502594700972	796.039978027344
771.241154120572	794.880004882813
773.978829295045	794.599975585938
776.715620626397	794.880004882813
779.451528516396	796.52001953125
782.186553366565	796.400024414063
784.920695578179	796
787.653955552283	796.400024414063
790.386333689662	796.640014648438
793.117830390877	795.760009765625
795.848446056227	795.400024414063
798.578181085792	796.039978027344
801.307035879389	794
804.035010836599	793.840026855469
806.762106356774	795.440002441406
809.488322839013	795.200012207031
812.213660682169	794.840026855469
814.938120284866	794.359985351563
817.661702045482	794.039978027344
820.384406362153	794.159973144531
823.10623363278	793.47998046875
825.827184255014	794.840026855469
828.547258626283	794.159973144531
831.266457143747	795.440002441406
833.984780204358	794.840026855469
836.702228204804	794.52001953125
839.418801541552	794.400024414063
842.134500610814	793.799987792969
844.849325808575	794.080017089844
847.563277530579	795.080017089844
850.276356172319	795.239990234375
852.988562129066	795.119995117188
855.69989579585	795.47998046875
858.410357567456	794.679992675781
861.119947838428	794.919982910156
863.828667003087	794.400024414063
866.536515455503	794.320007324219
869.243493589517	793.47998046875
871.949601798728	793.440002441406
874.654840476504	793.919982910156
877.359210015961	794.52001953125
880.062710810003	794.119995117188
882.765343251273	793.52001953125
885.467107732191	793.599975585938
888.168004644938	793.960021972656
890.868034381467	794.280029296875
893.567197333476	793.47998046875
896.265493892445	793.719970703125
898.962924449614	794.159973144531
901.659489395985	794.280029296875
904.355189122325	794.119995117188
907.050024019165	794.599975585938
909.743994476809	794
912.437100885322	794.239990234375
915.129343634532	794.119995117188
917.820723114032	794.239990234375
920.511239713189	793.840026855469
923.200893821127	794.320007324219
925.889685826744	794.119995117188
928.577616118699	795.119995117188
931.264685085419	794.280029296875
933.950893115098	795.799987792969
936.6362405957	795.080017089844
939.320727914956	794.559997558594
942.004355460359	794.599975585938
944.687123619173	795.679992675781
947.369032778431	794.400024414063
950.050083324934	794.200012207031
952.730275645247	794.359985351563
955.409610125711	794.640014648438
958.088087152423	794.760009765625
960.765707111263	794.400024414063
963.442470387871	795
966.118377367657	795.200012207031
968.793428435798	793.400024414063
971.467623977254	794.919982910156
974.140964376739	794.640014648438
976.813450018737	793.47998046875
979.485081287511	795.239990234375
982.155858567087	793.640014648438
984.825782241271	794.760009765625
987.494852693624	794.52001953125
990.163070307487	794
992.830435465978	793.960021972656
995.496948551973	794.039978027344
998.162609948122	794.679992675781
1000.82742003685	795.840026855469
1003.49137920036	798.159973144531
1006.15448782061	797.47998046875
1008.81674627934	796.47998046875
1011.47815495806	794.239990234375
1014.13871423805	792.719970703125
1016.79842450037	793.47998046875
1019.45728612586	793.559997558594
1022.11529949509	793.440002441406
1024.77246498846	792.47998046875
1027.4287829861	793.840026855469
1030.08425386792	793.440002441406
1032.73887801363	794.559997558594
1035.3926558027	794.039978027344
1038.04558761435	793.359985351563
1040.69767382761	793.719970703125
1043.34891482125	793.52001953125
1045.99931097384	794.719970703125
1048.64886266371	793.440002441406
1051.29757026898	793.599975585938
1053.94543416753	793.640014648438
1056.59245473701	793.799987792969
1059.23863235486	794.239990234375
1061.8839673983	792.52001953125
1064.5284602443	792.840026855469
1067.17211126962	793.359985351563
1069.8149208508	794.559997558594
1072.45688936415	794.440002441406
1075.09801718577	794.159973144531
1077.7383046915	793.200012207031
1080.377752257	794.119995117188
1083.01636025767	793.640014648438
1085.65412906872	793.880004882813
1088.2910590651	794.039978027344
1090.92715062157	795.200012207031
1093.56240411266	795.239990234375
1096.19681991265	795.039978027344
1098.83039839564	795.080017089844
1101.46313993547	795.119995117188
1104.09504490579	795.239990234375
1106.72611368	793.919982910156
1109.35634663129	792.880004882813
1111.98574413263	792.880004882813
1114.61430655677	792.640014648438
1117.24203427624	793.719970703125
1119.86892766333	792.359985351563
1122.49498709014	793.47998046875
1125.12021292851	793.159973144531
1127.74460555011	792.640014648438
1130.36816532634	793.080017089844
1132.99089262841	793.080017089844
1135.6127878273	793.719970703125
1138.23385129376	792.359985351563
1140.85408339834	791.960021972656
1143.47348451137	792.47998046875
1146.09205500294	791.159973144531
1148.70979524293	791.239990234375
1151.326705601	791.47998046875
1153.9427864466	792.080017089844
1156.55803814896	791
1159.17246107707	790.840026855469
1161.78605559974	792.280029296875
1164.39882208551	791.599975585938
1167.01076090276	792.960021972656
1169.6218724196	793.159973144531
1172.23215700396	793.119995117188
1174.84161502352	792.119995117188
1177.45024684578	792.280029296875
1180.05805283799	792.280029296875
1182.66503336719	792.239990234375
1185.27118880021	792.320007324219
1187.87651950367	792.039978027344
1190.48102584395	792.359985351563
1193.08470818723	792.47998046875
1195.68756689948	792.039978027344
1198.28960234643	792.200012207031
1200.89081489363	792.599975585938
1203.49120490636	793.599975585938
1206.09077274974	792.880004882813
1208.68951878864	792.159973144531
1211.28744338773	793.440002441406
1213.88454691145	794.080017089844
1216.48082972404	794.080017089844
1219.07629218953	794.359985351563
1221.6709346717	793.400024414063
1224.26475753416	793.960021972656
1226.85776114028	794.159973144531
1229.44994585322	795.039978027344
1232.04131203592	794.919982910156
1234.63186005112	795.640014648438
1237.22159026133	796.119995117188
1239.81050302886	796.159973144531
1242.3985987158	796.400024414063
1244.98587768402	796.960021972656
1247.5723402952	795.880004882813
1250.15798691078	797.280029296875
1252.74281789199	797.679992675781
1255.32683359987	797.799987792969
1257.91003439523	795.760009765625
1260.49242063865	796.840026855469
1263.07399269055	796.080017089844
1265.65475091108	795.760009765625
1268.23469566021	795.960021972656
1270.81382729769	796.320007324219
1273.39214618306	795.359985351563
1275.96965267566	795.159973144531
1278.54634713458	795.359985351563
1281.12222991875	795.239990234375
1283.69730138685	795.960021972656
1286.27156189737	795.119995117188
1288.84501180858	795.280029296875
1291.41765147853	795.119995117188
1293.98948126509	795.47998046875
1296.56050152589	796
1299.13071261837	795.52001953125
1301.70011489973	796.239990234375
1304.268708727	796.599975585938
1306.83649445698	795.719970703125
1309.40347244625	796.239990234375
1311.96964305119	796.559997558594
1314.53500662799	796.400024414063
1317.0995635326	796.599975585938
1319.66331412077	796.679992675781
1322.22625874806	796.719970703125
1324.7883977698	796.400024414063
1327.34973154112	795.320007324219
1329.91026041694	796.039978027344
1332.46998475197	795.359985351563
1335.0289049007	796.719970703125
1337.58702121746	796.320007324219
1340.14433405631	796.559997558594
1342.70084377115	796.239990234375
1345.25655071563	796
1347.81145524323	795.960021972656
1350.36555770721	794.880004882813
1352.91885846062	793.679992675781
1355.47135785631	793.679992675781
1358.02305624691	793.200012207031
1360.57395398486	792.679992675781
1363.12405142237	793.119995117188
1365.67334891148	793.039978027344
1368.22184680399	792.919982910156
1370.76954545151	793.039978027344
1373.31644520545	792.440002441406
1375.86254641699	793.359985351563
1378.40784943713	792.47998046875
1380.95235461666	792.159973144531
1383.49606230615	792.960021972656
1386.03897285598	792.559997558594
1388.58108661632	791.919982910156
1391.12240393713	792.039978027344
1393.66292516818	792.239990234375
1396.20265065903	793.080017089844
1398.74158075901	791.679992675781
1401.2797158173	792.440002441406
1403.81705618282	791.640014648438
1406.35360220431	792.280029296875
1408.88935423032	791.320007324219
1411.42431260919	791.640014648438
1413.95847768903	791.719970703125
1416.49184981777	791.039978027344
1419.02442934314	791.640014648438
1421.55621661266	792.239990234375
1424.08721197364	792.52001953125
1426.61741577321	793
1429.14682835828	792.640014648438
1431.67545007555	792.200012207031
1434.20328127153	792.559997558594
1436.73032229253	793.239990234375
1439.25657348466	794.599975585938
1441.78203519381	794.760009765625
1444.3067077657	795.799987792969
1446.83059154581	796.960021972656
1449.35368687944	796.239990234375
1451.8759941117	795.799987792969
1454.39751358748	796.080017089844
1456.91824565148	796.080017089844
1459.43819064818	795.119995117188
1461.95734892189	795.760009765625
1464.4757208167	793.52001953125
1466.99330667649	793.679992675781
1469.51010684497	793.039978027344
1472.02612166564	793.280029296875
1474.54135148177	793.280029296875
1477.05579663646	792.239990234375
1479.56945747262	793.119995117188
1482.08233433293	792.320007324219
1484.59442755989	791.679992675781
1487.10573749579	791.799987792969
1489.61626448275	791.280029296875
1492.12600886264	791.559997558594
1494.63497097718	790.719970703125
1497.14315116786	789.840026855469
1499.65054977599	788.840026855469
1502.15716714267	789.400024414063
1504.66300360881	788.359985351563
1507.16805951512	788.359985351563
1509.67233520211	788.280029296875
1512.1758310101	788.280029296875
1514.67854727919	788.52001953125
1517.18048434931	787.760009765625
1519.68164256018	788.280029296875
1522.18202225132	788.039978027344
1524.68162376207	788.119995117188
1527.18044743155	788.239990234375
1529.67849359869	788.039978027344
1532.17576260224	788.119995117188
1534.67225478072	788.039978027344
1537.1679704725	788.559997558594
1539.66291001572	788.239990234375
1542.15707374832	788
1544.65046200807	788.47998046875
1547.14307513254	789.080017089844
1549.63491345907	789.080017089844
1552.12597732485	789.280029296875
1554.61626706685	789.359985351563
1557.10578302185	789.52001953125
1559.59452552644	789.359985351563
1562.082494917	789.559997558594
1564.56969152973	789.52001953125
1567.05611570064	790.159973144531
1569.54176776552	790.400024414063
1572.02664806	791.159973144531
1574.51075691949	791.52001953125
1576.99409467921	792.119995117188
1579.4766616742	792
1581.95845823929	792.119995117188
1584.43948470912	791.799987792969
1586.91974141815	791.159973144531
1589.39922870064	791.239990234375
1591.87794689064	791.47998046875
1594.35589632202	791.039978027344
1596.83307732848	791.320007324219
1599.30949024348	790.760009765625
1601.78513540033	791.47998046875
1604.26001313211	792.799987792969
1606.73412377175	792.039978027344
1609.20746765196	792.280029296875
1611.68004510526	792.200012207031
1614.15185646398	792.119995117188
1616.62290206026	792.52001953125
1619.09318222605	792.039978027344
1621.56269729311	792.359985351563
1624.031447593	792.280029296875
1626.4994334571	793.159973144531
1628.9666552166	793.359985351563
1631.43311320248	793.559997558594
1633.89880774554	793.119995117188
1636.3637391764	793.359985351563
1638.82790782548	792.52001953125
1641.29131402301	794.239990234375
1643.75395809903	796
1646.21584038339	795.559997558594
1648.67696120575	795.52001953125
1651.13732089558	795.719970703125
1653.59691978216	795.919982910156
1656.05575819459	796.559997558594
1658.51383646175	796.880004882813
1660.97115491238	796.679992675781
1663.42771387498	796.679992675781
1665.8835136779	796.400024414063
1668.33855464928	795.159973144531
1670.79283711708	795.080017089844
1673.24636140907	795.840026855469
1675.69912785282	793.960021972656
1678.15113677572	795.080017089844
1680.602388505	793.280029296875
1683.05288336764	792.559997558594
1685.50262169049	792
1687.95160380019	791.640014648438
1690.39983002318	791
1692.84730068573	790.280029296875
1695.29401611392	789.200012207031
1697.73997663364	789.47998046875
1700.18518257059	788.960021972656
1702.6296342503	788.679992675781
1705.07333199807	787.919982910156
1707.51627613907	788.159973144531
1709.95846699824	787.47998046875
1712.39990490036	787.119995117188
1714.84059017001	786.640014648438
1717.28052313159	785.719970703125
1719.7197041093	786.840026855469
1722.15813342718	787.039978027344
1724.59581140906	786.559997558594
1727.03273837859	786.320007324219
1729.46891465926	785.359985351563
1731.90434057432	785.919982910156
1734.3390164469	785.880004882813
1736.7729425999	785.280029296875
1739.20611935604	786.080017089844
1741.63854703787	785
1744.07022596776	785.320007324219
1746.50115646787	785.239990234375
1748.93133886019	785.200012207031
1751.36077346652	785.719970703125
1753.7894606085	785.159973144531
1756.21740060755	784.880004882813
1758.64459378494	785.400024414063
1761.07104046172	784.840026855469
1763.49674095879	784.840026855469
1765.92169559684	784.840026855469
1768.3459046964	784.320007324219
1770.7693685778	784.840026855469
1773.1920875612	785.039978027344
1775.61406196656	784.47998046875
1778.03529211367	784.880004882813
1780.45577832214	784.840026855469
1782.87552091138	785.47998046875
1785.29452020064	784.320007324219
1787.71277650897	784.52001953125
1790.13029015525	784.159973144531
1792.54706145817	785.080017089844
1794.96309073625	784.599975585938
1797.3783783078	784.280029296875
1799.79292449097	784.47998046875
1802.20672960375	784.359985351563
1804.61979396389	784.599975585938
1807.03211788902	785.119995117188
1809.44370169655	784.52001953125
1811.85454570373	784.440002441406
1814.2646502276	784.799987792969
1816.67401558506	784.320007324219
1819.0826420928	784.599975585938
1821.49053006734	784.52001953125
1823.89767982501	784.400024414063
1826.30409168198	784.400024414063
1828.70976595422	784.119995117188
1831.11470295753	783.239990234375
1833.51890300752	784.239990234375
1835.92236641964	784.359985351563
1838.32509350914	783.47998046875
1840.72708459111	783.799987792969
1843.12833998044	784.400024414063
1845.52885999184	784.159973144531
1847.92864493987	784.239990234375
1850.32769513889	784.47998046875
1852.72601090307	783.840026855469
1855.12359254642	783.719970703125
1857.52044038278	784
1859.91655472578	784.159973144531
1862.31193588889	783.880004882813
1864.70658418542	784.200012207031
1867.10049992847	783.919982910156
1869.49368343096	783.960021972656
1871.88613500568	784.039978027344
1874.27785496518	784.159973144531
1876.66884362188	783.719970703125
1879.059101288	784.400024414063
1881.44862827559	783.280029296875
1883.8374248965	783.719970703125
1886.22549146246	783.840026855469
1888.61282828495	783.799987792969
1890.99943567534	783.880004882813
1893.38531394477	783.760009765625
1895.77046340424	783.239990234375
1898.15488436455	784.440002441406
1900.53857713634	784.119995117188
1902.92154203006	783.799987792969
1905.303779356	784.200012207031
1907.68528942426	784.080017089844
1910.06607254477	783.640014648438
1912.44612902729	783.840026855469
1914.82545918139	783.919982910156
1917.20406331648	784.200012207031
1919.58194174178	783.919982910156
1921.95909476634	784
1924.33552269905	783.640014648438
1926.71122584861	784.119995117188
1929.08620452353	783.679992675781
1931.46045903219	783.47998046875
1933.83398968275	783.47998046875
1936.20679678322	784.159973144531
1938.57888064142	783.799987792969
1940.95024156502	784.039978027344
1943.3208798615	784.359985351563
1945.69079583816	783.880004882813
1948.05998980213	783.640014648438
1950.42846206038	784
1952.79621291969	783.919982910156
1955.16324268668	783.760009765625
1957.52955166778	783.919982910156
1959.89514016927	784.280029296875
1962.26000849723	784.159973144531
1964.62415695759	783.960021972656
1966.98758585609	783.280029296875
1969.3502954983	783.719970703125
1971.71228618964	784.719970703125
1974.07355823532	783.919982910156
1976.43411194042	784.320007324219
1978.79394760981	784.159973144531
1981.1530655482	784.52001953125
1983.51146606014	783.880004882813
1985.86914944999	783.840026855469
1988.22611602196	784.47998046875
1990.58236608007	783.919982910156
1992.93789992817	784.239990234375
1995.29271786995	784.239990234375
1997.64682020892	784.47998046875
2000.00020724843	784.159973144531
2002.35287929162	784.159973144531
2004.70483664152	784.200012207031
2007.05607960095	784.080017089844
2009.40660847256	783.640014648438
2011.75642355884	784.400024414063
2014.1055251621	784.719970703125
2016.4539135845	783.840026855469
2018.80158912802	783.719970703125
2021.14855209444	784.52001953125
2023.49480278542	784.239990234375
2025.84034150242	784.320007324219
2028.18516854673	784.200012207031
2030.52928421948	784.559997558594
2032.87268882163	784.320007324219
2035.21538265398	783.640014648438
2037.55736601713	784.799987792969
2039.89863921153	784.119995117188
2042.23920253747	784.559997558594
2044.57905629506	784.159973144531
2046.91820078425	783.559997558594
2049.2566363048	784.280029296875
2051.59436315633	783.919982910156
2053.93138163827	784.640014648438
2056.2676920499	784.400024414063
2058.6032946903	784.440002441406
2060.93818985843	784.679992675781
2063.27237785303	784
2065.60585897272	784.039978027344
2067.93863351592	784.239990234375
2070.27070178089	784.47998046875
2072.60206406574	784.440002441406
2074.93272066838	784.760009765625
2077.26267188658	784.080017089844
2079.59191801793	784.080017089844
2081.92045935985	784.200012207031
2084.24829620962	783.880004882813
2086.57542886431	785.159973144531
2088.90185762087	784.880004882813
2091.22758277604	784.599975585938
2093.55260462643	784
2095.87692346845	784.799987792969
2098.20053959837	784.640014648438
2100.52345331229	784.239990234375
2102.84566490614	784.440002441406
2105.16717467567	783.880004882813
2107.48798291649	784.239990234375
2109.80808992403	784.559997558594
2112.12749599355	783.919982910156
2114.44620142016	784.559997558594
2116.7642064988	784.320007324219
2119.08151152423	784.840026855469
2121.39811679106	784.039978027344
2123.71402259374	784.52001953125
2126.02922922653	784.799987792969
2128.34373698356	784.52001953125
2130.65754615876	784.599975585938
2132.97065704594	784
2135.28306993869	784.760009765625
2137.59478513047	784.159973144531
2139.90580291459	784.880004882813
2142.21612358416	784.440002441406
2144.52574743214	784.52001953125
2146.83467475134	783.919982910156
2149.1429058344	785
2151.45044097377	784.400024414063
2153.75728046178	783.799987792969
2156.06342459057	783.840026855469
2158.36887365212	784.919982910156
2160.67362793825	784.599975585938
2162.97768774061	784.440002441406
2165.28105335071	784.239990234375
2167.58372505987	784.280029296875
2169.88570315926	784.320007324219
2172.18698793988	784.359985351563
2174.48757969258	783.799987792969
2176.78747870805	784.440002441406
2179.08668527679	784.239990234375
2181.38519968917	784.599975585938
2183.68302223538	783.880004882813
2185.98015320547	783.719970703125
2188.27659288929	784.239990234375
2190.57234157656	784.239990234375
2192.86739955682	783.880004882813
2195.16176711948	784.239990234375
2197.45544455375	783.679992675781
2199.74843214869	783.880004882813
2202.04073019322	783.880004882813
2204.33233897607	783.880004882813
2206.62325878583	783.799987792969
2208.91348991093	784.080017089844
2211.20303263961	783.440002441406
2213.49188726	783.880004882813
2215.78005406001	783.799987792969
2218.06753332744	783.559997558594
2220.35432534991	783.799987792969
2222.64043041487	783.799987792969
2224.92584880964	784.080017089844
2227.21058082134	783.760009765625
2229.49462673696	783.599975585938
2231.77798684332	783.52001953125
2234.06066142709	783.760009765625
2236.34265077477	783.039978027344
2238.62395517269	784.039978027344
2240.90457490706	783.719970703125
2243.18451026388	783.52001953125
2245.46376152904	782.880004882813
2247.74232898823	783.320007324219
2250.02021292701	783.200012207031
2252.29741363077	784.239990234375
2254.57393138475	783.599975585938
2256.849766474	782.760009765625
2259.12491918346	783.559997558594
2261.39938979788	783.599975585938
2263.67317860185	783.080017089844
2265.94628587983	783.359985351563
2268.2187119161	783.599975585938
2270.49045699478	783.359985351563
2272.76152139985	783.559997558594
2275.03190541511	783.559997558594
2277.30160932421	784
2279.57063341067	783.039978027344
2281.83897795781	783.440002441406
2284.10664324882	783
2286.37362956672	783.119995117188
2288.63993719439	783.280029296875
2290.90556641454	784
2293.17051750973	783.440002441406
2295.43479076235	783.679992675781
2297.69838645465	783.280029296875
2299.96130486871	782.760009765625
2302.22354628647	783.52001953125
2304.48511098971	783.119995117188
2306.74599926003	783.320007324219
2309.00621137891	783.080017089844
2311.26574762765	783.320007324219
2313.52460828741	782.840026855469
2315.78279363917	783.280029296875
2318.04030396379	782.719970703125
2320.29713954195	783.119995117188
2322.55330065418	783.119995117188
2324.80878758085	783.599975585938
2327.06360060219	783.200012207031
2329.31773999826	783.159973144531
2331.57120604897	782.960021972656
2333.82399903409	782.200012207031
2336.0761192332	782.760009765625
2338.32756692577	783.200012207031
2340.57834239108	783.159973144531
2342.82844590827	782.679992675781
2345.07787775633	782.960021972656
2347.32663821409	783.080017089844
2349.57472756023	783.159973144531
2351.82214607327	782.799987792969
2354.06889403158	783
2356.31497171337	783.239990234375
2358.56037939672	782.719970703125
2360.80511735953	782.400024414063
2363.04918587955	782.799987792969
2365.29258523439	783.559997558594
2367.5353157015	782.840026855469
2369.77737755817	782.919982910156
2372.01877108156	782.799987792969
2374.25949654865	783.039978027344
2376.49955423629	782.559997558594
2378.73894442115	782.52001953125
2380.97766737977	783.039978027344
2383.21572338855	783.400024414063
2385.45311272369	782.960021972656
2387.68983566129	782.719970703125
2389.92589247727	782.760009765625
2392.1612834474	782.52001953125
2394.39600884731	782.719970703125
2396.63006895246	782.239990234375
2398.86346403818	782.52001953125
2401.09619437962	783.080017089844
2403.32826025182	782.840026855469
2405.55966192963	782.719970703125
2407.79039968777	782.559997558594
2410.0204738008	782.559997558594
2412.24988454313	782.640014648438
2414.47863218902	782.239990234375
2416.70671701258	782.640014648438
2418.93413928778	783.039978027344
2421.16089928842	782.400024414063
2423.38699728817	782.799987792969
2425.61243356052	782.880004882813
2427.83720837884	782.760009765625
2430.06132201633	782.679992675781
2432.28477474606	783.039978027344
2434.50756684093	782.840026855469
2436.72969857371	782.760009765625
2438.95117021699	782
2441.17198204325	782.719970703125
2443.39213432478	782.840026855469
2445.61162733376	782.599975585938
2447.83046134218	782.640014648438
2450.04863662192	782.400024414063
2452.26615344468	782.359985351563
2454.48301208203	782.52001953125
2456.69921280539	782.799987792969
2458.91475588602	782.47998046875
2461.12964159504	782.559997558594
2463.34387020342	782.200012207031
2465.55744198198	782.039978027344
2467.77035720139	782.760009765625
2469.98261613217	782.400024414063
2472.1942190447	782.320007324219
2474.40516620922	782.280029296875
2476.6154578958	782.320007324219
2478.82509437436	782.52001953125
2481.03407591471	782.919982910156
2483.24240278646	782.52001953125
2485.45007525911	782.919982910156
2487.65709360202	782.640014648438
2489.86345808435	782.840026855469
2492.06916897518	782.400024414063
2494.27422654339	782.200012207031
2496.47863105774	783.280029296875
2498.68238278683	782.960021972656
2500.88548199912	782.799987792969
2503.08792896294	782.47998046875
2505.28972394643	782.52001953125
2507.49086721763	782.599975585938
2509.6913590444	782.559997558594
2511.89119969447	782.599975585938
2514.09038943543	782.359985351563
2516.2889285347	782.719970703125
2518.48681725957	782.559997558594
2520.6840558772	782.760009765625
2522.88064465456	782.760009765625
2525.07658385852	782.080017089844
2527.27187375578	783
2529.4665146129	782.320007324219
2531.66050669629	782.599975585938
2533.85385027222	782.880004882813
2536.04654560681	782.599975585938
2538.23859296605	782.440002441406
2540.42999261577	783.080017089844
2542.62074482166	782.320007324219
2544.81084984925	782.320007324219
2547.00030796395	782.840026855469
2549.18911943101	782.52001953125
2551.37728451555	781.960021972656
2553.56480348252	782.47998046875
2555.75167659675	782.679992675781
2557.93790412292	782.320007324219
2560.12348632556	782.919982910156
2562.30842346905	782.599975585938
2564.49271581764	782.440002441406
2566.67636363544	782.640014648438
2568.85936718639	783.080017089844
2571.04172673431	783.119995117188
2573.22344254288	783
2575.40451487562	782.559997558594
2577.58494399591	782.640014648438
2579.76473016699	782.799987792969
2581.94387365196	783.039978027344
2584.12237471377	782.919982910156
2586.30023361523	782.239990234375
2588.47745061901	783.400024414063
2590.65402598763	783.159973144531
2592.82995998348	782.719970703125
2595.0052528688	783.039978027344
2597.17990490568	782.599975585938
2599.35391635608	782.159973144531
2601.52728748181	782.799987792969
2603.70001854454	783
2605.8721098058	783.239990234375
2608.04356152698	782.52001953125
2610.21437396931	782.52001953125
2612.3845473939	782.47998046875
2614.55408206173	782.47998046875
2616.72297823359	782.919982910156
2618.89123617017	782.719970703125
2621.058856132	782.799987792969
2623.22583837949	782.919982910156
2625.39218317288	782.799987792969
2627.55789077229	782.599975585938
2629.72296143769	782.359985351563
2631.88739542891	782.919982910156
2634.05119300563	782.919982910156
2636.21435442742	782.52001953125
2638.37687995367	782.840026855469
2640.53876984365	782.679992675781
2642.70002435649	782.960021972656
2644.86064375119	782.47998046875
2647.02062828658	782.719970703125
2649.17997822137	783.320007324219
2651.33869381413	781.960021972656
2653.49677532328	783.599975585938
2655.65422300711	782.47998046875
2657.81103712378	782.760009765625
2659.96721793127	782.799987792969
2662.12276568747	782.840026855469
2664.2776806501	782.52001953125
2666.43196307675	782.400024414063
2668.58561322486	782.359985351563
2670.73863135176	782.47998046875
2672.8910177146	782.640014648438
2675.04277257043	782.599975585938
2677.19389617612	783.440002441406
2679.34438878845	782.559997558594
2681.49425066402	782.880004882813
2683.64348205931	782.799987792969
2685.79208323065	782.52001953125
2687.94005443425	783.239990234375
2690.08739592617	782.47998046875
2692.23410796233	783.039978027344
2694.38019079852	783.039978027344
2696.52564469038	783.47998046875
2698.67046989342	783.400024414063
2700.81466666302	783.719970703125
2702.9582352544	783.039978027344
2705.10117592265	782.919982910156
2707.24348892275	782.799987792969
2709.3851745095	783.840026855469
2711.5262329376	783.799987792969
2713.66666446158	783.919982910156
2715.80646933585	783.159973144531
2717.94564781468	783.47998046875
2720.08420015222	783.760009765625
2722.22212660245	783.239990234375
2724.35942741923	783.320007324219
2726.49610285628	783.400024414063
2728.63215316721	783.719970703125
2730.76757860544	783.719970703125
2732.9023794243	783.799987792969
2735.03655587697	784.239990234375
2737.17010821648	783.679992675781
2739.30303669573	783.52001953125
2741.4353415675	783.640014648438
2743.56702308442	783.799987792969
2745.69808149898	783.320007324219
2747.82851706355	783.919982910156
2749.95833003034	783.679992675781
2752.08752065145	783.280029296875
2754.21608917883	783.960021972656
2756.3440358643	783.719970703125
2758.47136095954	783.039978027344
2760.59806471609	784.239990234375
2762.72414738537	783.47998046875
2764.84960921865	783.52001953125
2766.97445046708	783.880004882813
2769.09867138166	783.559997558594
2771.22227221326	783.440002441406
2773.34525321263	783.799987792969
2775.46761463035	783.200012207031
2777.58935671691	783.52001953125
2779.71047972262	784.47998046875
2781.83098389771	783.200012207031
2783.95086949221	783.719970703125
2786.07013675607	783.799987792969
2788.18878593908	783.760009765625
2790.3068172909	783.52001953125
2792.42423106106	783.159973144531
2794.54102749895	783.719970703125
2796.65720685384	784.280029296875
2798.77276937486	783.840026855469
2800.88771531098	783.640014648438
2803.00204491107	783.919982910156
2805.11575842387	783.799987792969
2807.22885609796	783.960021972656
2809.34133818179	783.440002441406
2811.4532049237	783.719970703125
2813.56445657189	783.760009765625
2815.6750933744	784.200012207031
2817.78511557916	784.559997558594
2819.89452343398	783.960021972656
2822.00331718652	784.919982910156
2824.11149708429	784
2826.2190633747	784.559997558594
2828.32601630502	785.280029296875
2830.43235612237	785.239990234375
2832.53808307375	785.400024414063
2834.64319740603	785.799987792969
2836.74769936595	786.359985351563
2838.85158920011	785.919982910156
2840.95486715497	786.599975585938
2843.05753347689	787.400024414063
2845.15958841206	789.119995117188
2847.26103220657	789.880004882813
2849.36186510636	791.359985351563
2851.46208735724	791.440002441406
2853.56169920488	792.200012207031
2855.66070089485	792.320007324219
2857.75909267257	791.52001953125
2859.85687478332	792.960021972656
2861.95404747225	795.039978027344
2864.05061098439	794.080017089844
2866.14656556464	795.280029296875
2868.24191145777	795.599975585938
2870.3366489084	796.119995117188
2872.43077816104	798.880004882813
2874.52429946006	798.239990234375
2876.61721304971	797.840026855469
2878.70951917409	800.280029296875
2880.8012180772	800.080017089844
2882.89231000287	799.640014648438
2884.98279519483	799.840026855469
2887.07267389667	798.960021972656
2889.16194635186	801.599975585938
2891.25061280373	802
2893.33867349546	801.239990234375
2895.42612867015	800.840026855469
2897.51297857074	801.080017089844
2899.59922344003	800.239990234375
2901.68486352071	803.239990234375
2903.76989905533	803.440002441406
2905.85433028632	802.200012207031
2907.93815745598	803.320007324219
2910.02138080648	805.159973144531
2912.10400057985	807.840026855469
2914.186017018	806.159973144531
2916.26743036271	807.280029296875
2918.34824085563	808.239990234375
2920.4284487383	808
2922.5080542521	809.47998046875
2924.58705763829	811.440002441406
2926.66545913802	812.320007324219
2928.74325899231	811.47998046875
2930.82045744202	811.440002441406
2932.89705472792	815.200012207031
2934.97305109062	814.320007324219
2937.04844677063	814.280029296875
2939.12324200832	813.919982910156
2941.19743704393	814.679992675781
2943.27103211757	812.960021972656
2945.34402746923	809.440002441406
2947.41642333876	811.599975585938
2949.48821996592	809.47998046875
2951.55941759028	809.640014648438
2953.63001645135	808
2955.70001678845	806.559997558594
2957.76941884083	805.719970703125
2959.83822284757	804.679992675781
2961.90642904764	804.760009765625
2963.97403767988	804.760009765625
2966.04104898302	802.799987792969
2968.10746319565	804.359985351563
2970.17328055621	805.440002441406
2972.23850130305	804.119995117188
2974.30312567438	803.200012207031
2976.36715390829	802.919982910156
2978.43058624273	801.359985351563
2980.49342291553	800.559997558594
2982.55566416439	802.760009765625
2984.61731022691	801.440002441406
2986.67836134051	802.679992675781
2988.73881774255	800.559997558594
2990.79867967021	800.200012207031
2992.85794736058	800.52001953125
2994.9166210506	798.640014648438
2996.97470097711	797.52001953125
2999.03218737679	797.159973144531
3001.08908048622	795.960021972656
3003.14538054186	796.919982910156
3005.20108778002	796.760009765625
3007.25620243691	796.320007324219
3009.3107247486	796.880004882813
3011.36465495104	797.640014648438
3013.41799328004	796.280029296875
3015.47073997133	796.200012207031
3017.52289526045	795.52001953125
3019.57445938288	795.200012207031
3021.62543257393	795.640014648438
3023.6758150688	797.840026855469
3025.72560710258	796.880004882813
3027.77480891021	795.440002441406
3029.82342072652	795.440002441406
3031.87144278622	795.719970703125
3033.91887532389	795.760009765625
3035.96571857399	796.52001953125
3038.01197277084	797.679992675781
3040.05763814867	798.640014648438
3042.10271494154	798.159973144531
3044.14720338344	798.159973144531
3046.19110370818	798.559997558594
3048.2344161495	798.760009765625
3050.27714094097	799.239990234375
3052.31927831608	798.599975585938
3054.36082850816	800.960021972656
3056.40179175044	801.599975585938
3058.44216827602	802.47998046875
3060.48195831786	802.840026855469
3062.52116210884	803.359985351563
3064.55977988167	802.760009765625
3066.59781186897	803.119995117188
3068.63525830322	802.799987792969
3070.67211941678	804.159973144531
3072.7083954419	803.320007324219
3074.7440866107	802.440002441406
3076.77919315516	805.039978027344
3078.81371530716	805.52001953125
3080.84765329846	804.799987792969
3082.88100736068	803.359985351563
3084.91377772534	805.280029296875
3086.94596462381	804
3088.97756828737	805.960021972656
3091.00858894714	805.679992675781
3093.03902683417	805.799987792969
3095.06888217933	807.119995117188
3097.09815521342	807.52001953125
3099.12684616709	807.400024414063
3101.15495527087	808.280029296875
3103.18248275518	809
3105.20942885031	808.960021972656
3107.23579378642	810.239990234375
3109.26157779358	809.960021972656
3111.28678110171	809.440002441406
3113.31140394062	809.359985351563
3115.33544654	811.440002441406
3117.35890912942	812.919982910156
3119.38179193832	812.919982910156
3121.40409519602	814.47998046875
3123.42581913174	817.640014648438
3125.44696397457	815.280029296875
3127.46752995345	815.960021972656
3129.48751729725	818.359985351563
3131.50692623469	817.440002441406
3133.52575699436	817.039978027344
3135.54400980476	819.200012207031
3137.56168489425	819.239990234375
3139.57878249108	821.039978027344
3141.59530282337	820.47998046875
3143.61124611913	818.880004882813
3145.62661260624	821.119995117188
3147.64140251247	821.400024414063
3149.65561606547	822.840026855469
3151.66925349277	826.280029296875
3153.68231502177	824.919982910156
3155.69480087977	825
3157.70671129394	823.880004882813
3159.71804649132	826.559997558594
3161.72880669886	829.440002441406
3163.73899214336	827.799987792969
3165.74860305152	828.47998046875
3167.75763964991	830.039978027344
3169.766102165	830.159973144531
3171.77399082313	832.599975585938
3173.7813058505	834.039978027344
3175.78804747323	830.960021972656
3177.79421591731	832.239990234375
3179.79981140859	832.359985351563
3181.80483417282	829.960021972656
3183.80928443564	832.640014648438
3185.81316242255	835.400024414063
3187.81646835896	835.719970703125
3189.81920247013	835.359985351563
3191.82136498122	836.760009765625
3193.82295611727	836.159973144531
3195.82397610321	839.280029296875
3197.82442516385	837.640014648438
3199.82430352386	837.119995117188
3201.82361140782	837.239990234375
3203.82234904018	839.239990234375
3205.82051664529	839.599975585938
3207.81811444735	842.239990234375
3209.81514267047	842.52001953125
3211.81160153863	840.719970703125
3213.80749127571	840.919982910156
3215.80281210545	841.47998046875
3217.79756425148	841.440002441406
3219.79174793733	841.400024414063
3221.7853633864	843.080017089844
3223.77841082196	842.679992675781
3225.77089046719	841.440002441406
3227.76280254513	844.52001953125
3229.75414727873	846.239990234375
3231.74492489081	848.719970703125
3233.73513560406	847.080017089844
3235.72477964107	845.47998046875
3237.71385722431	844.760009765625
3239.70236857614	845
3241.6903139188	848.559997558594
3243.6776934744	845.719970703125
3245.66450746496	847.47998046875
3247.65075611237	844.599975585938
3249.63643963841	844.400024414063
3251.62155826472	849.599975585938
3253.60611221287	845.599975585938
3255.59010170428	844.960021972656
3257.57352696026	850.799987792969
3259.55638820202	851.52001953125
3261.53868565064	849.599975585938
3263.52041952708	845.52001953125
3265.50159005221	844.080017089844
3267.48219744676	845.080017089844
3269.46224193136	849.52001953125
3271.44172372651	849.559997558594
3273.42064305262	847
3275.39900012996	847.039978027344
3277.3767951787	847.919982910156
3279.35402841889	848.440002441406
3281.33070007047	851.880004882813
3283.30681035326	850.080017089844
3285.28235948698	848.799987792969
3287.25734769121	850
3289.23177518544	847.799987792969
3291.20564218903	847.320007324219
3293.17894892124	847.359985351563
3295.1516956012	846.47998046875
3297.12388244795	848.359985351563
3299.09550968039	849.440002441406
3301.06657751732	847
3303.03708617743	844.440002441406
3305.00703587929	844.799987792969
3306.97642684135	848.799987792969
3308.94525928196	851.880004882813
3310.91353341935	849.119995117188
3312.88124947164	848.960021972656
3314.84840765683	850.119995117188
3316.81500819282	849.47998046875
3318.78105129738	847.919982910156
3320.74653718818	846.840026855469
3322.71146608278	846.719970703125
3324.67583819861	844.640014648438
3326.639653753	848.239990234375
3328.60291296317	848.679992675781
3330.56561604621	847.760009765625
3332.52776321913	846.039978027344
3334.4893546988	845.239990234375
3336.45039070198	846.599975585938
3338.41087144533	841.599975585938
3340.37079714539	846.280029296875
3342.33016801859	848.559997558594
3344.28898428124	847.280029296875
3346.24724614955	846.559997558594
3348.20495383962	847.200012207031
3350.16210756742	847.679992675781
3352.11870754883	845.960021972656
3354.07475399961	846.760009765625
3356.03024713539	850.840026855469
3357.98518717173	850.400024414063
3359.93957432403	851.200012207031
3361.89340880761	849.840026855469
3363.84669083768	845.679992675781
3365.79942062933	842.52001953125
3367.75159839753	844.400024414063
3369.70322435715	844.880004882813
3371.65429872295	846
3373.60482170957	848.47998046875
3375.55479353155	846.880004882813
3377.50421440332	849.400024414063
3379.45308453918	850.760009765625
3381.40140415335	849.119995117188
3383.34917345991	851.359985351563
3385.29639267284	849.280029296875
3387.24306200602	847.960021972656
3389.18918167321	845.320007324219
3391.13475188806	849.400024414063
3393.07977286411	850.960021972656
3395.02424481479	846.400024414063
3396.96816795342	847.640014648438
3398.91154249322	848.280029296875
3400.85436864728	844.919982910156
3402.79664662859	844.200012207031
3404.73837665004	848.280029296875
3406.67955892439	851.039978027344
3408.62019366432	849
3410.56028108236	851.239990234375
3412.49982139096	851.799987792969
3414.43881480247	847.919982910156
3416.37726152909	848
3418.31516178295	847.039978027344
3420.25251577605	850.359985351563
3422.18932372029	850.119995117188
3424.12558582746	849.400024414063
3426.06130230922	848.119995117188
3427.99647337717	847.119995117188
3429.93109924274	844.47998046875
3431.8651801173	845.039978027344
3433.79871621209	845.159973144531
3435.73170773824	848.200012207031
3437.66415490678	847.359985351563
3439.59605792862	848.719970703125
3441.52741701458	847.599975585938
3443.45823237536	846.47998046875
3445.38850422154	843.159973144531
3447.31823276362	844.599975585938
3449.24741821196	847.119995117188
3451.17606077684	849.359985351563
3453.10416066842	847.799987792969
3455.03171809674	846.640014648438
3456.95873327175	843.760009765625
3458.88520640329	846.719970703125
3460.81113770109	846.52001953125
3462.73652737477	843.960021972656
3464.66137563383	841.559997558594
3466.58568268769	843.119995117188
3468.50944874565	840.719970703125
3470.43267401689	840.440002441406
3472.3553587105	842.200012207031
3474.27750303545	839.760009765625
3476.19910720062	839.080017089844
3478.12017141476	841.52001953125
3480.04069588654	842.599975585938
3481.9606808245	841.359985351563
3483.88012643707	842.719970703125
3485.79903293259	842.679992675781
3487.7174005193	841.679992675781
3489.63522940532	838.719970703125
3491.55251979864	833.840026855469
3493.46927190719	833.359985351563
3495.38548593877	830.359985351563
3497.30116210107	829.239990234375
3499.21630060167	829.280029296875
3501.13090164807	828.679992675781
3503.04496544763	829.159973144531
3504.95849220763	830.200012207031
3506.87148213523	828
3508.78393543748	828.840026855469
3510.69585232134	827.440002441406
3512.60723299365	823.080017089844
3514.51807766116	823.119995117188
3516.42838653049	826.719970703125
3518.33815980819	826.52001953125
3520.24739770066	825.320007324219
3522.15610041423	823.239990234375
3524.06426815511	826.200012207031
3525.9719011294	824.47998046875
3527.87899954311	821.47998046875
3529.78556360213	821.200012207031
3531.69159351225	822.679992675781
3533.59708947916	823.919982910156
3535.50205170844	820.599975585938
3537.40648040556	818.599975585938
3539.3103757759	817.359985351563
3541.21373802472	818.200012207031
3543.11656735717	819.47998046875
3545.01886397833	818.200012207031
3546.92062809313	815.880004882813
3548.82185990643	815.200012207031
3550.72255962297	815.119995117188
3552.62272744738	812.880004882813
3554.5223635842	814.080017089844
3556.42146823786	813.239990234375
3558.32004161268	814.679992675781
3560.21808391289	813.239990234375
3562.11559534259	812.440002441406
3564.01257610581	811
3565.90902640645	808.760009765625
3567.80494644831	809.679992675781
3569.7003364351	810.960021972656
3571.59519657042	810.640014648438
3573.48952705774	810.47998046875
3575.38332810048	810.919982910156
3577.27659990191	809.679992675781
3579.16934266521	808.280029296875
3581.06155659346	808.320007324219
3582.95324188965	809
3584.84439875663	809.080017089844
3586.73502739718	807.359985351563
3588.62512801397	805.640014648438
3590.51470080955	805.280029296875
3592.40374598639	804.840026855469
3594.29226374685	803.559997558594
3596.18025429317	803.119995117188
3598.06771782751	803
3599.95465455192	802.799987792969
3601.84106466834	802.359985351563
3603.72694837861	801
3605.61230588447	802.119995117188
3607.49713738756	803.559997558594
3609.38144308942	802.159973144531
3611.26522319148	802.47998046875
3613.14847789506	801.919982910156
3615.0312074014	800.400024414063
3616.91341191162	799.280029296875
3618.79509162674	799.760009765625
3620.67624674769	799.52001953125
3622.55687747528	799.200012207031
3624.43698401024	799.919982910156
3626.31656655317	800.280029296875
3628.1956253046	797.559997558594
3630.07416046492	797.679992675781
3631.95217223446	798.559997558594
3633.82966081342	796.119995117188
3635.70662640191	794.880004882813
3637.58306919993	796.119995117188
3639.45898940739	795.039978027344
3641.33438722409	795.119995117188
3643.20926284973	794.880004882813
3645.08361648392	794.719970703125
3646.95744832614	793.039978027344
3648.8307585758	793.039978027344
3650.7035474322	794.640014648438
3652.57581509452	792.840026855469
3654.44756176188	793.039978027344
3656.31878763324	792.320007324219
3658.18949290753	792.679992675781
3660.05967778352	791.719970703125
3661.9293424599	790.760009765625
3663.79848713527	789.880004882813
3665.66711200812	790.119995117188
3667.53521727684	790.640014648438
3669.40280313972	789.559997558594
3671.26986979494	788.960021972656
3673.13641744059	789.200012207031
3675.00244627468	788.960021972656
