-140.373595351881	779.080017089844
-137.335129063906	778.840026855469
-134.297686810867	779.359985351563
-131.261268103955	779.039978027344
-128.225872454677	779.119995117188
-125.191499374839	779.280029296875
-122.158148376567	778.880004882813
-119.125818972292	778.919982910156
-116.094510674759	779.119995117188
-113.064222997021	779.200012207031
-110.034955452443	778.719970703125
-107.006707554687	779.159973144531
-103.979478817741	778.799987792969
-100.95326875589	778.719970703125
-97.928076883731	779.039978027344
-94.9039027161698	778.799987792969
-91.8807457684175	778.799987792969
-88.8586055560018	779.080017089844
-85.8374815947384	778.919982910156
-82.8173734007715	779.159973144531
-79.7982804905411	779.440002441406
-76.7802023807988	778.840026855469
-73.7631385885914	778.840026855469
-70.7470886312892	778.760009765625
-67.732052026553	779.080017089844
-64.7180282923587	779
-61.7050169469884	779.320007324219
-58.6930175090183	778.880004882813
-55.6820294973386	779.159973144531
-52.6720524311495	779.159973144531
-49.66308582994	779.280029296875
-46.6551292135171	779
-43.6481821019882	779.239990234375
-40.6422440157577	778.919982910156
-37.6373144755424	778.960021972656
-34.6333930023594	779.239990234375
-31.630479117526	779.039978027344
-28.6285723426709	779.080017089844
-25.6276721997107	779.47998046875
-22.6277782108771	779.400024414063
-19.628889898701	779.840026855469
-16.6310067860081	779.239990234375
-13.6341283959385	780.200012207031
-10.6382542519231	782.719970703125
-7.64338387769432	798.47998046875
-4.64951679729502	832.679992675781
-1.65665253506141	845.52001953125
1.33520938438089	825.119995117188
4.32606943608095	792.119995117188
7.315928094803	779.960021972656
10.3047858350146	779.119995117188
13.2926431308747	779.52001953125
16.2795004562541	779.159973144531
19.2653582847118	779.159973144531
22.2502170895187	779.239990234375
25.2340773436344	779.159973144531
28.216939519735	779.119995117188
31.1988040901939	778.960021972656
34.1796715270814	779.080017089844
37.1595423021732	778.919982910156
40.1384168869468	779.280029296875
43.1162957525854	779.320007324219
46.0931793699786	778.799987792969
49.0690682097059	778.599975585938
52.0439627420619	778.760009765625
55.0178634370476	778.599975585938
57.9907707643592	779
60.9626851933962	779.119995117188
63.9336071932735	778.559997558594
66.9035372328018	779.039978027344
69.8724757804959	779.080017089844
72.8404233045826	778.760009765625
75.8073802729932	779.239990234375
78.7733471533597	779.320007324219
81.738324413019	778.679992675781
84.702312519025	779.080017089844
87.665311938125	778.760009765625
90.6273231367761	778.760009765625
93.5883465811569	779.119995117188
96.5483827371242	778.799987792969
99.5074320702731	778.840026855469
102.465495045889	779.359985351563
105.422572128961	779.039978027344
108.378663784199	779.47998046875
111.333770476014	778.719970703125
114.287892668528	778.640014648438
117.24103082557	779.119995117188
120.193185410674	779.440002441406
123.144356887097	779.440002441406
126.094545717786	779.200012207031
129.043752365413	779.799987792969
131.991977292355	779.840026855469
134.939220960695	780.719970703125
137.885483832232	780.640014648438
140.83076636847	780.919982910156
143.775069030632	781.320007324219
146.718392279644	781.679992675781
149.660736576149	782.080017089844
152.602102380488	782.640014648438
155.54249015274	783.640014648438
158.481900352672	783.159973144531
161.420333439765	784.679992675781
164.357789873227	784.880004882813
167.294270111968	785.599975585938
170.229774614617	785.599975585938
173.164303839496	787.359985351563
176.097858244675	788.039978027344
179.030438287908	788.960021972656
181.962044426678	789.359985351563
184.89267711817	790.119995117188
187.822336819302	791.280029296875
190.751023986678	791.440002441406
193.678739076648	792.359985351563
196.605482545255	792.119995117188
199.531254848261	792.559997558594
202.456056441152	792.640014648438
205.379887779119	792.200012207031
208.30274931708	792.52001953125
211.224641509656	794.119995117188
214.145564811189	793.679992675781
217.06551967574	793.799987792969
219.984506557089	792.359985351563
222.902525908723	793.359985351563
225.819578183856	793.559997558594
228.735663835415	792.679992675781
231.650783316047	792.239990234375
234.564937078107	792.559997558594
237.478125573679	791.880004882813
240.390349254566	792.440002441406
243.301608572278	793.799987792969
246.211903978051	793.320007324219
249.121235922839	793.599975585938
252.029604857321	794.679992675781
254.93701123188	794.640014648438
257.843455496632	794.47998046875
260.748938101415	795.52001953125
263.653459495766	796.159973144531
266.557020128967	797
269.459620450005	797.919982910156
272.361260907595	797.840026855469
275.261941950168	798
278.161664025874	797.200012207031
281.060427582592	798.719970703125
283.958233067921	798.599975585938
286.855080929176	797.919982910156
289.750971613398	797.400024414063
292.645905567344	797.679992675781
295.539883237503	798.080017089844
298.432905070079	797.320007324219
301.324971511007	796.840026855469
304.216083005931	797.919982910156
307.10624000023	798.799987792969
309.995442939003	800.359985351563
312.883692267071	804.719970703125
315.770988428979	812.880004882813
318.657331869	826.239990234375
321.542723031127	831.679992675781
324.427162359076	827.919982910156
327.310650296293	819
330.193187285945	810.080017089844
333.074773770929	802.960021972656
335.955410193855	800.960021972656
338.835096997075	799.440002441406
341.713834622655	798.080017089844
344.59162351239	797.599975585938
347.468464107802	796.599975585938
350.344356850137	797
353.219302180373	796.359985351563
356.093300539208	795.640014648438
358.966352367073	795.359985351563
361.838458104123	794.640014648438
364.70961819024	794.599975585938
367.579833065031	794.760009765625
370.449103167837	795.320007324219
373.317428937727	794.880004882813
376.184810813496	795.52001953125
379.051249233659	794.599975585938
381.916744636474	794.880004882813
384.78129745992	794.640014648438
387.644908141706	795
390.50757711927	795.159973144531
393.36930482978	794.719970703125
396.23009171014	794.880004882813
399.089938196969	794.679992675781
401.948844726631	795.200012207031
404.806811735214	794.840026855469
407.66383965853	795.679992675781
410.519928932138	794.679992675781
413.375079991314	794.239990234375
416.229293271071	795.159973144531
419.082569206155	794.799987792969
421.934908231031	795.159973144531
424.786310779917	795.799987792969
427.636777286748	794.280029296875
430.486308185189	794.400024414063
433.334903908649	795.679992675781
436.182564890262	796.359985351563
439.029291562898	796.359985351563
441.875084359157	795.080017089844
444.719943711374	795.440002441406
447.563870051618	795.52001953125
450.406863811695	794.719970703125
453.248925423132	794.52001953125
456.090055317208	794.679992675781
458.93025392492	794.880004882813
461.76952167701	794.320007324219
464.60785900395	795.080017089844
467.44526633595	795.47998046875
470.281744102955	795.039978027344
473.117292734635	795
475.951912660415	795.320007324219
478.785604309439	795.080017089844
481.618368110592	794.719970703125
484.450204492499	794.400024414063
487.281113883518	794.679992675781
490.111096711738	795.400024414063
492.940153404999	794.880004882813
495.768284390864	795.039978027344
498.595490096635	794.760009765625
501.421770949366	795.039978027344
504.247127375825	795.559997558594
507.071559802537	796.400024414063
509.89506865575	796
512.717654361473	794.440002441406
515.539317345424	795
518.360058033083	794.960021972656
521.179876849652	795.840026855469
523.998774220083	796.080017089844
526.816750569068	795.440002441406
529.633806321025	796.840026855469
532.44994190013	795.47998046875
535.265157730284	794.919982910156
538.079454235133	794.47998046875
540.892831838066	794.679992675781
543.705290962208	794.320007324219
546.516832030424	795.080017089844
549.32745546533	794.960021972656
552.137161689268	794.47998046875
554.945951124325	794.760009765625
557.753824192341	794.960021972656
560.560781314883	795.039978027344
563.36682291327	794.760009765625
566.171949408555	794.52001953125
568.976161221537	794.919982910156
571.779458772759	794.239990234375
574.5818424825	795.239990234375
577.383312770792	794.919982910156
580.183870057402	795.039978027344
582.983514761843	794.080017089844
585.782247303363	795.359985351563
588.580068100976	794.840026855469
591.376977573414	795.119995117188
594.172976139164	794.440002441406
596.968064216463	794.960021972656
599.762242223282	794.359985351563
602.555510577335	794.159973144531
605.347869696099	794.239990234375
608.139319996771	794.719970703125
610.929861896313	793.880004882813
613.719495811421	793.679992675781
616.508222158541	793.400024414063
619.296041353863	794.320007324219
622.082953813324	795.159973144531
624.868959952607	793.719970703125
627.654060187137	794.599975585938
630.438254932094	793.239990234375
633.221544602397	794.280029296875
636.003929612719	794.52001953125
638.785410377468	793.599975585938
641.565987310814	794.52001953125
644.345660826665	794.440002441406
647.124431338674	794.719970703125
649.902299260252	795.039978027344
652.679265004552	794.400024414063
655.455328984475	794.52001953125
658.230491612671	793.840026855469
661.004753301541	795.119995117188
663.778114463229	792.840026855469
666.550575509631	794.919982910156
669.322136852395	794.960021972656
672.092798902916	793.52001953125
674.862562072336	794.559997558594
677.631426771548	794.919982910156
680.399393411204	794.159973144531
683.166462401689	793.880004882813
685.93263415315	793.919982910156
688.697909075486	794.52001953125
691.462287578337	794.280029296875
694.225770071098	794.080017089844
696.988356962926	794
699.750048662705	794.280029296875
702.5108455791	794.119995117188
705.270748120503	793.960021972656
708.029756695068	793.400024414063
710.787871710705	794.359985351563
713.545093575065	794.200012207031
716.301422695566	794.159973144531
719.056859479364	794.719970703125
721.811404333376	795.080017089844
724.56505766427	794
727.317819878473	794.719970703125
730.069691382148	795.52001953125
732.820672581226	795.080017089844
735.570763881396	793.47998046875
738.319965688092	794
741.068278406496	794.440002441406
743.815702441559	794.47998046875
746.562238197974	793.679992675781
749.307886080196	795.320007324219
752.052646492436	795
754.796519838656	795.440002441406
757.539506522567	794.239990234375
760.28160694765	794.559997558594
763.022821517128	794.200012207031
765.76315063399	794.559997558594
768.502594700972	796.799987792969
771.241154120572	795.47998046875
773.978829295045	794.52001953125
776.715620626397	795.400024414063
779.451528516396	796.679992675781
782.186553366565	796.640014648438
784.920695578179	796.799987792969
787.653955552283	796.320007324219
790.386333689662	796.239990234375
793.117830390877	795.239990234375
795.848446056227	795.47998046875
798.578181085792	795.599975585938
801.307035879389	794.280029296875
804.035010836599	794.799987792969
806.762106356774	795.320007324219
809.488322839013	794.400024414063
812.213660682169	794.47998046875
814.938120284866	794.119995117188
817.661702045482	794.760009765625
820.384406362153	794.640014648438
823.10623363278	793.640014648438
825.827184255014	794.919982910156
828.547258626283	794.119995117188
831.266457143747	795.919982910156
833.984780204358	794.880004882813
836.702228204804	794.960021972656
839.418801541552	794.960021972656
842.134500610814	794.080017089844
844.849325808575	793.799987792969
847.563277530579	794.960021972656
850.276356172319	795.119995117188
852.988562129066	795.640014648438
855.69989579585	795.119995117188
858.410357567456	794.719970703125
861.119947838428	795.440002441406
863.828667003087	795.320007324219
866.536515455503	794.280029296875
869.243493589517	793.840026855469
871.949601798728	794.080017089844
874.654840476504	794
877.359210015961	794.280029296875
880.062710810003	794.47998046875
882.765343251273	793.960021972656
885.467107732191	794.400024414063
888.168004644938	793.640014648438
890.868034381467	793.640014648438
893.567197333476	793.760009765625
896.265493892445	794.679992675781
898.962924449614	794.47998046875
901.659489395985	794.719970703125
904.355189122325	794.440002441406
907.050024019165	794.679992675781
909.743994476809	794.599975585938
912.437100885322	794.359985351563
915.129343634532	794.440002441406
917.820723114032	794.440002441406
920.511239713189	794.640014648438
923.200893821127	794.400024414063
925.889685826744	795.159973144531
928.577616118699	795.599975585938
931.264685085419	794.52001953125
933.950893115098	795.280029296875
936.6362405957	795.239990234375
939.320727914956	794.280029296875
942.004355460359	794.719970703125
944.687123619173	795.880004882813
947.369032778431	795.52001953125
950.050083324934	794.840026855469
952.730275645247	793.599975585938
955.409610125711	795.239990234375
958.088087152423	794.47998046875
960.765707111263	795.159973144531
963.442470387871	795.039978027344
966.118377367657	795
968.793428435798	794.760009765625
971.467623977254	794.359985351563
974.140964376739	795.119995117188
976.813450018737	794.159973144531
979.485081287511	795.200012207031
982.155858567087	793.799987792969
984.825782241271	794.320007324219
987.494852693624	794.159973144531
990.163070307487	794.599975585938
992.830435465978	794.599975585938
995.496948551973	794.200012207031
998.162609948122	794.760009765625
1000.82742003685	796
1003.49137920036	798.280029296875
1006.15448782061	797.840026855469
1008.81674627934	796.719970703125
1011.47815495806	794.880004882813
1014.13871423805	793.320007324219
1016.79842450037	793.880004882813
1019.45728612586	793.599975585938
1022.11529949509	793.119995117188
1024.77246498846	793
1027.4287829861	793.559997558594
1030.08425386792	793.47998046875
1032.73887801363	794.840026855469
1035.3926558027	793.47998046875
1038.04558761435	794.119995117188
1040.69767382761	793.239990234375
1043.34891482125	794.159973144531
1045.99931097384	794.47998046875
1048.64886266371	793.559997558594
1051.29757026898	794.200012207031
1053.94543416753	794.080017089844
1056.59245473701	793.239990234375
1059.23863235486	794.320007324219
1061.8839673983	792.960021972656
1064.5284602443	793.320007324219
1067.17211126962	793.47998046875
1069.8149208508	794.719970703125
1072.45688936415	794.159973144531
1075.09801718577	794.320007324219
1077.7383046915	794.080017089844
1080.377752257	794.559997558594
1083.01636025767	793.880004882813
1085.65412906872	794.760009765625
1088.2910590651	794.719970703125
1090.92715062157	795.080017089844
1093.56240411266	795.400024414063
1096.19681991265	795.880004882813
1098.83039839564	795.239990234375
1101.46313993547	795.159973144531
1104.09504490579	795.159973144531
1106.72611368	794.440002441406
1109.35634663129	793.52001953125
1111.98574413263	792.679992675781
1114.61430655677	793.599975585938
1117.24203427624	793.239990234375
1119.86892766333	793.880004882813
1122.49498709014	793.640014648438
1125.12021292851	793.880004882813
1127.74460555011	793.239990234375
1130.36816532634	793.320007324219
1132.99089262841	793.159973144531
1135.6127878273	793.239990234375
1138.23385129376	792.280029296875
1140.85408339834	791.679992675781
1143.47348451137	792.52001953125
1146.09205500294	791.159973144531
1148.70979524293	791.640014648438
1151.326705601	791.559997558594
1153.9427864466	791.719970703125
1156.55803814896	791.559997558594
1159.17246107707	791.960021972656
1161.78605559974	791.239990234375
1164.39882208551	792.119995117188
1167.01076090276	792.280029296875
1169.6218724196	792.719970703125
1172.23215700396	793.320007324219
1174.84161502352	792.719970703125
1177.45024684578	792.880004882813
1180.05805283799	792.960021972656
1182.66503336719	792.559997558594
1185.27118880021	792.719970703125
1187.87651950367	792.679992675781
1190.48102584395	792.359985351563
1193.08470818723	792.039978027344
1195.68756689948	792.919982910156
1198.28960234643	792.52001953125
1200.89081489363	791.559997558594
1203.49120490636	793.039978027344
1206.09077274974	792.919982910156
1208.68951878864	792.719970703125
1211.28744338773	794.280029296875
1213.88454691145	794.359985351563
1216.48082972404	793.679992675781
1219.07629218953	793.760009765625
1221.6709346717	793.599975585938
1224.26475753416	793.880004882813
1226.85776114028	794.679992675781
1229.44994585322	794.679992675781
1232.04131203592	795.039978027344
1234.63186005112	795.440002441406
1237.22159026133	796.880004882813
1239.81050302886	795.760009765625
1242.3985987158	796.960021972656
1244.98587768402	798.320007324219
1247.5723402952	797.039978027344
1250.15798691078	797.559997558594
1252.74281789199	797.679992675781
1255.32683359987	798.280029296875
1257.91003439523	795.919982910156
1260.49242063865	797.359985351563
1263.07399269055	796.080017089844
1265.65475091108	795.599975585938
1268.23469566021	796.119995117188
1270.81382729769	796.320007324219
1273.39214618306	795.840026855469
1275.96965267566	795.640014648438
1278.54634713458	795.039978027344
1281.12222991875	795.239990234375
1283.69730138685	796.440002441406
1286.27156189737	795.239990234375
1288.84501180858	795.359985351563
1291.41765147853	795.760009765625
1293.98948126509	795.919982910156
1296.56050152589	796.640014648438
1299.13071261837	796.159973144531
1301.70011489973	797.039978027344
1304.268708727	796.200012207031
1306.83649445698	795.080017089844
1309.40347244625	796.559997558594
1311.96964305119	796.799987792969
1314.53500662799	796.640014648438
1317.0995635326	797.320007324219
1319.66331412077	796.52001953125
1322.22625874806	797.599975585938
1324.7883977698	797.320007324219
1327.34973154112	796
1329.91026041694	795.679992675781
1332.46998475197	795.799987792969
1335.0289049007	796.880004882813
1337.58702121746	796.760009765625
1340.14433405631	796.080017089844
1342.70084377115	796.679992675781
1345.25655071563	795.919982910156
1347.81145524323	796.359985351563
1350.36555770721	795.200012207031
1352.91885846062	793.52001953125
1355.47135785631	793.359985351563
1358.02305624691	793.359985351563
1360.57395398486	792.880004882813
1363.12405142237	792.640014648438
1365.67334891148	792.47998046875
1368.22184680399	793.559997558594
1370.76954545151	793.039978027344
1373.31644520545	793.47998046875
1375.86254641699	793.119995117188
1378.40784943713	792.679992675781
1380.95235461666	792.280029296875
1383.49606230615	792.47998046875
1386.03897285598	792.159973144531
1388.58108661632	791.960021972656
1391.12240393713	792.159973144531
1393.66292516818	792.039978027344
1396.20265065903	792.280029296875
1398.74158075901	792.359985351563
1401.2797158173	792.359985351563
1403.81705618282	791.840026855469
1406.35360220431	792.559997558594
1408.88935423032	791.919982910156
1411.42431260919	791.679992675781
1413.95847768903	791.640014648438
1416.49184981777	791.400024414063
1419.02442934314	791.760009765625
1421.55621661266	792.400024414063
1424.08721197364	792.52001953125
1426.61741577321	792.960021972656
1429.14682835828	792.760009765625
1431.67545007555	792.280029296875
1434.20328127153	793.159973144531
1436.73032229253	792.239990234375
1439.25657348466	794.960021972656
1441.78203519381	794.840026855469
1444.3067077657	795.599975585938
1446.83059154581	796.960021972656
1449.35368687944	796.960021972656
1451.8759941117	796.599975585938
1454.39751358748	797
1456.91824565148	796.919982910156
1459.43819064818	795.440002441406
1461.95734892189	795.679992675781
1464.4757208167	795.47998046875
1466.99330667649	794.440002441406
1469.51010684497	793.719970703125
1472.02612166564	793.400024414063
1474.54135148177	793.080017089844
1477.05579663646	792.960021972656
1479.56945747262	793
1482.08233433293	792.919982910156
1484.59442755989	791.799987792969
1487.10573749579	792.119995117188
1489.61626448275	791.880004882813
1492.12600886264	790.919982910156
1494.63497097718	790.320007324219
1497.14315116786	790.119995117188
1499.65054977599	788.719970703125
1502.15716714267	788.840026855469
1504.66300360881	788.880004882813
1507.16805951512	789.280029296875
1509.67233520211	788.640014648438
1512.1758310101	788.400024414063
1514.67854727919	788.719970703125
1517.18048434931	788.320007324219
1519.68164256018	788.52001953125
1522.18202225132	787.760009765625
1524.68162376207	788.880004882813
1527.18044743155	788
1529.67849359869	788.159973144531
1532.17576260224	788
1534.67225478072	787.760009765625
1537.1679704725	788.799987792969
1539.66291001572	788.760009765625
1542.15707374832	788.47998046875
1544.65046200807	789.280029296875
1547.14307513254	789.080017089844
1549.63491345907	788.919982910156
1552.12597732485	789
1554.61626706685	789.640014648438
1557.10578302185	789.719970703125
1559.59452552644	789.840026855469
1562.082494917	790
1564.56969152973	789.359985351563
1567.05611570064	790.320007324219
1569.54176776552	790.599975585938
1572.02664806	791.440002441406
1574.51075691949	792.080017089844
1576.99409467921	791.080017089844
1579.4766616742	792.440002441406
1581.95845823929	792.359985351563
1584.43948470912	791.919982910156
1586.91974141815	791.200012207031
1589.39922870064	791.52001953125
1591.87794689064	790.840026855469
1594.35589632202	791.47998046875
1596.83307732848	790.080017089844
1599.30949024348	790.960021972656
1601.78513540033	792.52001953125
1604.26001313211	792.960021972656
1606.73412377175	792.559997558594
1609.20746765196	792.400024414063
1611.68004510526	791.880004882813
1614.15185646398	791.880004882813
1616.62290206026	793.239990234375
1619.09318222605	792.559997558594
1621.56269729311	792.280029296875
1624.031447593	792.799987792969
1626.4994334571	793.280029296875
1628.9666552166	792.919982910156
1631.43311320248	792.840026855469
1633.89880774554	793.559997558594
1636.3637391764	793.200012207031
1638.82790782548	793.359985351563
1641.29131402301	793.719970703125
1643.75395809903	794.840026855469
1646.21584038339	794.440002441406
1648.67696120575	795
1651.13732089558	795.679992675781
1653.59691978216	796.919982910156
1656.05575819459	797.440002441406
1658.51383646175	796.239990234375
1660.97115491238	797.200012207031
1663.42771387498	795.559997558594
1665.8835136779	796
1668.33855464928	795.919982910156
1670.79283711708	796.52001953125
1673.24636140907	795.200012207031
1675.69912785282	793.760009765625
1678.15113677572	794.47998046875
1680.602388505	794.52001953125
1683.05288336764	792.359985351563
1685.50262169049	792.640014648438
1687.95160380019	791.320007324219
1690.39983002318	790.880004882813
1692.84730068573	790.440002441406
1695.29401611392	789.599975585938
1697.73997663364	789.559997558594
1700.18518257059	789.119995117188
1702.6296342503	789
1705.07333199807	788.760009765625
1707.51627613907	787.52001953125
1709.95846699824	787.52001953125
1712.39990490036	787.559997558594
1714.84059017001	787.159973144531
1717.28052313159	786.359985351563
1719.7197041093	786.719970703125
1722.15813342718	786.640014648438
1724.59581140906	786.679992675781
1727.03273837859	786.320007324219
1729.46891465926	785.559997558594
1731.90434057432	785.52001953125
1734.3390164469	785.760009765625
1736.7729425999	785.320007324219
1739.20611935604	786.159973144531
1741.63854703787	785.440002441406
1744.07022596776	785.52001953125
1746.50115646787	785.47998046875
1748.93133886019	784.559997558594
1751.36077346652	785.719970703125
1753.7894606085	784.760009765625
1756.21740060755	785.200012207031
1758.64459378494	785.039978027344
1761.07104046172	784.47998046875
1763.49674095879	784.640014648438
1765.92169559684	784.760009765625
1768.3459046964	785.039978027344
1770.7693685778	784.52001953125
1773.1920875612	784.679992675781
1775.61406196656	784.200012207031
1778.03529211367	784.599975585938
1780.45577832214	784.280029296875
1782.87552091138	785.679992675781
1785.29452020064	784.640014648438
1787.71277650897	784.679992675781
1790.13029015525	784.52001953125
1792.54706145817	785.400024414063
1794.96309073625	784.440002441406
1797.3783783078	784.599975585938
1799.79292449097	784.280029296875
1802.20672960375	784.359985351563
1804.61979396389	784.52001953125
1807.03211788902	784.799987792969
1809.44370169655	784.719970703125
1811.85454570373	784.039978027344
1814.2646502276	785.039978027344
1816.67401558506	784.559997558594
1819.0826420928	784.359985351563
1821.49053006734	784.640014648438
1823.89767982501	784.840026855469
1826.30409168198	784.039978027344
1828.70976595422	783.880004882813
1831.11470295753	784
1833.51890300752	784.239990234375
1835.92236641964	784.280029296875
1838.32509350914	784
1840.72708459111	783.799987792969
1843.12833998044	783.880004882813
1845.52885999184	784.320007324219
1847.92864493987	784.080017089844
1850.32769513889	784.320007324219
1852.72601090307	783.599975585938
1855.12359254642	784.239990234375
1857.52044038278	784
1859.91655472578	784.280029296875
1862.31193588889	783.719970703125
1864.70658418542	784.47998046875
1867.10049992847	783.799987792969
1869.49368343096	784.280029296875
1871.88613500568	784.280029296875
1874.27785496518	784.239990234375
1876.66884362188	783.799987792969
1879.059101288	784.039978027344
1881.44862827559	783.52001953125
1883.8374248965	784.200012207031
1886.22549146246	784.159973144531
1888.61282828495	783.719970703125
1890.99943567534	783.280029296875
1893.38531394477	783.52001953125
1895.77046340424	783
1898.15488436455	784.119995117188
1900.53857713634	783.960021972656
1902.92154203006	784.200012207031
1905.303779356	783.559997558594
1907.68528942426	784.280029296875
1910.06607254477	783.52001953125
1912.44612902729	783.799987792969
1914.82545918139	784.080017089844
1917.20406331648	783.599975585938
1919.58194174178	783.960021972656
1921.95909476634	783.640014648438
1924.33552269905	783.52001953125
1926.71122584861	783.760009765625
1929.08620452353	783.280029296875
1931.46045903219	783.719970703125
1933.83398968275	783.52001953125
1936.20679678322	784.47998046875
1938.57888064142	783.799987792969
1940.95024156502	784.239990234375
1943.3208798615	783.599975585938
1945.69079583816	783.880004882813
1948.05998980213	783.960021972656
1950.42846206038	783.640014648438
1952.79621291969	783.52001953125
1955.16324268668	784.200012207031
1957.52955166778	783.719970703125
1959.89514016927	783.679992675781
1962.26000849723	783.679992675781
1964.62415695759	783.880004882813
1966.98758585609	783.200012207031
1969.3502954983	783.799987792969
1971.71228618964	784.039978027344
1974.07355823532	784
1976.43411194042	783.559997558594
1978.79394760981	784.039978027344
1981.1530655482	784.039978027344
1983.51146606014	783.52001953125
1985.86914944999	784.239990234375
1988.22611602196	784.119995117188
1990.58236608007	784.159973144531
1992.93789992817	783.719970703125
1995.29271786995	784.440002441406
1997.64682020892	784.239990234375
2000.00020724843	783.440002441406
2002.35287929162	784.119995117188
2004.70483664152	784.159973144531
2007.05607960095	784.200012207031
2009.40660847256	783.599975585938
2011.75642355884	784.080017089844
2014.1055251621	784
2016.4539135845	783.679992675781
2018.80158912802	784
2021.14855209444	784.239990234375
2023.49480278542	784.640014648438
2025.84034150242	783.960021972656
2028.18516854673	783.880004882813
2030.52928421948	784.679992675781
2032.87268882163	783.960021972656
2035.21538265398	783.679992675781
2037.55736601713	784.320007324219
2039.89863921153	784.400024414063
2042.23920253747	784.47998046875
2044.57905629506	784.200012207031
2046.91820078425	783.799987792969
2049.2566363048	783.960021972656
2051.59436315633	784.080017089844
2053.93138163827	784.119995117188
2056.2676920499	784.280029296875
2058.6032946903	783.760009765625
2060.93818985843	784.039978027344
2063.27237785303	784.119995117188
2065.60585897272	784.080017089844
2067.93863351592	784.679992675781
2070.27070178089	783.840026855469
2072.60206406574	784.719970703125
2074.93272066838	784.440002441406
2077.26267188658	784.359985351563
2079.59191801793	783.599975585938
2081.92045935985	784.200012207031
2084.24829620962	783.919982910156
2086.57542886431	784.559997558594
2088.90185762087	784.679992675781
2091.22758277604	784.599975585938
2093.55260462643	784.080017089844
2095.87692346845	784.320007324219
2098.20053959837	784.679992675781
2100.52345331229	784.280029296875
2102.84566490614	784.599975585938
2105.16717467567	784.080017089844
2107.48798291649	784.719970703125
2109.80808992403	784.559997558594
2112.12749599355	783.840026855469
2114.44620142016	784.119995117188
2116.7642064988	784.320007324219
2119.08151152423	784.239990234375
2121.39811679106	784.280029296875
2123.71402259374	784
2126.02922922653	784.679992675781
2128.34373698356	784.47998046875
2130.65754615876	784.52001953125
2132.97065704594	784.159973144531
2135.28306993869	784.52001953125
2137.59478513047	783.719970703125
2139.90580291459	784.359985351563
2142.21612358416	784.47998046875
2144.52574743214	784.280029296875
2146.83467475134	784.679992675781
2149.1429058344	783.960021972656
2151.45044097377	784.640014648438
2153.75728046178	784.280029296875
2156.06342459057	784
2158.36887365212	784.919982910156
2160.67362793825	784.799987792969
2162.97768774061	784.119995117188
2165.28105335071	784.400024414063
2167.58372505987	784.320007324219
2169.88570315926	784.320007324219
2172.18698793988	784.840026855469
2174.48757969258	783.760009765625
2176.78747870805	784.400024414063
2179.08668527679	784
2181.38519968917	784.400024414063
2183.68302223538	783.799987792969
2185.98015320547	783.880004882813
2188.27659288929	784.080017089844
2190.57234157656	783.799987792969
2192.86739955682	784.280029296875
2195.16176711948	784.039978027344
2197.45544455375	783.760009765625
2199.74843214869	784.080017089844
2202.04073019322	783.47998046875
2204.33233897607	783.640014648438
2206.62325878583	783.599975585938
2208.91348991093	784.039978027344
2211.20303263961	783.559997558594
2213.49188726	783.159973144531
2215.78005406001	783.960021972656
2218.06753332744	784.159973144531
2220.35432534991	783.960021972656
2222.64043041487	783.799987792969
2224.92584880964	783.599975585938
2227.21058082134	783.52001953125
2229.49462673696	783.799987792969
2231.77798684332	783.239990234375
2234.06066142709	783.960021972656
2236.34265077477	783.400024414063
2238.62395517269	784.200012207031
2240.90457490706	784
2243.18451026388	783.52001953125
2245.46376152904	782.880004882813
2247.74232898823	783.280029296875
2250.02021292701	782.840026855469
2252.29741363077	784
2254.57393138475	783.960021972656
2256.849766474	783.359985351563
2259.12491918346	783.200012207031
2261.39938979788	783.239990234375
2263.67317860185	783.080017089844
2265.94628587983	783.280029296875
2268.2187119161	783.400024414063
2270.49045699478	783.159973144531
2272.76152139985	783.52001953125
2275.03190541511	783.159973144531
2277.30160932421	783.559997558594
2279.57063341067	783.239990234375
2281.83897795781	783.119995117188
2284.10664324882	782.719970703125
2286.37362956672	783.400024414063
2288.63993719439	783.080017089844
2290.90556641454	783.559997558594
2293.17051750973	783.280029296875
2295.43479076235	783.200012207031
2297.69838645465	783.200012207031
2299.96130486871	783.47998046875
2302.22354628647	783.280029296875
2304.48511098971	782.760009765625
2306.74599926003	783.400024414063
2309.00621137891	782.880004882813
2311.26574762765	783.200012207031
2313.52460828741	782.799987792969
2315.78279363917	783.119995117188
2318.04030396379	783.159973144531
2320.29713954195	783.47998046875
2322.55330065418	783.359985351563
2324.80878758085	783.400024414063
2327.06360060219	783.359985351563
2329.31773999826	783.359985351563
2331.57120604897	782.919982910156
2333.82399903409	782.679992675781
2336.0761192332	783.159973144531
2338.32756692577	783.080017089844
2340.57834239108	783.080017089844
2342.82844590827	782.799987792969
2345.07787775633	782.599975585938
2347.32663821409	782.880004882813
2349.57472756023	782.960021972656
2351.82214607327	782.840026855469
2354.06889403158	783.200012207031
2356.31497171337	782.880004882813
2358.56037939672	782.840026855469
2360.80511735953	782.400024414063
2363.04918587955	782.47998046875
2365.29258523439	783.52001953125
2367.5353157015	782.760009765625
2369.77737755817	782.440002441406
2372.01877108156	782.960021972656
2374.25949654865	783.039978027344
2376.49955423629	782.760009765625
2378.73894442115	782
2380.97766737977	782.799987792969
2383.21572338855	783.200012207031
2385.45311272369	783.200012207031
2387.68983566129	782.760009765625
2389.92589247727	782.919982910156
2392.1612834474	782.47998046875
2394.39600884731	782.119995117188
2396.63006895246	782
2398.86346403818	782.760009765625
2401.09619437962	782.880004882813
2403.32826025182	782.719970703125
2405.55966192963	782.47998046875
2407.79039968777	782.320007324219
2410.0204738008	782.559997558594
2412.24988454313	782.119995117188
2414.47863218902	782.960021972656
2416.70671701258	782.200012207031
2418.93413928778	782.47998046875
2421.16089928842	782.200012207031
2423.38699728817	782.840026855469
2425.61243356052	782.679992675781
2427.83720837884	782.799987792969
2430.06132201633	782.640014648438
2432.28477474606	782.679992675781
2434.50756684093	782.200012207031
2436.72969857371	782.400024414063
2438.95117021699	782.440002441406
2441.17198204325	782.880004882813
2443.39213432478	783.159973144531
2445.61162733376	783.039978027344
2447.83046134218	782.719970703125
2450.04863662192	782.400024414063
2452.26615344468	782.280029296875
2454.48301208203	782.52001953125
2456.69921280539	782.960021972656
2458.91475588602	782.719970703125
2461.12964159504	782.440002441406
2463.34387020342	782.440002441406
2465.55744198198	782.159973144531
2467.77035720139	782.239990234375
2469.98261613217	782.119995117188
2472.1942190447	782.159973144531
2474.40516620922	782.599975585938
2476.6154578958	782.200012207031
2478.82509437436	782.280029296875
2481.03407591471	782.640014648438
2483.24240278646	782.760009765625
2485.45007525911	782.760009765625
2487.65709360202	782.559997558594
2489.86345808435	782.799987792969
2492.06916897518	782.47998046875
2494.27422654339	782.280029296875
2496.47863105774	782.679992675781
2498.68238278683	782.52001953125
2500.88548199912	782.47998046875
2503.08792896294	782.200012207031
2505.28972394643	782.719970703125
2507.49086721763	782.840026855469
2509.6913590444	782.320007324219
2511.89119969447	782.52001953125
2514.09038943543	782.760009765625
2516.2889285347	782.47998046875
2518.48681725957	782.760009765625
2520.6840558772	782.599975585938
2522.88064465456	782.799987792969
2525.07658385852	782.599975585938
2527.27187375578	782.960021972656
2529.4665146129	782.799987792969
2531.66050669629	782.200012207031
2533.85385027222	782.880004882813
2536.04654560681	782.719970703125
2538.23859296605	782.599975585938
2540.42999261577	782.919982910156
2542.62074482166	782.039978027344
2544.81084984925	782.320007324219
2547.00030796395	782.52001953125
2549.18911943101	782.599975585938
2551.37728451555	782.159973144531
2553.56480348252	782.559997558594
2555.75167659675	782.239990234375
2557.93790412292	782.400024414063
2560.12348632556	782.559997558594
2562.30842346905	782.599975585938
2564.49271581764	782.760009765625
2566.67636363544	782.559997558594
2568.85936718639	782.640014648438
2571.04172673431	783.200012207031
2573.22344254288	782.679992675781
2575.40451487562	782.640014648438
2577.58494399591	782.679992675781
2579.76473016699	782.760009765625
2581.94387365196	783.080017089844
2584.12237471377	782.400024414063
2586.30023361523	782.47998046875
2588.47745061901	782.960021972656
2590.65402598763	782.760009765625
2592.82995998348	782.760009765625
2595.0052528688	782.919982910156
2597.17990490568	782.640014648438
2599.35391635608	782.320007324219
2601.52728748181	782.880004882813
2603.70001854454	782.960021972656
2605.8721098058	783.320007324219
2608.04356152698	782.47998046875
2610.21437396931	782.47998046875
2612.3845473939	782.400024414063
2614.55408206173	782.47998046875
2616.72297823359	782.640014648438
2618.89123617017	782.640014648438
2621.058856132	783.039978027344
2623.22583837949	783.080017089844
2625.39218317288	782.799987792969
2627.55789077229	782.919982910156
2629.72296143769	782.239990234375
2631.88739542891	782.760009765625
2634.05119300563	782.880004882813
2636.21435442742	783.239990234375
2638.37687995367	782.840026855469
2640.53876984365	782.599975585938
2642.70002435649	782.719970703125
2644.86064375119	783.119995117188
2647.02062828658	782.599975585938
2649.17997822137	783.280029296875
2651.33869381413	782.559997558594
2653.49677532328	784
2655.65422300711	782.080017089844
2657.81103712378	782.440002441406
2659.96721793127	782.719970703125
2662.12276568747	782.960021972656
2664.2776806501	782.799987792969
2666.43196307675	782.280029296875
2668.58561322486	782.960021972656
2670.73863135176	782.640014648438
2672.8910177146	782.599975585938
2675.04277257043	782.47998046875
2677.19389617612	783.200012207031
2679.34438878845	782.640014648438
2681.49425066402	782.919982910156
2683.64348205931	782.960021972656
2685.79208323065	782.359985351563
2687.94005443425	783.159973144531
2690.08739592617	782.280029296875
2692.23410796233	783.239990234375
2694.38019079852	783
2696.52564469038	783.080017089844
2698.67046989342	782.840026855469
2700.81466666302	783.440002441406
2702.9582352544	782.679992675781
2705.10117592265	783.280029296875
2707.24348892275	783.080017089844
2709.3851745095	783.599975585938
2711.5262329376	783.559997558594
2713.66666446158	783.440002441406
2715.80646933585	783.159973144531
2717.94564781468	783.599975585938
2720.08420015222	784.119995117188
2722.22212660245	783.599975585938
2724.35942741923	783.239990234375
2726.49610285628	783.640014648438
2728.63215316721	783.200012207031
2730.76757860544	783.760009765625
2732.9023794243	783.919982910156
2735.03655587697	784.320007324219
2737.17010821648	783.880004882813
2739.30303669573	783.880004882813
2741.4353415675	783.640014648438
2743.56702308442	783.840026855469
2745.69808149898	783.239990234375
2747.82851706355	784.359985351563
2749.95833003034	783.960021972656
2752.08752065145	784.080017089844
2754.21608917883	784.159973144531
2756.3440358643	783.960021972656
2758.47136095954	783.47998046875
2760.59806471609	784.159973144531
2762.72414738537	783.119995117188
2764.84960921865	784.080017089844
2766.97445046708	783.760009765625
2769.09867138166	783.359985351563
2771.22227221326	783.760009765625
2773.34525321263	783.760009765625
2775.46761463035	783.47998046875
2777.58935671691	783.080017089844
2779.71047972262	783.719970703125
2781.83098389771	783.320007324219
2783.95086949221	783.47998046875
2786.07013675607	783.799987792969
2788.18878593908	783.52001953125
2790.3068172909	783.47998046875
2792.42423106106	783.47998046875
2794.54102749895	783.840026855469
2796.65720685384	783.599975585938
2798.77276937486	783.559997558594
2800.88771531098	783.440002441406
2803.00204491107	784.280029296875
2805.11575842387	784
2807.22885609796	782.960021972656
2809.34133818179	783.679992675781
2811.4532049237	784.119995117188
2813.56445657189	783.760009765625
2815.6750933744	783.760009765625
2817.78511557916	784.400024414063
2819.89452343398	784.039978027344
2822.00331718652	784.559997558594
2824.11149708429	784.280029296875
2826.2190633747	785.320007324219
2828.32601630502	785.640014648438
2830.43235612237	785.440002441406
2832.53808307375	785.47998046875
2834.64319740603	785.599975585938
2836.74769936595	786.47998046875
2838.85158920011	786.320007324219
2840.95486715497	787.47998046875
2843.05753347689	787.640014648438
2845.15958841206	789.359985351563
2847.26103220657	790
2849.36186510636	791.52001953125
2851.46208735724	792.200012207031
2853.56169920488	791.359985351563
2855.66070089485	791.679992675781
2857.75909267257	792
2859.85687478332	792.919982910156
2861.95404747225	795.320007324219
2864.05061098439	795.039978027344
2866.14656556464	795.359985351563
2868.24191145777	796.47998046875
2870.3366489084	797.080017089844
2872.43077816104	798.559997558594
2874.52429946006	799.679992675781
2876.61721304971	798.119995117188
2878.70951917409	801.200012207031
2880.8012180772	801.119995117188
2882.89231000287	800.919982910156
2884.98279519483	800.080017089844
2887.07267389667	800.640014648438
2889.16194635186	801.919982910156
2891.25061280373	802.640014648438
2893.33867349546	801.640014648438
2895.42612867015	801.239990234375
2897.51297857074	801.400024414063
2899.59922344003	800.799987792969
2901.68486352071	802.47998046875
2903.76989905533	802.840026855469
2905.85433028632	802.760009765625
2907.93815745598	805
2910.02138080648	806.159973144531
2912.10400057985	808
2914.186017018	807
2916.26743036271	808.200012207031
2918.34824085563	809.159973144531
2920.4284487383	808.760009765625
2922.5080542521	809.679992675781
2924.58705763829	812.119995117188
2926.66545913802	813.359985351563
2928.74325899231	812.719970703125
2930.82045744202	813.640014648438
2932.89705472792	816.400024414063
2934.97305109062	815.960021972656
2937.04844677063	816.200012207031
2939.12324200832	815.359985351563
2941.19743704393	816.359985351563
2943.27103211757	814.200012207031
2945.34402746923	811.880004882813
2947.41642333876	812.080017089844
2949.48821996592	810.640014648438
2951.55941759028	809.799987792969
2953.63001645135	808.039978027344
2955.70001678845	807.159973144531
2957.76941884083	806.200012207031
2959.83822284757	805.159973144531
2961.90642904764	805.640014648438
2963.97403767988	805.880004882813
2966.04104898302	803.239990234375
2968.10746319565	805.440002441406
2970.17328055621	806.359985351563
2972.23850130305	804.760009765625
2974.30312567438	803.679992675781
2976.36715390829	803.719970703125
2978.43058624273	802.119995117188
2980.49342291553	800.880004882813
2982.55566416439	802.640014648438
2984.61731022691	802.239990234375
2986.67836134051	802.200012207031
2988.73881774255	801.320007324219
2990.79867967021	799.440002441406
2992.85794736058	800.760009765625
2994.9166210506	799.080017089844
2996.97470097711	798.239990234375
2999.03218737679	798.47998046875
3001.08908048622	797.119995117188
3003.14538054186	797.599975585938
3005.20108778002	797.679992675781
3007.25620243691	796.559997558594
3009.3107247486	797.400024414063
3011.36465495104	797.119995117188
3013.41799328004	796.52001953125
3015.47073997133	795.359985351563
3017.52289526045	796.320007324219
3019.57445938288	796.119995117188
3021.62543257393	795.880004882813
3023.6758150688	797.200012207031
3025.72560710258	796.799987792969
3027.77480891021	795.359985351563
3029.82342072652	795.640014648438
3031.87144278622	796
3033.91887532389	795.919982910156
3035.96571857399	796.239990234375
3038.01197277084	797.799987792969
3040.05763814867	798.200012207031
3042.10271494154	797.679992675781
3044.14720338344	798.840026855469
3046.19110370818	798.559997558594
3048.2344161495	799.799987792969
3050.27714094097	799.239990234375
3052.31927831608	799.200012207031
3054.36082850816	801.200012207031
3056.40179175044	801.679992675781
3058.44216827602	801.880004882813
3060.48195831786	802.359985351563
3062.52116210884	802.559997558594
3064.55977988167	803.400024414063
3066.59781186897	802.280029296875
3068.63525830322	802.880004882813
3070.67211941678	804.400024414063
3072.7083954419	803.200012207031
3074.7440866107	802.679992675781
3076.77919315516	804.719970703125
3078.81371530716	804.919982910156
3080.84765329846	804.840026855469
3082.88100736068	804.080017089844
3084.91377772534	805.320007324219
3086.94596462381	804.080017089844
3088.97756828737	804.239990234375
3091.00858894714	806.159973144531
3093.03902683417	805.719970703125
3095.06888217933	807.599975585938
3097.09815521342	806.880004882813
3099.12684616709	808.039978027344
3101.15495527087	807.840026855469
3103.18248275518	808.599975585938
3105.20942885031	809.320007324219
3107.23579378642	810.359985351563
3109.26157779358	810
3111.28678110171	809
3113.31140394062	809.280029296875
3115.33544654	811.440002441406
3117.35890912942	813.080017089844
3119.38179193832	811.719970703125
3121.40409519602	814.640014648438
3123.42581913174	816.280029296875
3125.44696397457	816.039978027344
3127.46752995345	816.359985351563
3129.48751729725	818.52001953125
3131.50692623469	817.440002441406
3133.52575699436	817.239990234375
3135.54400980476	819.760009765625
3137.56168489425	819.200012207031
3139.57878249108	821.640014648438
3141.59530282337	820.52001953125
3143.61124611913	819.119995117188
3145.62661260624	821.359985351563
3147.64140251247	820.400024414063
3149.65561606547	822.440002441406
3151.66925349277	825.840026855469
3153.68231502177	824.840026855469
3155.69480087977	823.960021972656
3157.70671129394	823.400024414063
3159.71804649132	826.119995117188
3161.72880669886	828.919982910156
3163.73899214336	827.679992675781
3165.74860305152	828.080017089844
3167.75763964991	829.799987792969
3169.766102165	830.320007324219
3171.77399082313	832.599975585938
3173.7813058505	833.359985351563
3175.78804747323	830.960021972656
3177.79421591731	831.400024414063
3179.79981140859	832.400024414063
3181.80483417282	830.039978027344
3183.80928443564	833.960021972656
3185.81316242255	834.239990234375
3187.81646835896	835.080017089844
3189.81920247013	835.640014648438
3191.82136498122	835.760009765625
3193.82295611727	837.599975585938
3195.82397610321	838.440002441406
3197.82442516385	837.719970703125
3199.82430352386	837.239990234375
3201.82361140782	838.159973144531
3203.82234904018	839.080017089844
3205.82051664529	839.47998046875
3207.81811444735	842.840026855469
3209.81514267047	840.200012207031
3211.81160153863	840.080017089844
3213.80749127571	841.200012207031
3215.80281210545	840.760009765625
3217.79756425148	840.799987792969
3219.79174793733	842.200012207031
3221.7853633864	843.359985351563
3223.77841082196	841.599975585938
3225.77089046719	841.47998046875
3227.76280254513	844.799987792969
3229.75414727873	847.320007324219
3231.74492489081	848.440002441406
3233.73513560406	847
3235.72477964107	845.47998046875
3237.71385722431	845.080017089844
3239.70236857614	844.719970703125
3241.6903139188	848.320007324219
3243.6776934744	847.119995117188
3245.66450746496	846.239990234375
3247.65075611237	843.880004882813
3249.63643963841	844.119995117188
3251.62155826472	847.52001953125
3253.60611221287	845.799987792969
3255.59010170428	844.719970703125
3257.57352696026	848.719970703125
3259.55638820202	851
3261.53868565064	850.080017089844
3263.52041952708	845.840026855469
3265.50159005221	844.159973144531
3267.48219744676	845.840026855469
3269.46224193136	850.200012207031
3271.44172372651	849.200012207031
3273.42064305262	846.320007324219
3275.39900012996	846.640014648438
3277.3767951787	847.119995117188
3279.35402841889	848.119995117188
3281.33070007047	851.320007324219
3283.30681035326	849.47998046875
3285.28235948698	849
3287.25734769121	849.559997558594
3289.23177518544	848.799987792969
3291.20564218903	846.919982910156
3293.17894892124	848.080017089844
3295.1516956012	847.159973144531
3297.12388244795	849.47998046875
3299.09550968039	849.559997558594
3301.06657751732	847.47998046875
3303.03708617743	845.080017089844
3305.00703587929	846.239990234375
3306.97642684135	848.679992675781
3308.94525928196	849.760009765625
3310.91353341935	849.400024414063
3312.88124947164	850
3314.84840765683	849.640014648438
3316.81500819282	850.359985351563
3318.78105129738	847.200012207031
3320.74653718818	845.239990234375
3322.71146608278	846.640014648438
3324.67583819861	845.039978027344
3326.639653753	848.960021972656
3328.60291296317	849.679992675781
3330.56561604621	847.679992675781
3332.52776321913	845.679992675781
3334.4893546988	845.960021972656
3336.45039070198	846.239990234375
3338.41087144533	842.640014648438
3340.37079714539	846.119995117188
3342.33016801859	848.359985351563
3344.28898428124	846.960021972656
3346.24724614955	847.159973144531
3348.20495383962	846.239990234375
3350.16210756742	846.919982910156
3352.11870754883	845.440002441406
3354.07475399961	846.960021972656
3356.03024713539	850.640014648438
3357.98518717173	850.239990234375
3359.93957432403	850.359985351563
3361.89340880761	849.52001953125
3363.84669083768	845.159973144531
3365.79942062933	841.799987792969
3367.75159839753	843.599975585938
3369.70322435715	843.960021972656
3371.65429872295	845.840026855469
3373.60482170957	847.559997558594
3375.55479353155	849
3377.50421440332	849.47998046875
3379.45308453918	848.880004882813
3381.40140415335	848.159973144531
3383.34917345991	851.840026855469
3385.29639267284	850.559997558594
3387.24306200602	847.359985351563
3389.18918167321	846.47998046875
3391.13475188806	850.440002441406
3393.07977286411	850
3395.02424481479	848.919982910156
3396.96816795342	848.359985351563
3398.91154249322	849.080017089844
3400.85436864728	846.440002441406
3402.79664662859	844.640014648438
3404.73837665004	846.919982910156
3406.67955892439	850.280029296875
3408.62019366432	848.47998046875
3410.56028108236	852.840026855469
3412.49982139096	850.919982910156
3414.43881480247	847
3416.37726152909	848.039978027344
3418.31516178295	847.47998046875
3420.25251577605	849.640014648438
3422.18932372029	851.280029296875
3424.12558582746	847.47998046875
3426.06130230922	847.599975585938
3427.99647337717	846.559997558594
3429.93109924274	843.400024414063
3431.8651801173	843.760009765625
3433.79871621209	845.52001953125
3435.73170773824	848.080017089844
3437.66415490678	847.719970703125
3439.59605792862	848.159973144531
3441.52741701458	847.320007324219
3443.45823237536	845.799987792969
3445.38850422154	844.880004882813
3447.31823276362	845.039978027344
3449.24741821196	847.880004882813
3451.17606077684	848.52001953125
3453.10416066842	847.919982910156
3455.03171809674	846.679992675781
3456.95873327175	844.679992675781
3458.88520640329	847.400024414063
3460.81113770109	846.200012207031
3462.73652737477	844.200012207031
3464.66137563383	843.320007324219
3466.58568268769	842.280029296875
3468.50944874565	841.559997558594
3470.43267401689	838.47998046875
3472.3553587105	841.359985351563
3474.27750303545	839.200012207031
3476.19910720062	837.880004882813
3478.12017141476	841.52001953125
3480.04069588654	840.960021972656
3481.9606808245	842.080017089844
3483.88012643707	842.039978027344
3485.79903293259	842.47998046875
3487.7174005193	842.039978027344
3489.63522940532	838.559997558594
3491.55251979864	833.599975585938
3493.46927190719	832.760009765625
3495.38548593877	831.400024414063
3497.30116210107	829.320007324219
3499.21630060167	830.159973144531
3501.13090164807	827.679992675781
3503.04496544763	830
3504.95849220763	830.640014648438
3506.87148213523	826.719970703125
3508.78393543748	827.52001953125
3510.69585232134	828.119995117188
3512.60723299365	824.47998046875
3514.51807766116	824.320007324219
3516.42838653049	826.919982910156
3518.33815980819	826.159973144531
3520.24739770066	826.840026855469
3522.15610041423	824.280029296875
3524.06426815511	826.559997558594
3525.9719011294	824.039978027344
3527.87899954311	822.200012207031
3529.78556360213	821.919982910156
3531.69159351225	823.840026855469
3533.59708947916	823.640014648438
3535.50205170844	820.400024414063
3537.40648040556	818.799987792969
3539.3103757759	816.640014648438
3541.21373802472	818.359985351563
3543.11656735717	818.960021972656
3545.01886397833	818.159973144531
3546.92062809313	815.200012207031
3548.82185990643	814.640014648438
3550.72255962297	814.280029296875
3552.62272744738	813.760009765625
3554.5223635842	812.719970703125
3556.42146823786	813.640014648438
3558.32004161268	814.679992675781
3560.21808391289	813.840026855469
3562.11559534259	811.960021972656
3564.01257610581	810.400024414063
3565.90902640645	809.52001953125
3567.80494644831	809.320007324219
3569.7003364351	811.159973144531
3571.59519657042	810.719970703125
3573.48952705774	810.280029296875
3575.38332810048	811.119995117188
3577.27659990191	809.239990234375
3579.16934266521	808.159973144531
3581.06155659346	809.400024414063
3582.95324188965	808.200012207031
3584.84439875663	807.760009765625
3586.73502739718	807.440002441406
3588.62512801397	807
3590.51470080955	805.239990234375
3592.40374598639	803.799987792969
3594.29226374685	803.960021972656
3596.18025429317	804.080017089844
3598.06771782751	802.280029296875
3599.95465455192	802.799987792969
3601.84106466834	801.880004882813
3603.72694837861	800.919982910156
3605.61230588447	802.880004882813
3607.49713738756	805.200012207031
3609.38144308942	802.559997558594
3611.26522319148	802.080017089844
3613.14847789506	801.440002441406
3615.0312074014	800.080017089844
3616.91341191162	798.919982910156
3618.79509162674	800.599975585938
3620.67624674769	798.960021972656
3622.55687747528	799.47998046875
3624.43698401024	799.960021972656
3626.31656655317	800.159973144531
3628.1956253046	797.840026855469
3630.07416046492	797.239990234375
3631.95217223446	797.760009765625
3633.82966081342	795.919982910156
3635.70662640191	795.119995117188
3637.58306919993	795.280029296875
3639.45898940739	794.960021972656
3641.33438722409	794.52001953125
3643.20926284973	794.52001953125
3645.08361648392	794
3646.95744832614	793.440002441406
3648.8307585758	793.320007324219
3650.7035474322	794.840026855469
3652.57581509452	793.039978027344
3654.44756176188	793.359985351563
3656.31878763324	792.799987792969
3658.18949290753	792.119995117188
3660.05967778352	791.719970703125
3661.9293424599	791.039978027344
3663.79848713527	790.760009765625
3665.66711200812	790.119995117188
3667.53521727684	790.559997558594
3669.40280313972	789.080017089844
3671.26986979494	788.760009765625
3673.13641744059	789.359985351563
3675.00244627468	789.359985351563
