-140.373595351881	779.159973144531
-137.335129063906	778.52001953125
-134.297686810867	779.239990234375
-131.261268103955	779.080017089844
-128.225872454677	779.119995117188
-125.191499374839	778.919982910156
-122.158148376567	778.799987792969
-119.125818972292	779.320007324219
-116.094510674759	779.280029296875
-113.064222997021	779.080017089844
-110.034955452443	778.960021972656
-107.006707554687	779.119995117188
-103.979478817741	778.840026855469
-100.95326875589	778.960021972656
-97.928076883731	779.039978027344
-94.9039027161698	778.679992675781
-91.8807457684175	779.080017089844
-88.8586055560018	779.239990234375
-85.8374815947384	778.960021972656
-82.8173734007715	779.239990234375
-79.7982804905411	779.200012207031
-76.7802023807988	779
-73.7631385885914	779.200012207031
-70.7470886312892	778.919982910156
-67.732052026553	778.919982910156
-64.7180282923587	779.039978027344
-61.7050169469884	778.719970703125
-58.6930175090183	779
-55.6820294973386	779.280029296875
-52.6720524311495	779.039978027344
-49.66308582994	778.640014648438
-46.6551292135171	779.080017089844
-43.6481821019882	779.119995117188
-40.6422440157577	778.919982910156
-37.6373144755424	779.280029296875
-34.6333930023594	779.320007324219
-31.630479117526	778.760009765625
-28.6285723426709	779.52001953125
-25.6276721997107	778.880004882813
-22.6277782108771	778.960021972656
-19.628889898701	779.440002441406
-16.6310067860081	779.239990234375
-13.6341283959385	780.52001953125
-10.6382542519231	782.840026855469
-7.64338387769432	799.119995117188
-4.64951679729502	833.880004882813
-1.65665253506141	849.200012207031
1.33520938438089	828.440002441406
4.32606943608095	792.679992675781
7.315928094803	780.280029296875
10.3047858350146	779.280029296875
13.2926431308747	779.47998046875
16.2795004562541	779
19.2653582847118	778.960021972656
22.2502170895187	779.200012207031
25.2340773436344	779.239990234375
28.216939519735	778.880004882813
31.1988040901939	779
34.1796715270814	779.080017089844
37.1595423021732	778.679992675781
40.1384168869468	779.159973144531
43.1162957525854	779
46.0931793699786	778.760009765625
49.0690682097059	779.080017089844
52.0439627420619	778.559997558594
55.0178634370476	778.840026855469
57.9907707643592	778.919982910156
60.9626851933962	778.919982910156
63.9336071932735	778.640014648438
66.9035372328018	778.960021972656
69.8724757804959	779.080017089844
72.8404233045826	778.960021972656
75.8073802729932	778.960021972656
78.7733471533597	779.320007324219
81.738324413019	778.760009765625
84.702312519025	778.719970703125
87.665311938125	778.799987792969
90.6273231367761	778.919982910156
93.5883465811569	779.159973144531
96.5483827371242	778.799987792969
99.5074320702731	778.840026855469
102.465495045889	779.080017089844
105.422572128961	779.119995117188
108.378663784199	779.320007324219
111.333770476014	779
114.287892668528	778.559997558594
117.24103082557	779
120.193185410674	779.52001953125
123.144356887097	779.320007324219
126.094545717786	779.320007324219
129.043752365413	779.52001953125
131.991977292355	780.080017089844
134.939220960695	780.320007324219
137.885483832232	780.719970703125
140.83076636847	780.840026855469
143.775069030632	781.280029296875
146.718392279644	781.760009765625
149.660736576149	781.960021972656
152.602102380488	782.840026855469
155.54249015274	783.799987792969
158.481900352672	783.440002441406
161.420333439765	784.880004882813
164.357789873227	785.119995117188
167.294270111968	785.280029296875
170.229774614617	786.200012207031
173.164303839496	787.359985351563
176.097858244675	787.280029296875
179.030438287908	788.760009765625
181.962044426678	789.159973144531
184.89267711817	789.880004882813
187.822336819302	790.760009765625
190.751023986678	791.559997558594
193.678739076648	791.440002441406
196.605482545255	792.679992675781
199.531254848261	792.840026855469
202.456056441152	792.880004882813
205.379887779119	791.679992675781
208.30274931708	792.200012207031
211.224641509656	793.960021972656
214.145564811189	793.52001953125
217.06551967574	793.760009765625
219.984506557089	792.52001953125
222.902525908723	792.47998046875
225.819578183856	793.440002441406
228.735663835415	791.679992675781
231.650783316047	791.719970703125
234.564937078107	792.080017089844
237.478125573679	792.679992675781
240.390349254566	792.200012207031
243.301608572278	793
246.211903978051	793.400024414063
249.121235922839	793.159973144531
252.029604857321	794.52001953125
254.93701123188	794.760009765625
257.843455496632	794.679992675781
260.748938101415	795.039978027344
263.653459495766	795.960021972656
266.557020128967	796.200012207031
269.459620450005	796.799987792969
272.361260907595	798.52001953125
275.261941950168	797.400024414063
278.161664025874	797.080017089844
281.060427582592	798.679992675781
283.958233067921	798.320007324219
286.855080929176	797.919982910156
289.750971613398	798.039978027344
292.645905567344	797.080017089844
295.539883237503	797.359985351563
298.432905070079	797.679992675781
301.324971511007	796.760009765625
304.216083005931	797.919982910156
307.10624000023	797.760009765625
309.995442939003	798.919982910156
312.883692267071	804.119995117188
315.770988428979	812.799987792969
318.657331869	825.080017089844
321.542723031127	832.159973144531
324.427162359076	828.440002441406
327.310650296293	818
330.193187285945	809.880004882813
333.074773770929	802.559997558594
335.955410193855	800.679992675781
338.835096997075	798.359985351563
341.713834622655	797
344.59162351239	797.599975585938
347.468464107802	796.359985351563
350.344356850137	796.400024414063
353.219302180373	796.039978027344
356.093300539208	795.840026855469
358.966352367073	795.47998046875
361.838458104123	794.559997558594
364.70961819024	794.440002441406
367.579833065031	794.320007324219
370.449103167837	795.640014648438
373.317428937727	795.200012207031
376.184810813496	795
379.051249233659	795.200012207031
381.916744636474	795.400024414063
384.78129745992	795.239990234375
387.644908141706	794.919982910156
390.50757711927	794.52001953125
393.36930482978	794.039978027344
396.23009171014	794.719970703125
399.089938196969	794.440002441406
401.948844726631	794.359985351563
404.806811735214	795.599975585938
407.66383965853	795.080017089844
410.519928932138	794.080017089844
413.375079991314	794.080017089844
416.229293271071	794.960021972656
419.082569206155	795.320007324219
421.934908231031	794.840026855469
424.786310779917	794.919982910156
427.636777286748	794
430.486308185189	794.679992675781
433.334903908649	794.760009765625
436.182564890262	795.400024414063
439.029291562898	795.679992675781
441.875084359157	794.799987792969
444.719943711374	795
447.563870051618	795.960021972656
450.406863811695	794.799987792969
453.248925423132	794.640014648438
456.090055317208	794.640014648438
458.93025392492	794.559997558594
461.76952167701	794.679992675781
464.60785900395	794.52001953125
467.44526633595	795.239990234375
470.281744102955	794.840026855469
473.117292734635	794.960021972656
475.951912660415	795.039978027344
478.785604309439	794.359985351563
481.618368110592	794.640014648438
484.450204492499	794
487.281113883518	795.239990234375
490.111096711738	794.47998046875
492.940153404999	794.440002441406
495.768284390864	795.760009765625
498.595490096635	794.559997558594
501.421770949366	794.47998046875
504.247127375825	796.52001953125
507.071559802537	795.840026855469
509.89506865575	795.47998046875
512.717654361473	795.719970703125
515.539317345424	796.159973144531
518.360058033083	795.799987792969
521.179876849652	795.400024414063
523.998774220083	795.799987792969
526.816750569068	794.559997558594
529.633806321025	795.320007324219
532.44994190013	795.320007324219
535.265157730284	795.320007324219
538.079454235133	794.640014648438
540.892831838066	793.719970703125
543.705290962208	794.159973144531
546.516832030424	794.799987792969
549.32745546533	794.719970703125
552.137161689268	794.599975585938
554.945951124325	794.840026855469
557.753824192341	794.359985351563
560.560781314883	794.880004882813
563.36682291327	795.200012207031
566.171949408555	794.52001953125
568.976161221537	794.599975585938
571.779458772759	794
574.5818424825	794.599975585938
577.383312770792	794.960021972656
580.183870057402	794.559997558594
582.983514761843	794.52001953125
585.782247303363	795.080017089844
588.580068100976	794.760009765625
591.376977573414	795.719970703125
594.172976139164	794.200012207031
596.968064216463	794.840026855469
599.762242223282	794.159973144531
602.555510577335	794.320007324219
605.347869696099	793.799987792969
608.139319996771	794.52001953125
610.929861896313	793.200012207031
613.719495811421	793.559997558594
616.508222158541	793.840026855469
619.296041353863	794.679992675781
622.082953813324	794.559997558594
624.868959952607	793.200012207031
627.654060187137	794.440002441406
630.438254932094	793.960021972656
633.221544602397	794.880004882813
636.003929612719	794.080017089844
638.785410377468	793.47998046875
641.565987310814	794.200012207031
644.345660826665	794.280029296875
647.124431338674	794.880004882813
649.902299260252	795.47998046875
652.679265004552	793.799987792969
655.455328984475	794
658.230491612671	794.039978027344
661.004753301541	794.599975585938
663.778114463229	793.52001953125
666.550575509631	794.119995117188
669.322136852395	794.159973144531
672.092798902916	793.760009765625
674.862562072336	793.760009765625
677.631426771548	794.159973144531
680.399393411204	794.239990234375
683.166462401689	794.159973144531
685.93263415315	793.919982910156
688.697909075486	793.359985351563
691.462287578337	793.719970703125
694.225770071098	794.039978027344
696.988356962926	794.440002441406
699.750048662705	793.52001953125
702.5108455791	793.760009765625
705.270748120503	793.840026855469
708.029756695068	793.239990234375
710.787871710705	794.200012207031
713.545093575065	793.47998046875
716.301422695566	794.359985351563
719.056859479364	794.440002441406
721.811404333376	793.960021972656
724.56505766427	794.400024414063
727.317819878473	794.52001953125
730.069691382148	795.799987792969
732.820672581226	794.599975585938
735.570763881396	793.640014648438
738.319965688092	794
741.068278406496	794.679992675781
743.815702441559	794.359985351563
746.562238197974	795.039978027344
749.307886080196	795.159973144531
752.052646492436	794.840026855469
754.796519838656	794.400024414063
757.539506522567	794.159973144531
760.28160694765	794.47998046875
763.022821517128	793.880004882813
765.76315063399	795.280029296875
768.502594700972	795.239990234375
771.241154120572	795.640014648438
773.978829295045	794.239990234375
776.715620626397	795.400024414063
779.451528516396	796.159973144531
782.186553366565	796.440002441406
784.920695578179	797
787.653955552283	795.47998046875
790.386333689662	795.960021972656
793.117830390877	796.119995117188
795.848446056227	794.280029296875
798.578181085792	794.320007324219
801.307035879389	793.919982910156
804.035010836599	794.640014648438
806.762106356774	794.119995117188
809.488322839013	794.320007324219
812.213660682169	794.440002441406
814.938120284866	794.52001953125
817.661702045482	794.599975585938
820.384406362153	793.960021972656
823.10623363278	793.840026855469
825.827184255014	794.840026855469
828.547258626283	794.039978027344
831.266457143747	795.280029296875
833.984780204358	794.719970703125
836.702228204804	794.359985351563
839.418801541552	794.080017089844
842.134500610814	794.880004882813
844.849325808575	793.640014648438
847.563277530579	794.719970703125
850.276356172319	794.679992675781
852.988562129066	795.400024414063
855.69989579585	795.200012207031
858.410357567456	795.159973144531
861.119947838428	794.159973144531
863.828667003087	794.400024414063
866.536515455503	794.119995117188
869.243493589517	793.47998046875
871.949601798728	793.400024414063
874.654840476504	793.320007324219
877.359210015961	793.840026855469
880.062710810003	793.640014648438
882.765343251273	793.559997558594
885.467107732191	794.760009765625
888.168004644938	793.640014648438
890.868034381467	793.880004882813
893.567197333476	793.840026855469
896.265493892445	793.320007324219
898.962924449614	793.47998046875
901.659489395985	793.799987792969
904.355189122325	793.840026855469
907.050024019165	794.960021972656
909.743994476809	793.799987792969
912.437100885322	793.200012207031
915.129343634532	794.640014648438
917.820723114032	794.799987792969
920.511239713189	793.840026855469
923.200893821127	793.559997558594
925.889685826744	794.159973144531
928.577616118699	794.679992675781
931.264685085419	795.280029296875
933.950893115098	795.159973144531
936.6362405957	794.159973144531
939.320727914956	793.880004882813
942.004355460359	794.799987792969
944.687123619173	794
947.369032778431	794.440002441406
950.050083324934	793.799987792969
952.730275645247	793.719970703125
955.409610125711	794.440002441406
958.088087152423	794.119995117188
960.765707111263	794.559997558594
963.442470387871	794
966.118377367657	794.200012207031
968.793428435798	795.039978027344
971.467623977254	794
974.140964376739	794.400024414063
976.813450018737	793.359985351563
979.485081287511	794.280029296875
982.155858567087	793.400024414063
984.825782241271	793.280029296875
987.494852693624	794.400024414063
990.163070307487	794.559997558594
992.830435465978	794.200012207031
995.496948551973	794.239990234375
998.162609948122	794.159973144531
1000.82742003685	796.080017089844
1003.49137920036	797.080017089844
1006.15448782061	797.320007324219
1008.81674627934	796.039978027344
1011.47815495806	794.320007324219
1014.13871423805	793.47998046875
1016.79842450037	792.599975585938
1019.45728612586	793.280029296875
1022.11529949509	792.52001953125
1024.77246498846	791.840026855469
1027.4287829861	792.320007324219
1030.08425386792	793.400024414063
1032.73887801363	793.400024414063
1035.3926558027	792.640014648438
1038.04558761435	793.52001953125
1040.69767382761	793.159973144531
1043.34891482125	793.400024414063
1045.99931097384	793.559997558594
1048.64886266371	792.239990234375
1051.29757026898	794.080017089844
1053.94543416753	793.359985351563
1056.59245473701	793.080017089844
1059.23863235486	793.080017089844
1061.8839673983	792.960021972656
1064.5284602443	793.239990234375
1067.17211126962	793.159973144531
1069.8149208508	794.080017089844
1072.45688936415	793.400024414063
1075.09801718577	793.640014648438
1077.7383046915	793.039978027344
1080.377752257	793.559997558594
1083.01636025767	793
1085.65412906872	794
1088.2910590651	794.200012207031
1090.92715062157	794.039978027344
1093.56240411266	795.52001953125
1096.19681991265	794.119995117188
1098.83039839564	794.080017089844
1101.46313993547	794.760009765625
1104.09504490579	794.280029296875
1106.72611368	793.159973144531
1109.35634663129	793.599975585938
1111.98574413263	792.840026855469
1114.61430655677	793.400024414063
1117.24203427624	791.840026855469
1119.86892766333	793.200012207031
1122.49498709014	792.640014648438
1125.12021292851	793.239990234375
1127.74460555011	792.280029296875
1130.36816532634	792.719970703125
1132.99089262841	792.159973144531
1135.6127878273	792.52001953125
1138.23385129376	791.440002441406
1140.85408339834	791.200012207031
1143.47348451137	791.280029296875
1146.09205500294	791.400024414063
1148.70979524293	791.239990234375
1151.326705601	791.47998046875
1153.9427864466	791.119995117188
1156.55803814896	791.400024414063
1159.17246107707	791.47998046875
1161.78605559974	790.880004882813
1164.39882208551	791.640014648438
1167.01076090276	792.039978027344
1169.6218724196	792.679992675781
1172.23215700396	793.280029296875
1174.84161502352	792.280029296875
1177.45024684578	792.239990234375
1180.05805283799	792.200012207031
1182.66503336719	792.080017089844
1185.27118880021	791.719970703125
1187.87651950367	792.880004882813
1190.48102584395	791.640014648438
1193.08470818723	791.47998046875
1195.68756689948	792.440002441406
1198.28960234643	792.200012207031
1200.89081489363	791.320007324219
1203.49120490636	792.239990234375
1206.09077274974	792.080017089844
1208.68951878864	792.119995117188
1211.28744338773	793.359985351563
1213.88454691145	794.359985351563
1216.48082972404	794.039978027344
1219.07629218953	793.640014648438
1221.6709346717	792.640014648438
1224.26475753416	793.320007324219
1226.85776114028	793.640014648438
1229.44994585322	794.080017089844
1232.04131203592	794.239990234375
1234.63186005112	794.47998046875
1237.22159026133	794.919982910156
1239.81050302886	794.880004882813
1242.3985987158	794.840026855469
1244.98587768402	795.880004882813
1247.5723402952	796.52001953125
1250.15798691078	795.880004882813
1252.74281789199	797.039978027344
1255.32683359987	796.760009765625
1257.91003439523	795.239990234375
1260.49242063865	796.200012207031
1263.07399269055	795.799987792969
1265.65475091108	795.080017089844
1268.23469566021	795.039978027344
1270.81382729769	795
1273.39214618306	795.039978027344
1275.96965267566	794.400024414063
1278.54634713458	794.47998046875
1281.12222991875	794.119995117188
1283.69730138685	795.080017089844
1286.27156189737	794.919982910156
1288.84501180858	794.799987792969
1291.41765147853	795.280029296875
1293.98948126509	795.080017089844
1296.56050152589	795.119995117188
1299.13071261837	795.440002441406
1301.70011489973	795.400024414063
1304.268708727	795.559997558594
1306.83649445698	795.200012207031
1309.40347244625	795.200012207031
1311.96964305119	796.080017089844
1314.53500662799	795.799987792969
1317.0995635326	795.200012207031
1319.66331412077	795.719970703125
1322.22625874806	795.719970703125
1324.7883977698	796.599975585938
1327.34973154112	795.200012207031
1329.91026041694	794.960021972656
1332.46998475197	794.400024414063
1335.0289049007	795.400024414063
1337.58702121746	796.559997558594
1340.14433405631	796.239990234375
1342.70084377115	796.320007324219
1345.25655071563	795.440002441406
1347.81145524323	795.599975585938
1350.36555770721	793.799987792969
1352.91885846062	793.239990234375
1355.47135785631	793.159973144531
1358.02305624691	792.840026855469
1360.57395398486	792.119995117188
1363.12405142237	791.159973144531
1365.67334891148	791.960021972656
1368.22184680399	792.239990234375
1370.76954545151	792.440002441406
1373.31644520545	792.400024414063
1375.86254641699	792.52001953125
1378.40784943713	792.719970703125
1380.95235461666	791.919982910156
1383.49606230615	791.200012207031
1386.03897285598	791.159973144531
1388.58108661632	791.960021972656
1391.12240393713	791.559997558594
1393.66292516818	791.840026855469
1396.20265065903	791.280029296875
1398.74158075901	792.200012207031
1401.2797158173	791.799987792969
1403.81705618282	791.200012207031
1406.35360220431	792.52001953125
1408.88935423032	791.440002441406
1411.42431260919	790.760009765625
1413.95847768903	791.400024414063
1416.49184981777	791.640014648438
1419.02442934314	791.039978027344
1421.55621661266	792
1424.08721197364	791.760009765625
1426.61741577321	792.280029296875
1429.14682835828	791.799987792969
1431.67545007555	791.880004882813
1434.20328127153	792.080017089844
1436.73032229253	791.919982910156
1439.25657348466	793.320007324219
1441.78203519381	794.359985351563
1444.3067077657	795.080017089844
1446.83059154581	795.760009765625
1449.35368687944	796.239990234375
1451.8759941117	795.760009765625
1454.39751358748	795.52001953125
1456.91824565148	796.039978027344
1459.43819064818	794.760009765625
1461.95734892189	795.400024414063
1464.4757208167	793.960021972656
1466.99330667649	794.200012207031
1469.51010684497	792.280029296875
1472.02612166564	792.400024414063
1474.54135148177	792.039978027344
1477.05579663646	792.760009765625
1479.56945747262	791.200012207031
1482.08233433293	791.919982910156
1484.59442755989	791.280029296875
1487.10573749579	791.119995117188
1489.61626448275	790.119995117188
1492.12600886264	790.359985351563
1494.63497097718	790.119995117188
1497.14315116786	789.080017089844
1499.65054977599	788.719970703125
1502.15716714267	788.440002441406
1504.66300360881	788.640014648438
1507.16805951512	788.359985351563
1509.67233520211	788.47998046875
1512.1758310101	788.039978027344
1514.67854727919	788.880004882813
1517.18048434931	788.559997558594
1519.68164256018	789
1522.18202225132	787.840026855469
1524.68162376207	788.039978027344
1527.18044743155	787.599975585938
1529.67849359869	788.52001953125
1532.17576260224	788.159973144531
1534.67225478072	787.719970703125
1537.1679704725	788.039978027344
1539.66291001572	788.679992675781
1542.15707374832	788
1544.65046200807	788.559997558594
1547.14307513254	788.760009765625
1549.63491345907	789.52001953125
1552.12597732485	789.039978027344
1554.61626706685	788.880004882813
1557.10578302185	789.039978027344
1559.59452552644	789.559997558594
1562.082494917	788.880004882813
1564.56969152973	789.760009765625
1567.05611570064	789.719970703125
1569.54176776552	790.039978027344
1572.02664806	790.280029296875
1574.51075691949	791.880004882813
1576.99409467921	791.200012207031
1579.4766616742	792.280029296875
1581.95845823929	790.599975585938
1584.43948470912	791.320007324219
1586.91974141815	790.239990234375
1589.39922870064	791
1591.87794689064	790.559997558594
1594.35589632202	790.559997558594
1596.83307732848	790.440002441406
1599.30949024348	790.440002441406
1601.78513540033	791.080017089844
1604.26001313211	792.039978027344
1606.73412377175	791.719970703125
1609.20746765196	791.799987792969
1611.68004510526	791.880004882813
1614.15185646398	791.400024414063
1616.62290206026	792.119995117188
1619.09318222605	792.080017089844
1621.56269729311	792
1624.031447593	792
1626.4994334571	793.239990234375
1628.9666552166	792.840026855469
1631.43311320248	792.760009765625
1633.89880774554	792.559997558594
1636.3637391764	792.52001953125
1638.82790782548	793.159973144531
1641.29131402301	793.52001953125
1643.75395809903	794.440002441406
1646.21584038339	795.080017089844
1648.67696120575	793.840026855469
1651.13732089558	795.159973144531
1653.59691978216	796.559997558594
1656.05575819459	796.239990234375
1658.51383646175	795.559997558594
1660.97115491238	796.880004882813
1663.42771387498	795.119995117188
1665.8835136779	795.880004882813
1668.33855464928	795.440002441406
1670.79283711708	796.039978027344
1673.24636140907	794.559997558594
1675.69912785282	794.159973144531
1678.15113677572	793.599975585938
1680.602388505	793.880004882813
1683.05288336764	792.52001953125
1685.50262169049	792.440002441406
1687.95160380019	791.679992675781
1690.39983002318	790.679992675781
1692.84730068573	789.799987792969
1695.29401611392	789.239990234375
1697.73997663364	789.080017089844
1700.18518257059	789.359985351563
1702.6296342503	788.440002441406
1705.07333199807	788.080017089844
1707.51627613907	787.320007324219
1709.95846699824	787.440002441406
1712.39990490036	787.640014648438
1714.84059017001	787.159973144531
1717.28052313159	786.919982910156
1719.7197041093	786.47998046875
1722.15813342718	786.159973144531
1724.59581140906	786.760009765625
1727.03273837859	786.52001953125
1729.46891465926	785.840026855469
1731.90434057432	785.320007324219
1734.3390164469	785.52001953125
1736.7729425999	785.52001953125
1739.20611935604	785.640014648438
1741.63854703787	785.359985351563
1744.07022596776	785.359985351563
1746.50115646787	785.47998046875
1748.93133886019	785.359985351563
1751.36077346652	785.159973144531
1753.7894606085	784.359985351563
1756.21740060755	785.039978027344
1758.64459378494	784.320007324219
1761.07104046172	784.719970703125
1763.49674095879	784.559997558594
1765.92169559684	784.679992675781
1768.3459046964	784.440002441406
1770.7693685778	784.559997558594
1773.1920875612	784.559997558594
1775.61406196656	785.119995117188
1778.03529211367	784.760009765625
1780.45577832214	784.200012207031
1782.87552091138	784.960021972656
1785.29452020064	784.919982910156
1787.71277650897	784.400024414063
1790.13029015525	784.119995117188
1792.54706145817	784.840026855469
1794.96309073625	784.559997558594
1797.3783783078	784.400024414063
1799.79292449097	784.599975585938
1802.20672960375	784.679992675781
1804.61979396389	784.280029296875
1807.03211788902	784.640014648438
1809.44370169655	784.239990234375
1811.85454570373	783.599975585938
1814.2646502276	784.159973144531
1816.67401558506	783.840026855469
1819.0826420928	783.960021972656
1821.49053006734	784.599975585938
1823.89767982501	784.280029296875
1826.30409168198	783.880004882813
1828.70976595422	783.679992675781
1831.11470295753	783.799987792969
1833.51890300752	784.200012207031
1835.92236641964	784.159973144531
1838.32509350914	784.200012207031
1840.72708459111	784.119995117188
1843.12833998044	784.239990234375
1845.52885999184	783.880004882813
1847.92864493987	783.719970703125
1850.32769513889	784.719970703125
1852.72601090307	783.880004882813
1855.12359254642	783.599975585938
1857.52044038278	783.840026855469
1859.91655472578	784.320007324219
1862.31193588889	784.159973144531
1864.70658418542	784.280029296875
1867.10049992847	783.760009765625
1869.49368343096	784.359985351563
1871.88613500568	784.080017089844
1874.27785496518	784
1876.66884362188	783.799987792969
1879.059101288	783.960021972656
1881.44862827559	784.080017089844
1883.8374248965	783.799987792969
1886.22549146246	783.52001953125
1888.61282828495	783.880004882813
1890.99943567534	783.599975585938
1893.38531394477	783.440002441406
1895.77046340424	783.599975585938
1898.15488436455	783.960021972656
1900.53857713634	783.640014648438
1902.92154203006	783.919982910156
1905.303779356	783.640014648438
1907.68528942426	784.200012207031
1910.06607254477	783.840026855469
1912.44612902729	784.039978027344
1914.82545918139	783.840026855469
1917.20406331648	783.47998046875
1919.58194174178	783.47998046875
1921.95909476634	784.320007324219
1924.33552269905	783.559997558594
1926.71122584861	783.799987792969
1929.08620452353	783.640014648438
1931.46045903219	784.159973144531
1933.83398968275	783.640014648438
1936.20679678322	783.719970703125
1938.57888064142	783.719970703125
1940.95024156502	784.440002441406
1943.3208798615	783.679992675781
1945.69079583816	783.960021972656
1948.05998980213	783.880004882813
1950.42846206038	783.47998046875
1952.79621291969	783.400024414063
1955.16324268668	783.919982910156
1957.52955166778	783.719970703125
1959.89514016927	784.039978027344
1962.26000849723	784.200012207031
1964.62415695759	783.679992675781
1966.98758585609	783.080017089844
1969.3502954983	783.840026855469
1971.71228618964	784.080017089844
1974.07355823532	784
1976.43411194042	783.559997558594
1978.79394760981	784.359985351563
1981.1530655482	783.760009765625
1983.51146606014	783.559997558594
1985.86914944999	784.280029296875
1988.22611602196	783.640014648438
1990.58236608007	784.359985351563
1992.93789992817	783.719970703125
1995.29271786995	784
1997.64682020892	784.599975585938
2000.00020724843	783.679992675781
2002.35287929162	784.359985351563
2004.70483664152	784.359985351563
2007.05607960095	784
2009.40660847256	784
2011.75642355884	783.239990234375
2014.1055251621	783.280029296875
2016.4539135845	783.960021972656
2018.80158912802	784.080017089844
2021.14855209444	784.320007324219
2023.49480278542	784.960021972656
2025.84034150242	783.880004882813
2028.18516854673	783.640014648438
2030.52928421948	784.159973144531
2032.87268882163	783.799987792969
2035.21538265398	783.559997558594
2037.55736601713	784.039978027344
2039.89863921153	784.200012207031
2042.23920253747	784.359985351563
2044.57905629506	783.47998046875
2046.91820078425	784.119995117188
2049.2566363048	784.039978027344
2051.59436315633	784.239990234375
2053.93138163827	784.280029296875
2056.2676920499	783.880004882813
2058.6032946903	783.52001953125
2060.93818985843	783.719970703125
2063.27237785303	783.640014648438
2065.60585897272	783.840026855469
2067.93863351592	784.559997558594
2070.27070178089	783.760009765625
2072.60206406574	784.280029296875
2074.93272066838	784.239990234375
2077.26267188658	784.119995117188
2079.59191801793	784.280029296875
2081.92045935985	783.960021972656
2084.24829620962	784.320007324219
2086.57542886431	784.320007324219
2088.90185762087	784.559997558594
2091.22758277604	784.280029296875
2093.55260462643	783.840026855469
2095.87692346845	783.440002441406
2098.20053959837	784.840026855469
2100.52345331229	783.960021972656
2102.84566490614	784.52001953125
2105.16717467567	784.400024414063
2107.48798291649	784.119995117188
2109.80808992403	783.880004882813
2112.12749599355	783.919982910156
2114.44620142016	783.840026855469
2116.7642064988	784.280029296875
2119.08151152423	784.359985351563
2121.39811679106	783.960021972656
2123.71402259374	783.760009765625
2126.02922922653	783.640014648438
2128.34373698356	784.320007324219
2130.65754615876	784.200012207031
2132.97065704594	784
2135.28306993869	783.960021972656
2137.59478513047	783.599975585938
2139.90580291459	784.359985351563
2142.21612358416	783.919982910156
2144.52574743214	784.440002441406
2146.83467475134	784.119995117188
2149.1429058344	783.440002441406
2151.45044097377	784.359985351563
2153.75728046178	783.880004882813
2156.06342459057	784.679992675781
2158.36887365212	784.359985351563
2160.67362793825	784.280029296875
2162.97768774061	783.919982910156
2165.28105335071	784.719970703125
2167.58372505987	783.799987792969
2169.88570315926	783.799987792969
2172.18698793988	784.239990234375
2174.48757969258	783.880004882813
2176.78747870805	784.840026855469
2179.08668527679	783.719970703125
2181.38519968917	784.080017089844
2183.68302223538	783.640014648438
2185.98015320547	783.719970703125
2188.27659288929	784.280029296875
2190.57234157656	783.559997558594
2192.86739955682	784.159973144531
2195.16176711948	783.599975585938
2197.45544455375	783.559997558594
2199.74843214869	783.760009765625
2202.04073019322	783.159973144531
2204.33233897607	783.760009765625
2206.62325878583	783.919982910156
2208.91348991093	784.239990234375
2211.20303263961	783.280029296875
2213.49188726	783.080017089844
2215.78005406001	783.760009765625
2218.06753332744	783.47998046875
2220.35432534991	784.679992675781
2222.64043041487	784.359985351563
2224.92584880964	783.559997558594
2227.21058082134	783.599975585938
2229.49462673696	783.52001953125
2231.77798684332	782.840026855469
2234.06066142709	783.239990234375
2236.34265077477	783.440002441406
2238.62395517269	783.52001953125
2240.90457490706	783.799987792969
2243.18451026388	783.719970703125
2245.46376152904	783.239990234375
2247.74232898823	783.359985351563
2250.02021292701	782.880004882813
2252.29741363077	783.119995117188
2254.57393138475	783.320007324219
2256.849766474	782.880004882813
2259.12491918346	783.080017089844
2261.39938979788	783.52001953125
2263.67317860185	783.080017089844
2265.94628587983	783.359985351563
2268.2187119161	783.159973144531
2270.49045699478	783.47998046875
2272.76152139985	783.119995117188
2275.03190541511	783.080017089844
2277.30160932421	783.679992675781
2279.57063341067	783.320007324219
2281.83897795781	783.640014648438
2284.10664324882	782.760009765625
2286.37362956672	783.400024414063
2288.63993719439	782.840026855469
2290.90556641454	782.47998046875
2293.17051750973	782.919982910156
2295.43479076235	782.840026855469
2297.69838645465	783.159973144531
2299.96130486871	783.280029296875
2302.22354628647	783.080017089844
2304.48511098971	782.840026855469
2306.74599926003	782.880004882813
2309.00621137891	782.840026855469
2311.26574762765	783.119995117188
2313.52460828741	782.47998046875
2315.78279363917	783.039978027344
2318.04030396379	783
2320.29713954195	783.159973144531
2322.55330065418	782.919982910156
2324.80878758085	783.039978027344
2327.06360060219	783.400024414063
2329.31773999826	783
2331.57120604897	783.200012207031
2333.82399903409	782.840026855469
2336.0761192332	783.320007324219
2338.32756692577	782.960021972656
2340.57834239108	783.039978027344
2342.82844590827	783.52001953125
2345.07787775633	782.599975585938
2347.32663821409	782.640014648438
2349.57472756023	782.159973144531
2351.82214607327	782.960021972656
2354.06889403158	783.039978027344
2356.31497171337	783.039978027344
2358.56037939672	782.52001953125
2360.80511735953	782.47998046875
2363.04918587955	782.679992675781
2365.29258523439	783.159973144531
2367.5353157015	782.559997558594
2369.77737755817	783.239990234375
2372.01877108156	782.760009765625
2374.25949654865	782.559997558594
2376.49955423629	782.320007324219
2378.73894442115	782
2380.97766737977	783
2383.21572338855	782.679992675781
2385.45311272369	782.47998046875
2387.68983566129	782.599975585938
2389.92589247727	782.640014648438
2392.1612834474	782.559997558594
2394.39600884731	782.119995117188
2396.63006895246	782.359985351563
2398.86346403818	782.679992675781
2401.09619437962	782.719970703125
2403.32826025182	783.039978027344
2405.55966192963	782.559997558594
2407.79039968777	782.400024414063
2410.0204738008	782.640014648438
2412.24988454313	782.280029296875
2414.47863218902	782.840026855469
2416.70671701258	782.119995117188
2418.93413928778	782.239990234375
2421.16089928842	781.960021972656
2423.38699728817	782.640014648438
2425.61243356052	782.400024414063
2427.83720837884	782.320007324219
2430.06132201633	781.960021972656
2432.28477474606	782.320007324219
2434.50756684093	781.919982910156
2436.72969857371	782.400024414063
2438.95117021699	782.080017089844
2441.17198204325	782.47998046875
2443.39213432478	782.719970703125
2445.61162733376	782.599975585938
2447.83046134218	782.159973144531
2450.04863662192	781.799987792969
2452.26615344468	782.719970703125
2454.48301208203	782.080017089844
2456.69921280539	782.559997558594
2458.91475588602	782.719970703125
2461.12964159504	782.400024414063
2463.34387020342	782.400024414063
2465.55744198198	782.239990234375
2467.77035720139	782.400024414063
2469.98261613217	782.239990234375
2472.1942190447	782.119995117188
2474.40516620922	782.200012207031
2476.6154578958	782.239990234375
2478.82509437436	782.080017089844
2481.03407591471	781.760009765625
2483.24240278646	782.760009765625
2485.45007525911	782.679992675781
2487.65709360202	783
2489.86345808435	782.640014648438
2492.06916897518	782.679992675781
2494.27422654339	782.400024414063
2496.47863105774	782.239990234375
2498.68238278683	782.159973144531
2500.88548199912	781.919982910156
2503.08792896294	782.400024414063
2505.28972394643	782.559997558594
2507.49086721763	782.599975585938
2509.6913590444	782.239990234375
2511.89119969447	782.760009765625
2514.09038943543	782.599975585938
2516.2889285347	782.320007324219
2518.48681725957	782.679992675781
2520.6840558772	781.919982910156
2522.88064465456	782.119995117188
2525.07658385852	782.400024414063
2527.27187375578	782.280029296875
2529.4665146129	782.799987792969
2531.66050669629	782.039978027344
2533.85385027222	782.47998046875
2536.04654560681	782.47998046875
2538.23859296605	782.719970703125
2540.42999261577	782.039978027344
2542.62074482166	782
2544.81084984925	782.080017089844
2547.00030796395	782.559997558594
2549.18911943101	782.320007324219
2551.37728451555	782.200012207031
2553.56480348252	782.159973144531
2555.75167659675	782.239990234375
2557.93790412292	782.320007324219
2560.12348632556	782.47998046875
2562.30842346905	782.119995117188
2564.49271581764	782.599975585938
2566.67636363544	782.679992675781
2568.85936718639	782.359985351563
2571.04172673431	782.52001953125
2573.22344254288	782.599975585938
2575.40451487562	782.799987792969
2577.58494399591	782.640014648438
2579.76473016699	782.760009765625
2581.94387365196	782.440002441406
2584.12237471377	782.039978027344
2586.30023361523	782.599975585938
2588.47745061901	782.119995117188
2590.65402598763	782.280029296875
2592.82995998348	782.039978027344
2595.0052528688	782.880004882813
2597.17990490568	782.239990234375
2599.35391635608	781.960021972656
2601.52728748181	782.359985351563
2603.70001854454	782.760009765625
2605.8721098058	782.119995117188
2608.04356152698	782.239990234375
2610.21437396931	781.919982910156
2612.3845473939	782.200012207031
2614.55408206173	782.640014648438
2616.72297823359	782.320007324219
2618.89123617017	782.52001953125
2621.058856132	782.47998046875
2623.22583837949	782.799987792969
2625.39218317288	782.52001953125
2627.55789077229	782.359985351563
2629.72296143769	782.559997558594
2631.88739542891	782.359985351563
2634.05119300563	782.679992675781
2636.21435442742	782.919982910156
2638.37687995367	782.440002441406
2640.53876984365	782.760009765625
2642.70002435649	782.679992675781
2644.86064375119	782.719970703125
2647.02062828658	782.400024414063
2649.17997822137	782.599975585938
2651.33869381413	782.200012207031
2653.49677532328	782.640014648438
2655.65422300711	782.239990234375
2657.81103712378	782.119995117188
2659.96721793127	782.760009765625
2662.12276568747	782.239990234375
2664.2776806501	783.159973144531
2666.43196307675	782.359985351563
2668.58561322486	782.640014648438
2670.73863135176	782.840026855469
2672.8910177146	782.719970703125
2675.04277257043	783
2677.19389617612	782.47998046875
2679.34438878845	782.840026855469
2681.49425066402	782.799987792969
2683.64348205931	782.599975585938
2685.79208323065	782.559997558594
2687.94005443425	783.080017089844
2690.08739592617	782.599975585938
2692.23410796233	782.719970703125
2694.38019079852	782.719970703125
2696.52564469038	783.119995117188
2698.67046989342	782.799987792969
2700.81466666302	782.960021972656
2702.9582352544	783.440002441406
2705.10117592265	782.599975585938
2707.24348892275	782.919982910156
2709.3851745095	783.320007324219
2711.5262329376	783.280029296875
2713.66666446158	783.119995117188
2715.80646933585	783.080017089844
2717.94564781468	783.400024414063
2720.08420015222	783
2722.22212660245	782.880004882813
2724.35942741923	782.880004882813
2726.49610285628	782.840026855469
2728.63215316721	783.159973144531
2730.76757860544	783.280029296875
2732.9023794243	783.119995117188
2735.03655587697	783.599975585938
2737.17010821648	783.719970703125
2739.30303669573	783.799987792969
2741.4353415675	783.719970703125
2743.56702308442	783.960021972656
2745.69808149898	783
2747.82851706355	783.679992675781
2749.95833003034	783.320007324219
2752.08752065145	784
2754.21608917883	783.159973144531
2756.3440358643	783.47998046875
2758.47136095954	783.47998046875
2760.59806471609	783.599975585938
2762.72414738537	783.320007324219
2764.84960921865	783.679992675781
2766.97445046708	783.840026855469
2769.09867138166	783.200012207031
2771.22227221326	783.47998046875
2773.34525321263	783.599975585938
2775.46761463035	783.119995117188
2777.58935671691	782.799987792969
2779.71047972262	783.47998046875
2781.83098389771	782.919982910156
2783.95086949221	783.039978027344
2786.07013675607	783.840026855469
2788.18878593908	782.719970703125
2790.3068172909	783.239990234375
2792.42423106106	783.119995117188
2794.54102749895	783.200012207031
2796.65720685384	783.080017089844
2798.77276937486	783.440002441406
2800.88771531098	783.400024414063
2803.00204491107	784.080017089844
2805.11575842387	784.359985351563
2807.22885609796	783.280029296875
2809.34133818179	783.200012207031
2811.4532049237	783.599975585938
2813.56445657189	783.200012207031
2815.6750933744	783.159973144531
2817.78511557916	783.799987792969
2819.89452343398	783.320007324219
2822.00331718652	784.200012207031
2824.11149708429	784.359985351563
2826.2190633747	785.039978027344
2828.32601630502	784.359985351563
2830.43235612237	784.640014648438
2832.53808307375	784.679992675781
2834.64319740603	785.280029296875
2836.74769936595	786.039978027344
2838.85158920011	786
2840.95486715497	786.840026855469
2843.05753347689	786.880004882813
2845.15958841206	788.52001953125
2847.26103220657	789.280029296875
2849.36186510636	790.679992675781
2851.46208735724	791.159973144531
2853.56169920488	790.039978027344
2855.66070089485	790.320007324219
2857.75909267257	791.47998046875
2859.85687478332	792.039978027344
2861.95404747225	793
2864.05061098439	794.440002441406
2866.14656556464	794.200012207031
2868.24191145777	795.559997558594
2870.3366489084	795.679992675781
2872.43077816104	796.599975585938
2874.52429946006	797.960021972656
2876.61721304971	796.599975585938
2878.70951917409	799.200012207031
2880.8012180772	799.559997558594
2882.89231000287	799.280029296875
2884.98279519483	798.760009765625
2887.07267389667	798.679992675781
2889.16194635186	801.039978027344
2891.25061280373	801
2893.33867349546	799.320007324219
2895.42612867015	799.719970703125
2897.51297857074	800.159973144531
2899.59922344003	799.119995117188
2901.68486352071	800.200012207031
2903.76989905533	800.52001953125
2905.85433028632	800.400024414063
2907.93815745598	803.039978027344
2910.02138080648	804
2912.10400057985	805.640014648438
2914.186017018	805.640014648438
2916.26743036271	806.039978027344
2918.34824085563	806.799987792969
2920.4284487383	807.039978027344
2922.5080542521	808
2924.58705763829	809.840026855469
2926.66545913802	810.599975585938
2928.74325899231	810
2930.82045744202	810.960021972656
2932.89705472792	813.159973144531
2934.97305109062	813.919982910156
2937.04844677063	813.440002441406
2939.12324200832	812.919982910156
2941.19743704393	813.52001953125
2943.27103211757	811.080017089844
2945.34402746923	810.679992675781
2947.41642333876	809.400024414063
2949.48821996592	808.960021972656
2951.55941759028	807.960021972656
2953.63001645135	806.440002441406
2955.70001678845	804.320007324219
2957.76941884083	803.280029296875
2959.83822284757	804.400024414063
2961.90642904764	804.719970703125
2963.97403767988	803.880004882813
2966.04104898302	802.599975585938
2968.10746319565	803.640014648438
2970.17328055621	803.47998046875
2972.23850130305	803.119995117188
2974.30312567438	803.080017089844
2976.36715390829	802.719970703125
2978.43058624273	801.840026855469
2980.49342291553	800.239990234375
2982.55566416439	802.599975585938
2984.61731022691	802.280029296875
2986.67836134051	802.320007324219
2988.73881774255	799.960021972656
2990.79867967021	798.280029296875
2992.85794736058	799.200012207031
2994.9166210506	798.52001953125
2996.97470097711	797.119995117188
2999.03218737679	797.760009765625
3001.08908048622	796.799987792969
3003.14538054186	796.47998046875
3005.20108778002	796.280029296875
3007.25620243691	794.919982910156
3009.3107247486	796.239990234375
3011.36465495104	796.640014648438
3013.41799328004	795.400024414063
3015.47073997133	794.760009765625
3017.52289526045	795.52001953125
3019.57445938288	795.640014648438
3021.62543257393	795.840026855469
3023.6758150688	797.679992675781
3025.72560710258	796.320007324219
3027.77480891021	794.840026855469
3029.82342072652	795.440002441406
3031.87144278622	795.039978027344
3033.91887532389	795.359985351563
3035.96571857399	796.039978027344
3038.01197277084	797.039978027344
3040.05763814867	797.960021972656
3042.10271494154	798.119995117188
3044.14720338344	797.919982910156
3046.19110370818	797.840026855469
3048.2344161495	798.559997558594
3050.27714094097	799.320007324219
3052.31927831608	799.440002441406
3054.36082850816	800.880004882813
3056.40179175044	801.200012207031
3058.44216827602	801.679992675781
3060.48195831786	802.239990234375
3062.52116210884	801.960021972656
3064.55977988167	803.239990234375
3066.59781186897	801.840026855469
3068.63525830322	802.440002441406
3070.67211941678	802.799987792969
3072.7083954419	803.200012207031
3074.7440866107	802.760009765625
3076.77919315516	803.799987792969
3078.81371530716	804.559997558594
3080.84765329846	804.640014648438
3082.88100736068	803.719970703125
3084.91377772534	803.52001953125
3086.94596462381	803.559997558594
3088.97756828737	804
3091.00858894714	806.840026855469
3093.03902683417	805.359985351563
3095.06888217933	807.280029296875
3097.09815521342	806.760009765625
3099.12684616709	807.359985351563
3101.15495527087	807.039978027344
3103.18248275518	808.52001953125
3105.20942885031	808.440002441406
3107.23579378642	809.840026855469
3109.26157779358	808.679992675781
3111.28678110171	808.880004882813
3113.31140394062	808.559997558594
3115.33544654	812.039978027344
3117.35890912942	812.400024414063
3119.38179193832	812.799987792969
3121.40409519602	813.559997558594
3123.42581913174	816.47998046875
3125.44696397457	815.960021972656
3127.46752995345	816.239990234375
3129.48751729725	817.919982910156
3131.50692623469	816.719970703125
3133.52575699436	816.359985351563
3135.54400980476	819.359985351563
3137.56168489425	819.640014648438
3139.57878249108	820.679992675781
3141.59530282337	820.039978027344
3143.61124611913	819.119995117188
3145.62661260624	821.47998046875
3147.64140251247	819.159973144531
3149.65561606547	822.47998046875
3151.66925349277	824.840026855469
3153.68231502177	825.239990234375
3155.69480087977	823.640014648438
3157.70671129394	823.159973144531
3159.71804649132	826
3161.72880669886	829.840026855469
3163.73899214336	828
3165.74860305152	830.280029296875
3167.75763964991	830.039978027344
3169.766102165	832.039978027344
3171.77399082313	833.880004882813
3173.7813058505	834.760009765625
3175.78804747323	832.280029296875
3177.79421591731	830.47998046875
3179.79981140859	832.039978027344
3181.80483417282	830.320007324219
3183.80928443564	834.320007324219
3185.81316242255	834.960021972656
3187.81646835896	835.719970703125
3189.81920247013	835.200012207031
3191.82136498122	837.239990234375
3193.82295611727	837.320007324219
3195.82397610321	838.47998046875
3197.82442516385	837.359985351563
3199.82430352386	836.080017089844
3201.82361140782	837.559997558594
3203.82234904018	840.359985351563
3205.82051664529	839.119995117188
3207.81811444735	841.599975585938
3209.81514267047	841.440002441406
3211.81160153863	841.119995117188
3213.80749127571	841.919982910156
3215.80281210545	841.799987792969
3217.79756425148	840.840026855469
3219.79174793733	840.960021972656
3221.7853633864	843.320007324219
3223.77841082196	842.239990234375
3225.77089046719	840.719970703125
3227.76280254513	843.280029296875
3229.75414727873	847.679992675781
3231.74492489081	848.239990234375
3233.73513560406	848.039978027344
3235.72477964107	846.039978027344
3237.71385722431	844.280029296875
3239.70236857614	844.52001953125
3241.6903139188	847.359985351563
3243.6776934744	846.47998046875
3245.66450746496	845.52001953125
3247.65075611237	844.239990234375
3249.63643963841	843.47998046875
3251.62155826472	848.239990234375
3253.60611221287	845.359985351563
3255.59010170428	845.559997558594
3257.57352696026	848.760009765625
3259.55638820202	851.760009765625
3261.53868565064	849.320007324219
3263.52041952708	845.359985351563
3265.50159005221	844.559997558594
3267.48219744676	845.239990234375
3269.46224193136	848.799987792969
3271.44172372651	849.719970703125
3273.42064305262	845.799987792969
3275.39900012996	847.760009765625
3277.3767951787	848.760009765625
3279.35402841889	848.320007324219
3281.33070007047	851.119995117188
3283.30681035326	850.599975585938
3285.28235948698	847.599975585938
3287.25734769121	850.159973144531
3289.23177518544	847.400024414063
3291.20564218903	846.960021972656
3293.17894892124	848.719970703125
3295.1516956012	847.880004882813
3297.12388244795	849.679992675781
3299.09550968039	849.400024414063
3301.06657751732	848.400024414063
3303.03708617743	846.039978027344
3305.00703587929	845.52001953125
3306.97642684135	848.719970703125
3308.94525928196	852.239990234375
3310.91353341935	849.52001953125
3312.88124947164	850.239990234375
3314.84840765683	849.400024414063
3316.81500819282	848.47998046875
3318.78105129738	846.760009765625
3320.74653718818	844.880004882813
3322.71146608278	846.52001953125
3324.67583819861	845.039978027344
3326.639653753	847.840026855469
3328.60291296317	848.719970703125
3330.56561604621	849.559997558594
3332.52776321913	845.719970703125
3334.4893546988	845.760009765625
3336.45039070198	846.119995117188
3338.41087144533	842.320007324219
3340.37079714539	846.52001953125
3342.33016801859	846.760009765625
3344.28898428124	846.320007324219
3346.24724614955	845
3348.20495383962	846.359985351563
3350.16210756742	847.200012207031
3352.11870754883	844.359985351563
3354.07475399961	848
3356.03024713539	849.840026855469
3357.98518717173	850.200012207031
3359.93957432403	851.080017089844
3361.89340880761	849.840026855469
3363.84669083768	845.599975585938
3365.79942062933	842.760009765625
3367.75159839753	844.159973144531
3369.70322435715	843.559997558594
3371.65429872295	847.640014648438
3373.60482170957	846.719970703125
3375.55479353155	848.47998046875
3377.50421440332	849.599975585938
3379.45308453918	850.400024414063
3381.40140415335	847.119995117188
3383.34917345991	850.840026855469
3385.29639267284	851.440002441406
3387.24306200602	847.559997558594
3389.18918167321	846.559997558594
3391.13475188806	849.640014648438
3393.07977286411	850.599975585938
3395.02424481479	848.359985351563
3396.96816795342	847.960021972656
3398.91154249322	849.52001953125
3400.85436864728	847.840026855469
3402.79664662859	844.880004882813
3404.73837665004	848
3406.67955892439	849.799987792969
3408.62019366432	848.640014648438
3410.56028108236	851.400024414063
3412.49982139096	850.840026855469
3414.43881480247	845.919982910156
3416.37726152909	847.039978027344
3418.31516178295	847.400024414063
3420.25251577605	847.119995117188
3422.18932372029	849.440002441406
3424.12558582746	847.679992675781
3426.06130230922	848
3427.99647337717	845.440002441406
3429.93109924274	843.200012207031
3431.8651801173	845.47998046875
3433.79871621209	845.640014648438
3435.73170773824	848.320007324219
3437.66415490678	847.119995117188
3439.59605792862	847.159973144531
3441.52741701458	847.760009765625
3443.45823237536	846.640014648438
3445.38850422154	845.080017089844
3447.31823276362	845.760009765625
3449.24741821196	850
3451.17606077684	849.039978027344
3453.10416066842	847.679992675781
3455.03171809674	846.599975585938
3456.95873327175	844.400024414063
3458.88520640329	847.039978027344
3460.81113770109	845.599975585938
3462.73652737477	843.760009765625
3464.66137563383	842.47998046875
3466.58568268769	843.080017089844
3468.50944874565	841.039978027344
3470.43267401689	838.280029296875
3472.3553587105	841.200012207031
3474.27750303545	838.359985351563
3476.19910720062	838.47998046875
3478.12017141476	841.719970703125
3480.04069588654	841.320007324219
3481.9606808245	841.320007324219
3483.88012643707	841.640014648438
3485.79903293259	843.359985351563
3487.7174005193	841.280029296875
3489.63522940532	837.880004882813
3491.55251979864	834.280029296875
3493.46927190719	832.320007324219
3495.38548593877	832.239990234375
3497.30116210107	830.159973144531
3499.21630060167	830.119995117188
3501.13090164807	829.440002441406
3503.04496544763	830.719970703125
3504.95849220763	830.840026855469
3506.87148213523	826.47998046875
3508.78393543748	827.119995117188
3510.69585232134	828
3512.60723299365	824
3514.51807766116	824.400024414063
3516.42838653049	826.159973144531
3518.33815980819	827.840026855469
3520.24739770066	826.239990234375
3522.15610041423	823.47998046875
3524.06426815511	825.760009765625
3525.9719011294	824.039978027344
3527.87899954311	821.119995117188
3529.78556360213	821.239990234375
3531.69159351225	823.359985351563
3533.59708947916	824.320007324219
3535.50205170844	820.47998046875
3537.40648040556	818.960021972656
3539.3103757759	817.320007324219
3541.21373802472	817.599975585938
3543.11656735717	819.080017089844
3545.01886397833	817.840026855469
3546.92062809313	817.159973144531
3548.82185990643	816.080017089844
3550.72255962297	815.440002441406
3552.62272744738	814.359985351563
3554.5223635842	812.320007324219
3556.42146823786	813.599975585938
3558.32004161268	815.440002441406
3560.21808391289	813.760009765625
3562.11559534259	811.159973144531
3564.01257610581	809.799987792969
3565.90902640645	810
3567.80494644831	810.47998046875
3569.7003364351	810.960021972656
3571.59519657042	810.320007324219
3573.48952705774	810.440002441406
3575.38332810048	811
3577.27659990191	809.559997558594
3579.16934266521	809.039978027344
3581.06155659346	809.47998046875
3582.95324188965	808
3584.84439875663	807.200012207031
3586.73502739718	807.200012207031
3588.62512801397	806.799987792969
3590.51470080955	805.840026855469
3592.40374598639	803.599975585938
3594.29226374685	804.359985351563
3596.18025429317	804.159973144531
3598.06771782751	802.320007324219
3599.95465455192	802.960021972656
3601.84106466834	801.52001953125
3603.72694837861	800.960021972656
3605.61230588447	803.039978027344
3607.49713738756	803.799987792969
3609.38144308942	802.840026855469
3611.26522319148	801.799987792969
3613.14847789506	801.559997558594
3615.0312074014	800.359985351563
3616.91341191162	799.760009765625
3618.79509162674	800.400024414063
3620.67624674769	798.919982910156
3622.55687747528	799.159973144531
3624.43698401024	800.200012207031
3626.31656655317	799.52001953125
3628.1956253046	797.679992675781
3630.07416046492	796.799987792969
3631.95217223446	797.559997558594
3633.82966081342	796.320007324219
3635.70662640191	796
3637.58306919993	795.400024414063
3639.45898940739	795.039978027344
3641.33438722409	795.359985351563
3643.20926284973	794.559997558594
3645.08361648392	793.559997558594
3646.95744832614	793.440002441406
3648.8307585758	793.960021972656
3650.7035474322	794.919982910156
3652.57581509452	793.159973144531
3654.44756176188	792.799987792969
3656.31878763324	792.039978027344
3658.18949290753	792.559997558594
3660.05967778352	791.719970703125
3661.9293424599	791.400024414063
3663.79848713527	790.52001953125
3665.66711200812	790.400024414063
3667.53521727684	789.919982910156
3669.40280313972	789.200012207031
3671.26986979494	788.47998046875
3673.13641744059	788.840026855469
3675.00244627468	788.719970703125
