-140.373595351881	777.599975585938
-137.335129063906	777.719970703125
-134.297686810867	777.760009765625
-131.261268103955	777.799987792969
-128.225872454677	778.119995117188
-125.191499374839	777.919982910156
-122.158148376567	777.640014648438
-119.125818972292	777.679992675781
-116.094510674759	777.760009765625
-113.064222997021	777.440002441406
-110.034955452443	777.840026855469
-107.006707554687	778
-103.979478817741	777.799987792969
-100.95326875589	777.440002441406
-97.928076883731	778.119995117188
-94.9039027161698	778.119995117188
-91.8807457684175	777.599975585938
-88.8586055560018	777.880004882813
-85.8374815947384	777.760009765625
-82.8173734007715	777.919982910156
-79.7982804905411	777.679992675781
-76.7802023807988	777.599975585938
-73.7631385885914	777.919982910156
-70.7470886312892	777.640014648438
-67.732052026553	777.080017089844
-64.7180282923587	777.440002441406
-61.7050169469884	778.239990234375
-58.6930175090183	777.919982910156
-55.6820294973386	777.440002441406
-52.6720524311495	777.440002441406
-49.66308582994	777.840026855469
-46.6551292135171	777.679992675781
-43.6481821019882	777.679992675781
-40.6422440157577	777.799987792969
-37.6373144755424	777.919982910156
-34.6333930023594	778.039978027344
-31.630479117526	777.599975585938
-28.6285723426709	777.599975585938
-25.6276721997107	777.640014648438
-22.6277782108771	777.760009765625
-19.628889898701	777.599975585938
-16.6310067860081	777.799987792969
-13.6341283959385	778.719970703125
-10.6382542519231	784.119995117188
-7.64338387769432	799.640014648438
-4.64951679729502	805.719970703125
-1.65665253506141	797.559997558594
1.33520938438089	784.840026855469
4.32606943608095	778.760009765625
7.315928094803	777.599975585938
10.3047858350146	777.52001953125
13.2926431308747	777.119995117188
16.2795004562541	777.599975585938
19.2653582847118	777.679992675781
22.2502170895187	778.039978027344
25.2340773436344	777.719970703125
28.216939519735	777.359985351563
31.1988040901939	777.640014648438
34.1796715270814	777.200012207031
37.1595423021732	777.880004882813
40.1384168869468	778.039978027344
43.1162957525854	777.719970703125
46.0931793699786	777.52001953125
49.0690682097059	777.840026855469
52.0439627420619	777.400024414063
55.0178634370476	777.719970703125
57.9907707643592	777.47998046875
60.9626851933962	777.200012207031
63.9336071932735	777.359985351563
66.9035372328018	777.47998046875
69.8724757804959	777.599975585938
72.8404233045826	777.719970703125
75.8073802729932	777.880004882813
78.7733471533597	777.719970703125
81.738324413019	777.719970703125
84.702312519025	777.599975585938
87.665311938125	777.679992675781
90.6273231367761	777.880004882813
93.5883465811569	777.880004882813
96.5483827371242	777.280029296875
99.5074320702731	777.679992675781
102.465495045889	778.080017089844
105.422572128961	777.599975585938
108.378663784199	778
111.333770476014	777.799987792969
114.287892668528	778
117.24103082557	777.280029296875
120.193185410674	777.400024414063
123.144356887097	778.159973144531
126.094545717786	778.039978027344
129.043752365413	777.799987792969
131.991977292355	778.239990234375
134.939220960695	777.960021972656
137.885483832232	778.52001953125
140.83076636847	778.359985351563
143.775069030632	778.640014648438
146.718392279644	778.679992675781
149.660736576149	779.320007324219
152.602102380488	779.119995117188
155.54249015274	779.559997558594
158.481900352672	779.400024414063
161.420333439765	779.679992675781
164.357789873227	780.119995117188
167.294270111968	779.599975585938
170.229774614617	779.840026855469
173.164303839496	781.080017089844
176.097858244675	781.039978027344
179.030438287908	780.960021972656
181.962044426678	780.320007324219
184.89267711817	781.880004882813
187.822336819302	781.559997558594
190.751023986678	781.119995117188
193.678739076648	782.039978027344
196.605482545255	782.119995117188
199.531254848261	782.280029296875
202.456056441152	782.320007324219
205.379887779119	781.880004882813
208.30274931708	781.960021972656
211.224641509656	782.119995117188
214.145564811189	781.760009765625
217.06551967574	782.239990234375
219.984506557089	782.159973144531
222.902525908723	781.559997558594
225.819578183856	782.039978027344
228.735663835415	781.799987792969
231.650783316047	782.320007324219
234.564937078107	781.840026855469
237.478125573679	781.840026855469
240.390349254566	781.960021972656
243.301608572278	782.080017089844
246.211903978051	781.47998046875
249.121235922839	782.559997558594
252.029604857321	782.119995117188
254.93701123188	782.679992675781
257.843455496632	783.119995117188
260.748938101415	782.799987792969
263.653459495766	783.039978027344
266.557020128967	783.320007324219
269.459620450005	783.200012207031
272.361260907595	783.52001953125
275.261941950168	782.679992675781
278.161664025874	782.960021972656
281.060427582592	783.280029296875
283.958233067921	783.159973144531
286.855080929176	783.760009765625
289.750971613398	782.960021972656
292.645905567344	782.760009765625
295.539883237503	782.919982910156
298.432905070079	783.200012207031
301.324971511007	783.239990234375
304.216083005931	783.719970703125
307.10624000023	784.559997558594
309.995442939003	786.799987792969
312.883692267071	789.52001953125
315.770988428979	795.039978027344
318.657331869	798.159973144531
321.542723031127	797.159973144531
324.427162359076	793.119995117188
327.310650296293	788.320007324219
330.193187285945	785.880004882813
333.074773770929	785.159973144531
335.955410193855	784.159973144531
338.835096997075	783.440002441406
341.713834622655	783.159973144531
344.59162351239	782.840026855469
347.468464107802	782.440002441406
350.344356850137	782.080017089844
353.219302180373	781.840026855469
356.093300539208	781.679992675781
358.966352367073	782.280029296875
361.838458104123	781.640014648438
364.70961819024	781.760009765625
367.579833065031	781.320007324219
370.449103167837	782.039978027344
373.317428937727	782.400024414063
376.184810813496	781.919982910156
379.051249233659	781.679992675781
381.916744636474	782.47998046875
384.78129745992	781.640014648438
387.644908141706	782.200012207031
390.50757711927	781.799987792969
393.36930482978	782
396.23009171014	782.039978027344
399.089938196969	781.960021972656
401.948844726631	781.840026855469
404.806811735214	782.559997558594
407.66383965853	781.840026855469
410.519928932138	781.840026855469
413.375079991314	781.039978027344
416.229293271071	782.119995117188
419.082569206155	781.52001953125
421.934908231031	782.039978027344
424.786310779917	781.919982910156
427.636777286748	781.679992675781
430.486308185189	782.159973144531
433.334903908649	781.280029296875
436.182564890262	782.280029296875
439.029291562898	781.799987792969
441.875084359157	781.679992675781
444.719943711374	781.719970703125
447.563870051618	781.799987792969
450.406863811695	781.159973144531
453.248925423132	781.200012207031
456.090055317208	781.960021972656
458.93025392492	781.880004882813
461.76952167701	781.080017089844
464.60785900395	782
467.44526633595	781.640014648438
470.281744102955	782.840026855469
473.117292734635	781.400024414063
475.951912660415	781.880004882813
478.785604309439	781.880004882813
481.618368110592	781.760009765625
484.450204492499	781.640014648438
487.281113883518	781.760009765625
490.111096711738	781.280029296875
492.940153404999	782
495.768284390864	781.640014648438
498.595490096635	781.280029296875
501.421770949366	782.119995117188
504.247127375825	781.960021972656
507.071559802537	781.599975585938
509.89506865575	781.280029296875
512.717654361473	781.359985351563
515.539317345424	781.599975585938
518.360058033083	781.919982910156
521.179876849652	782.440002441406
523.998774220083	781.799987792969
526.816750569068	781.679992675781
529.633806321025	781.52001953125
532.44994190013	781.359985351563
535.265157730284	781.320007324219
538.079454235133	781.320007324219
540.892831838066	781.960021972656
543.705290962208	781.799987792969
546.516832030424	781.52001953125
549.32745546533	781.440002441406
552.137161689268	781.440002441406
554.945951124325	782.159973144531
557.753824192341	781.880004882813
560.560781314883	781.320007324219
563.36682291327	781.640014648438
566.171949408555	781.119995117188
568.976161221537	781.119995117188
571.779458772759	781.559997558594
574.5818424825	781.359985351563
577.383312770792	782.239990234375
580.183870057402	780.960021972656
582.983514761843	780.880004882813
585.782247303363	780.960021972656
588.580068100976	780.760009765625
591.376977573414	781.52001953125
594.172976139164	780.960021972656
596.968064216463	781.599975585938
599.762242223282	781.640014648438
602.555510577335	781.400024414063
605.347869696099	781
608.139319996771	780.880004882813
610.929861896313	780.400024414063
613.719495811421	780.679992675781
616.508222158541	781.039978027344
619.296041353863	781.919982910156
622.082953813324	780.960021972656
624.868959952607	780.919982910156
627.654060187137	781.039978027344
630.438254932094	781.080017089844
633.221544602397	781.320007324219
636.003929612719	781.280029296875
638.785410377468	781.280029296875
641.565987310814	781.239990234375
644.345660826665	781.200012207031
647.124431338674	781.159973144531
649.902299260252	781.159973144531
652.679265004552	781
655.455328984475	781.200012207031
658.230491612671	781.200012207031
661.004753301541	780.840026855469
663.778114463229	781.840026855469
666.550575509631	781.159973144531
669.322136852395	781.679992675781
672.092798902916	781.320007324219
674.862562072336	781.400024414063
677.631426771548	781.039978027344
680.399393411204	781.47998046875
683.166462401689	781.159973144531
685.93263415315	781.239990234375
688.697909075486	780.599975585938
691.462287578337	780.880004882813
694.225770071098	780.640014648438
696.988356962926	780.599975585938
699.750048662705	780.960021972656
702.5108455791	780.799987792969
705.270748120503	781.52001953125
708.029756695068	780.640014648438
710.787871710705	781.280029296875
713.545093575065	781.239990234375
716.301422695566	781.400024414063
719.056859479364	781.400024414063
721.811404333376	781.119995117188
724.56505766427	781.039978027344
727.317819878473	781.919982910156
730.069691382148	781.400024414063
732.820672581226	780.799987792969
735.570763881396	780.880004882813
738.319965688092	781.200012207031
741.068278406496	780.840026855469
743.815702441559	782.200012207031
746.562238197974	781.320007324219
749.307886080196	781.239990234375
752.052646492436	781.52001953125
754.796519838656	781.599975585938
757.539506522567	781.679992675781
760.28160694765	781.080017089844
763.022821517128	781.200012207031
765.76315063399	780.679992675781
768.502594700972	781.919982910156
771.241154120572	780.799987792969
773.978829295045	781.280029296875
776.715620626397	781.359985351563
779.451528516396	781.679992675781
782.186553366565	781.640014648438
784.920695578179	781.840026855469
787.653955552283	781.119995117188
790.386333689662	781.760009765625
793.117830390877	781.640014648438
795.848446056227	781.400024414063
798.578181085792	781.039978027344
801.307035879389	781.239990234375
804.035010836599	780.760009765625
806.762106356774	781.559997558594
809.488322839013	781.200012207031
812.213660682169	781.159973144531
814.938120284866	781.400024414063
817.661702045482	781.840026855469
820.384406362153	780.919982910156
823.10623363278	781.239990234375
825.827184255014	781
828.547258626283	781
831.266457143747	781.320007324219
833.984780204358	781.280029296875
836.702228204804	781.280029296875
839.418801541552	781.359985351563
842.134500610814	781.200012207031
844.849325808575	781
847.563277530579	781.320007324219
850.276356172319	781.47998046875
852.988562129066	781.719970703125
855.69989579585	781.159973144531
858.410357567456	781.239990234375
861.119947838428	781.080017089844
863.828667003087	780.880004882813
866.536515455503	781.440002441406
869.243493589517	780.599975585938
871.949601798728	780.919982910156
874.654840476504	781
877.359210015961	781.119995117188
880.062710810003	781.559997558594
882.765343251273	781.159973144531
885.467107732191	781.559997558594
888.168004644938	781.280029296875
890.868034381467	781.159973144531
893.567197333476	781.320007324219
896.265493892445	781.159973144531
898.962924449614	780.960021972656
901.659489395985	780.919982910156
904.355189122325	781.840026855469
907.050024019165	781.400024414063
909.743994476809	781
912.437100885322	780.640014648438
915.129343634532	781.359985351563
917.820723114032	781.280029296875
920.511239713189	780.760009765625
923.200893821127	781.559997558594
925.889685826744	780.679992675781
928.577616118699	781.47998046875
931.264685085419	781.239990234375
933.950893115098	781.359985351563
936.6362405957	780.919982910156
939.320727914956	781.359985351563
942.004355460359	781.320007324219
944.687123619173	781.119995117188
947.369032778431	781.039978027344
950.050083324934	781.239990234375
952.730275645247	780.679992675781
955.409610125711	781.400024414063
958.088087152423	781
960.765707111263	781.679992675781
963.442470387871	781.039978027344
966.118377367657	781
968.793428435798	781.239990234375
971.467623977254	781.280029296875
974.140964376739	781.359985351563
976.813450018737	780.719970703125
979.485081287511	781.239990234375
982.155858567087	781.359985351563
984.825782241271	781.200012207031
987.494852693624	781.320007324219
990.163070307487	781.239990234375
992.830435465978	780.679992675781
995.496948551973	781.239990234375
998.162609948122	782.200012207031
1000.82742003685	782.200012207031
1003.49137920036	782.400024414063
1006.15448782061	782.119995117188
1008.81674627934	781.320007324219
1011.47815495806	781
1014.13871423805	780.47998046875
1016.79842450037	781.239990234375
1019.45728612586	780.960021972656
1022.11529949509	781.039978027344
1024.77246498846	781.119995117188
1027.4287829861	780.719970703125
1030.08425386792	781.47998046875
1032.73887801363	781.559997558594
1035.3926558027	780.320007324219
1038.04558761435	780.599975585938
1040.69767382761	781.080017089844
1043.34891482125	781.200012207031
1045.99931097384	781
1048.64886266371	780.840026855469
1051.29757026898	780.960021972656
1053.94543416753	781.760009765625
1056.59245473701	781
1059.23863235486	781.200012207031
1061.8839673983	781.440002441406
1064.5284602443	781.840026855469
1067.17211126962	781.880004882813
1069.8149208508	781.039978027344
1072.45688936415	780.919982910156
1075.09801718577	780.679992675781
1077.7383046915	780.880004882813
1080.377752257	780.760009765625
1083.01636025767	780.47998046875
1085.65412906872	781.039978027344
1088.2910590651	781.119995117188
1090.92715062157	781.640014648438
1093.56240411266	781.159973144531
1096.19681991265	781.719970703125
1098.83039839564	781.880004882813
1101.46313993547	781.640014648438
1104.09504490579	781.039978027344
1106.72611368	781.400024414063
1109.35634663129	780.760009765625
1111.98574413263	780.919982910156
1114.61430655677	780.47998046875
1117.24203427624	780.599975585938
1119.86892766333	780.52001953125
1122.49498709014	780.960021972656
1125.12021292851	781.119995117188
1127.74460555011	781.080017089844
1130.36816532634	781.080017089844
1132.99089262841	780.719970703125
1135.6127878273	780.679992675781
1138.23385129376	780.440002441406
1140.85408339834	780.320007324219
1143.47348451137	779.52001953125
1146.09205500294	780.559997558594
1148.70979524293	780.200012207031
1151.326705601	779.919982910156
1153.9427864466	780.440002441406
1156.55803814896	779.919982910156
1159.17246107707	780.760009765625
1161.78605559974	780.52001953125
1164.39882208551	780.280029296875
1167.01076090276	780.960021972656
1169.6218724196	780.599975585938
1172.23215700396	780.599975585938
1174.84161502352	780.47998046875
1177.45024684578	780.359985351563
1180.05805283799	780.679992675781
1182.66503336719	780.719970703125
1185.27118880021	780.679992675781
1187.87651950367	780.359985351563
1190.48102584395	780.440002441406
1193.08470818723	780.840026855469
1195.68756689948	780.640014648438
1198.28960234643	780.599975585938
1200.89081489363	780.919982910156
1203.49120490636	781.52001953125
1206.09077274974	781.159973144531
1208.68951878864	781.599975585938
1211.28744338773	781.039978027344
1213.88454691145	780.679992675781
1216.48082972404	781.239990234375
1219.07629218953	781.559997558594
1221.6709346717	781.119995117188
1224.26475753416	781.47998046875
1226.85776114028	781.239990234375
1229.44994585322	781.440002441406
1232.04131203592	781.239990234375
1234.63186005112	782.039978027344
1237.22159026133	782.239990234375
1239.81050302886	782.080017089844
1242.3985987158	782.320007324219
1244.98587768402	782.719970703125
1247.5723402952	782.080017089844
1250.15798691078	782.440002441406
1252.74281789199	782.400024414063
1255.32683359987	781.919982910156
1257.91003439523	782.47998046875
1260.49242063865	782.52001953125
1263.07399269055	782.039978027344
1265.65475091108	782.119995117188
1268.23469566021	781.679992675781
1270.81382729769	782.159973144531
1273.39214618306	781
1275.96965267566	781.52001953125
1278.54634713458	782
1281.12222991875	781.880004882813
1283.69730138685	781.239990234375
1286.27156189737	781.799987792969
1288.84501180858	782.200012207031
1291.41765147853	781.880004882813
1293.98948126509	781.760009765625
1296.56050152589	782.320007324219
1299.13071261837	782.080017089844
1301.70011489973	782.039978027344
1304.268708727	782.080017089844
1306.83649445698	782.359985351563
1309.40347244625	782.239990234375
1311.96964305119	782.559997558594
1314.53500662799	782.599975585938
1317.0995635326	782.400024414063
1319.66331412077	781.880004882813
1322.22625874806	782.239990234375
1324.7883977698	782.320007324219
1327.34973154112	781.559997558594
1329.91026041694	781.159973144531
1332.46998475197	782.200012207031
1335.0289049007	782.039978027344
1337.58702121746	782
1340.14433405631	782.320007324219
1342.70084377115	781.880004882813
1345.25655071563	781.960021972656
1347.81145524323	781.640014648438
1350.36555770721	781.440002441406
1352.91885846062	781.640014648438
1355.47135785631	781.440002441406
1358.02305624691	780.840026855469
1360.57395398486	780.47998046875
1363.12405142237	781
1365.67334891148	781.599975585938
1368.22184680399	781.47998046875
1370.76954545151	780.880004882813
1373.31644520545	781.039978027344
1375.86254641699	780.760009765625
1378.40784943713	780.679992675781
1380.95235461666	780.320007324219
1383.49606230615	780.840026855469
1386.03897285598	780.840026855469
1388.58108661632	781.119995117188
1391.12240393713	780.599975585938
1393.66292516818	780.400024414063
1396.20265065903	780.799987792969
1398.74158075901	780.960021972656
1401.2797158173	780.640014648438
1403.81705618282	780.960021972656
1406.35360220431	781
1408.88935423032	781
1411.42431260919	780.599975585938
1413.95847768903	781.159973144531
1416.49184981777	781.440002441406
1419.02442934314	780.960021972656
1421.55621661266	780.919982910156
1424.08721197364	780.919982910156
1426.61741577321	781.080017089844
1429.14682835828	781.359985351563
1431.67545007555	781.039978027344
1434.20328127153	781.47998046875
1436.73032229253	781.359985351563
1439.25657348466	781.679992675781
1441.78203519381	781.919982910156
1444.3067077657	782.359985351563
1446.83059154581	782.599975585938
1449.35368687944	782.799987792969
1451.8759941117	782.599975585938
1454.39751358748	782.559997558594
1456.91824565148	782.119995117188
1459.43819064818	782.159973144531
1461.95734892189	782.239990234375
1464.4757208167	781.719970703125
1466.99330667649	781.840026855469
1469.51010684497	781.400024414063
1472.02612166564	781.119995117188
1474.54135148177	780.719970703125
1477.05579663646	781.200012207031
1479.56945747262	781.239990234375
1482.08233433293	780.880004882813
1484.59442755989	780.400024414063
1487.10573749579	780.359985351563
1489.61626448275	780.52001953125
1492.12600886264	780.47998046875
1494.63497097718	780.320007324219
1497.14315116786	780.440002441406
1499.65054977599	779.760009765625
1502.15716714267	779.359985351563
1504.66300360881	779.52001953125
1507.16805951512	780.47998046875
1509.67233520211	779.760009765625
1512.1758310101	779.960021972656
1514.67854727919	779.400024414063
1517.18048434931	780.159973144531
1519.68164256018	779.239990234375
1522.18202225132	779.080017089844
1524.68162376207	779.880004882813
1527.18044743155	779.599975585938
1529.67849359869	779.719970703125
1532.17576260224	779.640014648438
1534.67225478072	780.039978027344
1537.1679704725	779.719970703125
1539.66291001572	779.52001953125
1542.15707374832	779.400024414063
1544.65046200807	780.200012207031
1547.14307513254	780.239990234375
1549.63491345907	780.440002441406
1552.12597732485	780.280029296875
1554.61626706685	779.47998046875
1557.10578302185	780.52001953125
1559.59452552644	780.200012207031
1562.082494917	780.47998046875
1564.56969152973	779.960021972656
1567.05611570064	779.960021972656
1569.54176776552	780.52001953125
1572.02664806	780.679992675781
1574.51075691949	780.880004882813
1576.99409467921	781
1579.4766616742	781.159973144531
1581.95845823929	780.919982910156
1584.43948470912	780.840026855469
1586.91974141815	780.280029296875
1589.39922870064	780.599975585938
1591.87794689064	780.400024414063
1594.35589632202	780.640014648438
1596.83307732848	780.880004882813
1599.30949024348	780.799987792969
1601.78513540033	780.960021972656
1604.26001313211	781.239990234375
1606.73412377175	780.880004882813
1609.20746765196	781.200012207031
1611.68004510526	781.159973144531
1614.15185646398	781.880004882813
1616.62290206026	781.640014648438
1619.09318222605	781.47998046875
1621.56269729311	780.960021972656
1624.031447593	781.039978027344
1626.4994334571	781.559997558594
1628.9666552166	781.440002441406
1631.43311320248	781.559997558594
1633.89880774554	781.280029296875
1636.3637391764	781.599975585938
1638.82790782548	781.440002441406
1641.29131402301	781.640014648438
1643.75395809903	782.200012207031
1646.21584038339	781.960021972656
1648.67696120575	782
1651.13732089558	782.599975585938
1653.59691978216	782.239990234375
1656.05575819459	782.359985351563
1658.51383646175	781.960021972656
1660.97115491238	782.52001953125
1663.42771387498	781.960021972656
1665.8835136779	783.080017089844
1668.33855464928	781.559997558594
1670.79283711708	782.239990234375
1673.24636140907	781.640014648438
1675.69912785282	781.919982910156
1678.15113677572	781.679992675781
1680.602388505	781.359985351563
1683.05288336764	781.359985351563
1685.50262169049	781.039978027344
1687.95160380019	780.640014648438
1690.39983002318	780.799987792969
1692.84730068573	780.320007324219
1695.29401611392	780.440002441406
1697.73997663364	780.599975585938
1700.18518257059	779.960021972656
1702.6296342503	779.640014648438
1705.07333199807	779.359985351563
1707.51627613907	779.400024414063
1709.95846699824	779.679992675781
1712.39990490036	779.320007324219
1714.84059017001	779.159973144531
1717.28052313159	779.119995117188
1719.7197041093	778.719970703125
1722.15813342718	778.960021972656
1724.59581140906	779.239990234375
1727.03273837859	778.919982910156
1729.46891465926	778.919982910156
1731.90434057432	779.119995117188
1734.3390164469	778.719970703125
1736.7729425999	778.799987792969
1739.20611935604	778.919982910156
1741.63854703787	778.52001953125
1744.07022596776	779.400024414063
1746.50115646787	778.719970703125
1748.93133886019	779.080017089844
1751.36077346652	778.840026855469
1753.7894606085	778.280029296875
1756.21740060755	778.679992675781
1758.64459378494	778.760009765625
1761.07104046172	779.159973144531
1763.49674095879	779.039978027344
1765.92169559684	778.799987792969
1768.3459046964	778.919982910156
1770.7693685778	778.320007324219
1773.1920875612	778.679992675781
1775.61406196656	779.039978027344
1778.03529211367	778.159973144531
1780.45577832214	778.719970703125
1782.87552091138	778.559997558594
1785.29452020064	779.280029296875
1787.71277650897	779
1790.13029015525	778.239990234375
1792.54706145817	778.47998046875
1794.96309073625	778.47998046875
1797.3783783078	778.799987792969
1799.79292449097	778.640014648438
1802.20672960375	778.440002441406
1804.61979396389	778.640014648438
1807.03211788902	778.719970703125
1809.44370169655	778.47998046875
1811.85454570373	778.359985351563
1814.2646502276	778.799987792969
1816.67401558506	778.719970703125
1819.0826420928	778.599975585938
1821.49053006734	778.880004882813
1823.89767982501	778.559997558594
1826.30409168198	778.119995117188
1828.70976595422	778.280029296875
1831.11470295753	778.719970703125
1833.51890300752	778.159973144531
1835.92236641964	778.52001953125
1838.32509350914	778.280029296875
1840.72708459111	778.799987792969
1843.12833998044	778.280029296875
1845.52885999184	778.52001953125
1847.92864493987	778.559997558594
1850.32769513889	779
1852.72601090307	778.719970703125
1855.12359254642	778.320007324219
1857.52044038278	778.200012207031
1859.91655472578	778.640014648438
1862.31193588889	778.640014648438
1864.70658418542	778.280029296875
1867.10049992847	778.239990234375
1869.49368343096	778.799987792969
1871.88613500568	778.400024414063
1874.27785496518	778.320007324219
1876.66884362188	778.599975585938
1879.059101288	778.400024414063
1881.44862827559	778.320007324219
1883.8374248965	778.559997558594
1886.22549146246	778.400024414063
1888.61282828495	778.440002441406
1890.99943567534	778.799987792969
1893.38531394477	777.919982910156
1895.77046340424	778.640014648438
1898.15488436455	778.799987792969
1900.53857713634	778.799987792969
1902.92154203006	778.400024414063
1905.303779356	777.960021972656
1907.68528942426	778.599975585938
1910.06607254477	778.440002441406
1912.44612902729	778.320007324219
1914.82545918139	778.719970703125
1917.20406331648	778.440002441406
1919.58194174178	778.080017089844
1921.95909476634	778.280029296875
1924.33552269905	778.840026855469
1926.71122584861	778.559997558594
1929.08620452353	778.400024414063
1931.46045903219	778.280029296875
1933.83398968275	778.599975585938
1936.20679678322	778.47998046875
1938.57888064142	777.919982910156
1940.95024156502	778.760009765625
1943.3208798615	778.52001953125
1945.69079583816	778.52001953125
1948.05998980213	778.280029296875
1950.42846206038	778.239990234375
1952.79621291969	778.400024414063
1955.16324268668	778.359985351563
1957.52955166778	778.400024414063
1959.89514016927	778.799987792969
1962.26000849723	778.400024414063
1964.62415695759	778.799987792969
1966.98758585609	778.280029296875
1969.3502954983	778.52001953125
1971.71228618964	778.47998046875
1974.07355823532	778.52001953125
1976.43411194042	778.440002441406
1978.79394760981	778.440002441406
1981.1530655482	778.52001953125
1983.51146606014	778.679992675781
1985.86914944999	778.47998046875
1988.22611602196	778.840026855469
1990.58236608007	778.440002441406
1992.93789992817	778.719970703125
1995.29271786995	778.47998046875
1997.64682020892	778.359985351563
2000.00020724843	778.880004882813
2002.35287929162	778.280029296875
2004.70483664152	778.440002441406
2007.05607960095	778.440002441406
2009.40660847256	778.320007324219
2011.75642355884	779.039978027344
2014.1055251621	779
2016.4539135845	778.719970703125
2018.80158912802	778.400024414063
2021.14855209444	778.359985351563
2023.49480278542	778.039978027344
2025.84034150242	778.440002441406
2028.18516854673	778.960021972656
2030.52928421948	778.599975585938
2032.87268882163	778.960021972656
2035.21538265398	778.400024414063
2037.55736601713	778.840026855469
2039.89863921153	778.599975585938
2042.23920253747	778.960021972656
2044.57905629506	778.719970703125
2046.91820078425	778.52001953125
2049.2566363048	778.960021972656
2051.59436315633	778.559997558594
2053.93138163827	778.400024414063
2056.2676920499	778.52001953125
2058.6032946903	778.880004882813
2060.93818985843	778.52001953125
2063.27237785303	778.52001953125
2065.60585897272	779.119995117188
2067.93863351592	779.119995117188
2070.27070178089	778.599975585938
2072.60206406574	778.47998046875
2074.93272066838	778.47998046875
2077.26267188658	779.359985351563
2079.59191801793	778.880004882813
2081.92045935985	778.960021972656
2084.24829620962	778.47998046875
2086.57542886431	778.640014648438
2088.90185762087	778.679992675781
2091.22758277604	778.880004882813
2093.55260462643	778.320007324219
2095.87692346845	779.039978027344
2098.20053959837	778.280029296875
2100.52345331229	779.119995117188
2102.84566490614	779.239990234375
2105.16717467567	778.280029296875
2107.48798291649	779.039978027344
2109.80808992403	778.760009765625
2112.12749599355	779
2114.44620142016	778.840026855469
2116.7642064988	778.640014648438
2119.08151152423	778.799987792969
2121.39811679106	778.52001953125
2123.71402259374	778.799987792969
2126.02922922653	779.200012207031
2128.34373698356	778.919982910156
2130.65754615876	778.400024414063
2132.97065704594	778.880004882813
2135.28306993869	778.960021972656
2137.59478513047	778.719970703125
2139.90580291459	778.679992675781
2142.21612358416	778.840026855469
2144.52574743214	778.960021972656
2146.83467475134	779.039978027344
2149.1429058344	779.039978027344
2151.45044097377	778.679992675781
2153.75728046178	778.47998046875
2156.06342459057	778.880004882813
2158.36887365212	778.760009765625
2160.67362793825	778.760009765625
2162.97768774061	778.400024414063
2165.28105335071	779.119995117188
2167.58372505987	779.159973144531
2169.88570315926	778.640014648438
2172.18698793988	778.760009765625
2174.48757969258	778.840026855469
2176.78747870805	779.039978027344
2179.08668527679	779.320007324219
2181.38519968917	778.960021972656
2183.68302223538	779
2185.98015320547	779
2188.27659288929	778.880004882813
2190.57234157656	778.440002441406
2192.86739955682	778.679992675781
2195.16176711948	778.880004882813
2197.45544455375	778.320007324219
2199.74843214869	778.52001953125
2202.04073019322	778.760009765625
2204.33233897607	778.679992675781
2206.62325878583	778.719970703125
2208.91348991093	778.840026855469
2211.20303263961	778.880004882813
2213.49188726	778.440002441406
2215.78005406001	778.52001953125
2218.06753332744	779.359985351563
2220.35432534991	778.400024414063
2222.64043041487	778.719970703125
2224.92584880964	778.880004882813
2227.21058082134	778.679992675781
2229.49462673696	778.719970703125
2231.77798684332	778.679992675781
2234.06066142709	778.760009765625
2236.34265077477	778.679992675781
2238.62395517269	778.400024414063
2240.90457490706	778.47998046875
2243.18451026388	778.919982910156
2245.46376152904	778.640014648438
2247.74232898823	778.679992675781
2250.02021292701	778.760009765625
2252.29741363077	778.200012207031
2254.57393138475	778.679992675781
2256.849766474	778.47998046875
2259.12491918346	778.679992675781
2261.39938979788	778.400024414063
2263.67317860185	778.599975585938
2265.94628587983	778.799987792969
2268.2187119161	778.960021972656
2270.49045699478	778.960021972656
2272.76152139985	778.719970703125
2275.03190541511	778.719970703125
2277.30160932421	778.52001953125
2279.57063341067	778.840026855469
2281.83897795781	778.880004882813
2284.10664324882	778.599975585938
2286.37362956672	778.320007324219
2288.63993719439	778.280029296875
2290.90556641454	778.47998046875
2293.17051750973	778.47998046875
2295.43479076235	778.799987792969
2297.69838645465	778.880004882813
2299.96130486871	778.320007324219
2302.22354628647	778.880004882813
2304.48511098971	778.640014648438
2306.74599926003	778.280029296875
2309.00621137891	778.679992675781
2311.26574762765	778.320007324219
2313.52460828741	778.320007324219
2315.78279363917	778.039978027344
2318.04030396379	778.47998046875
2320.29713954195	778.039978027344
2322.55330065418	778.679992675781
2324.80878758085	778.679992675781
2327.06360060219	778.559997558594
2329.31773999826	779.200012207031
2331.57120604897	778.799987792969
2333.82399903409	778.559997558594
2336.0761192332	778.719970703125
2338.32756692577	778.880004882813
2340.57834239108	778.599975585938
2342.82844590827	778.719970703125
2345.07787775633	778.52001953125
2347.32663821409	778.760009765625
2349.57472756023	778.799987792969
2351.82214607327	778.080017089844
2354.06889403158	778.559997558594
2356.31497171337	778.52001953125
2358.56037939672	778.760009765625
2360.80511735953	778.559997558594
2363.04918587955	778.039978027344
2365.29258523439	778.719970703125
2367.5353157015	778.52001953125
2369.77737755817	778.679992675781
2372.01877108156	778.440002441406
2374.25949654865	778.679992675781
2376.49955423629	778.320007324219
2378.73894442115	778.400024414063
2380.97766737977	778.47998046875
2383.21572338855	778.640014648438
2385.45311272369	779
2387.68983566129	778.640014648438
2389.92589247727	778.840026855469
2392.1612834474	778.320007324219
2394.39600884731	778.719970703125
2396.63006895246	778.080017089844
2398.86346403818	778.799987792969
2401.09619437962	778.039978027344
2403.32826025182	778.200012207031
2405.55966192963	778.640014648438
2407.79039968777	778.039978027344
2410.0204738008	778.280029296875
2412.24988454313	778.640014648438
2414.47863218902	778.119995117188
2416.70671701258	778.719970703125
2418.93413928778	778.640014648438
2421.16089928842	779
2423.38699728817	778.400024414063
2425.61243356052	778.52001953125
2427.83720837884	778.400024414063
2430.06132201633	778.440002441406
2432.28477474606	778.840026855469
2434.50756684093	778.47998046875
2436.72969857371	778.359985351563
2438.95117021699	778.400024414063
2441.17198204325	778.559997558594
2443.39213432478	778.52001953125
2445.61162733376	778.400024414063
2447.83046134218	778.640014648438
2450.04863662192	778.440002441406
2452.26615344468	778.679992675781
2454.48301208203	778.640014648438
2456.69921280539	778.320007324219
2458.91475588602	778.559997558594
2461.12964159504	778.440002441406
2463.34387020342	778.880004882813
2465.55744198198	778.799987792969
2467.77035720139	778.679992675781
2469.98261613217	778.280029296875
2472.1942190447	778.200012207031
2474.40516620922	778.280029296875
2476.6154578958	778.440002441406
2478.82509437436	778.719970703125
2481.03407591471	778.47998046875
2483.24240278646	778.559997558594
2485.45007525911	778.760009765625
2487.65709360202	778.559997558594
2489.86345808435	778.359985351563
2492.06916897518	778.359985351563
2494.27422654339	778.440002441406
2496.47863105774	778.320007324219
2498.68238278683	778.440002441406
2500.88548199912	778.719970703125
2503.08792896294	778.719970703125
2505.28972394643	778.679992675781
2507.49086721763	778.52001953125
2509.6913590444	778.239990234375
2511.89119969447	778.760009765625
2514.09038943543	778.080017089844
2516.2889285347	778.239990234375
2518.48681725957	778.400024414063
2520.6840558772	778.159973144531
2522.88064465456	778.440002441406
2525.07658385852	778.440002441406
2527.27187375578	778.640014648438
2529.4665146129	778.200012207031
2531.66050669629	778.599975585938
2533.85385027222	778.080017089844
2536.04654560681	778.440002441406
2538.23859296605	778.119995117188
2540.42999261577	778.47998046875
2542.62074482166	778.599975585938
2544.81084984925	778.159973144531
2547.00030796395	777.960021972656
2549.18911943101	778.559997558594
2551.37728451555	778.559997558594
2553.56480348252	778.359985351563
2555.75167659675	778.359985351563
2557.93790412292	778.760009765625
2560.12348632556	778.440002441406
2562.30842346905	778.400024414063
2564.49271581764	778.400024414063
2566.67636363544	778.400024414063
2568.85936718639	778.440002441406
2571.04172673431	778.52001953125
2573.22344254288	779.080017089844
2575.40451487562	778.440002441406
2577.58494399591	778.599975585938
2579.76473016699	778.320007324219
2581.94387365196	778.200012207031
2584.12237471377	778.47998046875
2586.30023361523	778.400024414063
2588.47745061901	778.679992675781
2590.65402598763	778.559997558594
2592.82995998348	778.960021972656
2595.0052528688	779.039978027344
2597.17990490568	778.679992675781
2599.35391635608	778.799987792969
2601.52728748181	778.52001953125
2603.70001854454	778.280029296875
2605.8721098058	778.359985351563
2608.04356152698	778.239990234375
2610.21437396931	778.960021972656
2612.3845473939	778.159973144531
2614.55408206173	778.159973144531
2616.72297823359	778.760009765625
2618.89123617017	778.599975585938
2621.058856132	778.760009765625
2623.22583837949	778.599975585938
2625.39218317288	778.47998046875
2627.55789077229	778.640014648438
2629.72296143769	778.47998046875
2631.88739542891	778.679992675781
2634.05119300563	778.47998046875
2636.21435442742	778.840026855469
2638.37687995367	778.320007324219
2640.53876984365	778.400024414063
2642.70002435649	778.440002441406
2644.86064375119	778.280029296875
2647.02062828658	778.359985351563
2649.17997822137	778.719970703125
2651.33869381413	778.52001953125
2653.49677532328	778.919982910156
2655.65422300711	778.799987792969
2657.81103712378	778.960021972656
2659.96721793127	779.039978027344
2662.12276568747	779.159973144531
2664.2776806501	779.039978027344
2666.43196307675	778.599975585938
2668.58561322486	778.52001953125
2670.73863135176	778.799987792969
2672.8910177146	779.039978027344
2675.04277257043	778.719970703125
2677.19389617612	778.559997558594
2679.34438878845	778.559997558594
2681.49425066402	778.840026855469
2683.64348205931	778.840026855469
2685.79208323065	778.359985351563
2687.94005443425	778.52001953125
2690.08739592617	778.799987792969
2692.23410796233	778.599975585938
2694.38019079852	779.080017089844
2696.52564469038	778.960021972656
2698.67046989342	778.679992675781
2700.81466666302	778.640014648438
2702.9582352544	778.919982910156
2705.10117592265	778.719970703125
2707.24348892275	778.599975585938
2709.3851745095	779.239990234375
2711.5262329376	778.52001953125
2713.66666446158	778.679992675781
2715.80646933585	779
2717.94564781468	778.960021972656
2720.08420015222	778.880004882813
2722.22212660245	779
2724.35942741923	779.080017089844
2726.49610285628	778.799987792969
2728.63215316721	778.960021972656
2730.76757860544	779.080017089844
2732.9023794243	778.960021972656
2735.03655587697	779.200012207031
2737.17010821648	778.400024414063
2739.30303669573	778.960021972656
2741.4353415675	778.840026855469
2743.56702308442	779.039978027344
2745.69808149898	778.880004882813
2747.82851706355	779.159973144531
2749.95833003034	778.640014648438
2752.08752065145	779.119995117188
2754.21608917883	779
2756.3440358643	779.039978027344
2758.47136095954	778.919982910156
2760.59806471609	778.52001953125
2762.72414738537	779.039978027344
2764.84960921865	779.239990234375
2766.97445046708	778.320007324219
2769.09867138166	778.440002441406
2771.22227221326	778.760009765625
2773.34525321263	779.52001953125
2775.46761463035	779.239990234375
2777.58935671691	779.200012207031
2779.71047972262	779.200012207031
2781.83098389771	778.880004882813
2783.95086949221	778.679992675781
2786.07013675607	779.039978027344
2788.18878593908	778.640014648438
2790.3068172909	778.640014648438
2792.42423106106	778.840026855469
2794.54102749895	779.080017089844
2796.65720685384	779.159973144531
2798.77276937486	779.359985351563
2800.88771531098	779.119995117188
2803.00204491107	778.880004882813
2805.11575842387	779
2807.22885609796	778.719970703125
2809.34133818179	779.119995117188
2811.4532049237	779.239990234375
2813.56445657189	779.239990234375
2815.6750933744	779
2817.78511557916	779.200012207031
2819.89452343398	779.200012207031
2822.00331718652	779.080017089844
2824.11149708429	779.039978027344
2826.2190633747	779.119995117188
2828.32601630502	779.440002441406
2830.43235612237	779.599975585938
2832.53808307375	779.400024414063
2834.64319740603	779.47998046875
2836.74769936595	779.799987792969
2838.85158920011	780.119995117188
2840.95486715497	780.52001953125
2843.05753347689	780.559997558594
2845.15958841206	780.880004882813
2847.26103220657	780.880004882813
2849.36186510636	780.640014648438
2851.46208735724	781.52001953125
2853.56169920488	781.400024414063
2855.66070089485	781.760009765625
2857.75909267257	781.919982910156
2859.85687478332	781.880004882813
2861.95404747225	782.239990234375
2864.05061098439	782.359985351563
2866.14656556464	782.400024414063
2868.24191145777	782.960021972656
2870.3366489084	783.320007324219
2872.43077816104	782.919982910156
2874.52429946006	783.359985351563
2876.61721304971	784.039978027344
2878.70951917409	783.640014648438
2880.8012180772	783.960021972656
2882.89231000287	784.320007324219
2884.98279519483	784.080017089844
2887.07267389667	784.47998046875
2889.16194635186	783.880004882813
2891.25061280373	784.960021972656
2893.33867349546	783.840026855469
2895.42612867015	784.47998046875
2897.51297857074	784.880004882813
2899.59922344003	784.119995117188
2901.68486352071	785
2903.76989905533	785.559997558594
2905.85433028632	785.840026855469
2907.93815745598	786.52001953125
2910.02138080648	786.359985351563
2912.10400057985	786.799987792969
2914.186017018	785.960021972656
2916.26743036271	786.52001953125
2918.34824085563	787.080017089844
2920.4284487383	786.960021972656
2922.5080542521	787.52001953125
2924.58705763829	788.119995117188
2926.66545913802	788.52001953125
2928.74325899231	788.039978027344
2930.82045744202	789.080017089844
2932.89705472792	789.200012207031
2934.97305109062	789.119995117188
2937.04844677063	789.039978027344
2939.12324200832	789
2941.19743704393	788.52001953125
2943.27103211757	788.52001953125
2945.34402746923	787.47998046875
2947.41642333876	787.440002441406
2949.48821996592	786.640014648438
2951.55941759028	786.679992675781
2953.63001645135	786.52001953125
2955.70001678845	786.159973144531
2957.76941884083	786.280029296875
2959.83822284757	785.679992675781
2961.90642904764	786.359985351563
2963.97403767988	785.919982910156
2966.04104898302	785.599975585938
2968.10746319565	785.280029296875
2970.17328055621	785.359985351563
2972.23850130305	784.559997558594
2974.30312567438	784.799987792969
2976.36715390829	785.200012207031
2978.43058624273	785.239990234375
2980.49342291553	785.719970703125
2982.55566416439	784.400024414063
2984.61731022691	784.679992675781
2986.67836134051	785
2988.73881774255	783.640014648438
2990.79867967021	783.640014648438
2992.85794736058	784.200012207031
2994.9166210506	783.559997558594
2996.97470097711	783.599975585938
2999.03218737679	783.719970703125
3001.08908048622	782.960021972656
3003.14538054186	783.679992675781
3005.20108778002	783.679992675781
3007.25620243691	782.960021972656
3009.3107247486	782.679992675781
3011.36465495104	783.280029296875
3013.41799328004	782.880004882813
3015.47073997133	782.320007324219
3017.52289526045	783.320007324219
3019.57445938288	783.880004882813
3021.62543257393	782.840026855469
3023.6758150688	783.47998046875
3025.72560710258	782.440002441406
3027.77480891021	782.919982910156
3029.82342072652	783.119995117188
3031.87144278622	782.52001953125
3033.91887532389	782.919982910156
3035.96571857399	783
3038.01197277084	783.440002441406
3040.05763814867	783.559997558594
3042.10271494154	783.280029296875
3044.14720338344	783.400024414063
3046.19110370818	783.919982910156
3048.2344161495	784.200012207031
3050.27714094097	783.919982910156
3052.31927831608	784.119995117188
3054.36082850816	784.039978027344
3056.40179175044	784.039978027344
3058.44216827602	784.47998046875
3060.48195831786	783.799987792969
3062.52116210884	784
3064.55977988167	785.400024414063
3066.59781186897	784.799987792969
3068.63525830322	784.880004882813
3070.67211941678	785.47998046875
3072.7083954419	785.119995117188
3074.7440866107	785.799987792969
3076.77919315516	784.840026855469
3078.81371530716	785.440002441406
3080.84765329846	786.119995117188
3082.88100736068	785.47998046875
3084.91377772534	785.52001953125
3086.94596462381	785.119995117188
3088.97756828737	784.919982910156
3091.00858894714	786.320007324219
3093.03902683417	785.919982910156
3095.06888217933	786.239990234375
3097.09815521342	786.640014648438
3099.12684616709	787.080017089844
3101.15495527087	786.559997558594
3103.18248275518	787
3105.20942885031	787.559997558594
3107.23579378642	788
3109.26157779358	787.400024414063
3111.28678110171	787.840026855469
3113.31140394062	788.440002441406
3115.33544654	786.880004882813
3117.35890912942	788.400024414063
3119.38179193832	788.599975585938
3121.40409519602	788.640014648438
3123.42581913174	789
3125.44696397457	789.599975585938
3127.46752995345	789.320007324219
3129.48751729725	788.960021972656
3131.50692623469	789.679992675781
3133.52575699436	789
3135.54400980476	789.960021972656
3137.56168489425	790.960021972656
3139.57878249108	790.559997558594
3141.59530282337	791.159973144531
3143.61124611913	790.719970703125
3145.62661260624	790.200012207031
3147.64140251247	790.640014648438
3149.65561606547	790.159973144531
3151.66925349277	790.840026855469
3153.68231502177	791.599975585938
3155.69480087977	790.880004882813
3157.70671129394	792.599975585938
3159.71804649132	793.359985351563
3161.72880669886	792.679992675781
3163.73899214336	792
3165.74860305152	792
3167.75763964991	792.640014648438
3169.766102165	792.440002441406
3171.77399082313	793.679992675781
3173.7813058505	792.960021972656
3175.78804747323	793.080017089844
3177.79421591731	792.679992675781
3179.79981140859	794.159973144531
3181.80483417282	793.799987792969
3183.80928443564	794.440002441406
3185.81316242255	794.760009765625
3187.81646835896	793.919982910156
3189.81920247013	794.640014648438
3191.82136498122	796
3193.82295611727	795.960021972656
3195.82397610321	796.159973144531
3197.82442516385	794.719970703125
3199.82430352386	795.880004882813
3201.82361140782	795.640014648438
3203.82234904018	797.320007324219
3205.82051664529	795.760009765625
3207.81811444735	796.280029296875
3209.81514267047	796.760009765625
3211.81160153863	796.080017089844
3213.80749127571	796.239990234375
3215.80281210545	797.159973144531
3217.79756425148	796.880004882813
3219.79174793733	796.359985351563
3221.7853633864	796.280029296875
3223.77841082196	796.919982910156
3225.77089046719	796.559997558594
3227.76280254513	797.760009765625
3229.75414727873	796.960021972656
3231.74492489081	799.039978027344
3233.73513560406	798.119995117188
3235.72477964107	796.679992675781
3237.71385722431	797.880004882813
3239.70236857614	798.960021972656
3241.6903139188	797.960021972656
3243.6776934744	797.799987792969
3245.66450746496	797.599975585938
3247.65075611237	797.640014648438
3249.63643963841	797.159973144531
3251.62155826472	797.359985351563
3253.60611221287	797
3255.59010170428	798.840026855469
3257.57352696026	798.080017089844
3259.55638820202	798.400024414063
3261.53868565064	798.559997558594
3263.52041952708	800
3265.50159005221	798.559997558594
3267.48219744676	796.719970703125
3269.46224193136	797.679992675781
3271.44172372651	798.760009765625
3273.42064305262	799.159973144531
3275.39900012996	798.440002441406
3277.3767951787	797.960021972656
3279.35402841889	796.840026855469
3281.33070007047	798.280029296875
3283.30681035326	797.760009765625
3285.28235948698	798
3287.25734769121	798.159973144531
3289.23177518544	799.440002441406
3291.20564218903	799.719970703125
3293.17894892124	798.440002441406
3295.1516956012	797.719970703125
3297.12388244795	797.359985351563
3299.09550968039	797.640014648438
3301.06657751732	797.159973144531
3303.03708617743	797.640014648438
3305.00703587929	799.47998046875
3306.97642684135	799.359985351563
3308.94525928196	798.359985351563
3310.91353341935	797.760009765625
3312.88124947164	798.440002441406
3314.84840765683	798.280029296875
3316.81500819282	796.119995117188
3318.78105129738	797.039978027344
3320.74653718818	797.119995117188
3322.71146608278	796.080017089844
3324.67583819861	797.440002441406
3326.639653753	797.760009765625
3328.60291296317	799.119995117188
3330.56561604621	798.679992675781
3332.52776321913	798.760009765625
3334.4893546988	798.559997558594
3336.45039070198	797.960021972656
3338.41087144533	797.239990234375
3340.37079714539	797.919982910156
3342.33016801859	798.200012207031
3344.28898428124	797.359985351563
3346.24724614955	798.599975585938
3348.20495383962	797.080017089844
3350.16210756742	797.359985351563
3352.11870754883	798.52001953125
3354.07475399961	797.640014648438
3356.03024713539	796.200012207031
3357.98518717173	797.760009765625
3359.93957432403	797.760009765625
3361.89340880761	798
3363.84669083768	797.52001953125
3365.79942062933	797.080017089844
3367.75159839753	798.200012207031
3369.70322435715	797.799987792969
3371.65429872295	797.559997558594
3373.60482170957	799.599975585938
3375.55479353155	799.400024414063
3377.50421440332	798.280029296875
3379.45308453918	798.200012207031
3381.40140415335	797.119995117188
3383.34917345991	797.280029296875
3385.29639267284	796.960021972656
3387.24306200602	797.640014648438
3389.18918167321	798.159973144531
3391.13475188806	798.280029296875
3393.07977286411	799.239990234375
3395.02424481479	800.400024414063
3396.96816795342	800.719970703125
3398.91154249322	799
3400.85436864728	799.52001953125
3402.79664662859	798.880004882813
3404.73837665004	798.719970703125
3406.67955892439	798.919982910156
3408.62019366432	798.640014648438
3410.56028108236	799.200012207031
3412.49982139096	798.880004882813
3414.43881480247	799.159973144531
3416.37726152909	799.880004882813
3418.31516178295	799.719970703125
3420.25251577605	798.400024414063
3422.18932372029	798.960021972656
3424.12558582746	798.52001953125
3426.06130230922	798.52001953125
3427.99647337717	798.559997558594
3429.93109924274	798.039978027344
3431.8651801173	797.919982910156
3433.79871621209	797.159973144531
3435.73170773824	798.200012207031
3437.66415490678	798.119995117188
3439.59605792862	796.919982910156
3441.52741701458	797.159973144531
3443.45823237536	797.719970703125
3445.38850422154	797.640014648438
3447.31823276362	798.760009765625
3449.24741821196	797.840026855469
3451.17606077684	797.239990234375
3453.10416066842	797.559997558594
3455.03171809674	797.159973144531
3456.95873327175	797.080017089844
3458.88520640329	796.599975585938
3460.81113770109	796
3462.73652737477	795.840026855469
3464.66137563383	795.359985351563
3466.58568268769	795.840026855469
3468.50944874565	795.559997558594
3470.43267401689	796.239990234375
3472.3553587105	795.280029296875
3474.27750303545	794.119995117188
3476.19910720062	794.039978027344
3478.12017141476	796.47998046875
3480.04069588654	796.559997558594
3481.9606808245	795.440002441406
3483.88012643707	795.119995117188
3485.79903293259	793.760009765625
3487.7174005193	794.840026855469
3489.63522940532	793.119995117188
3491.55251979864	792.840026855469
3493.46927190719	792.440002441406
3495.38548593877	793.52001953125
3497.30116210107	792.559997558594
3499.21630060167	793.760009765625
3501.13090164807	792.400024414063
3503.04496544763	792.320007324219
3504.95849220763	792.47998046875
3506.87148213523	792.239990234375
3508.78393543748	792.159973144531
3510.69585232134	791.919982910156
3512.60723299365	791.960021972656
3514.51807766116	792.440002441406
3516.42838653049	792.47998046875
3518.33815980819	791.280029296875
3520.24739770066	790.440002441406
3522.15610041423	790.039978027344
3524.06426815511	789.359985351563
3525.9719011294	790.359985351563
3527.87899954311	791.080017089844
3529.78556360213	791.080017089844
3531.69159351225	790.760009765625
3533.59708947916	790.359985351563
3535.50205170844	790.47998046875
3537.40648040556	789.400024414063
3539.3103757759	788.320007324219
3541.21373802472	788.440002441406
3543.11656735717	788.200012207031
3545.01886397833	788.239990234375
3546.92062809313	788.919982910156
3548.82185990643	788.159973144531
3550.72255962297	788.559997558594
3552.62272744738	787.440002441406
3554.5223635842	788.119995117188
3556.42146823786	787.840026855469
3558.32004161268	787.239990234375
3560.21808391289	787.200012207031
3562.11559534259	787.200012207031
3564.01257610581	787.280029296875
3565.90902640645	787.359985351563
3567.80494644831	786.599975585938
3569.7003364351	787.440002441406
3571.59519657042	786.760009765625
3573.48952705774	785.960021972656
3575.38332810048	786.400024414063
3577.27659990191	787.47998046875
3579.16934266521	786.200012207031
3581.06155659346	786.159973144531
3582.95324188965	786.640014648438
3584.84439875663	786.320007324219
3586.73502739718	785.719970703125
3588.62512801397	785.280029296875
3590.51470080955	785.080017089844
3592.40374598639	785.47998046875
3594.29226374685	786.080017089844
3596.18025429317	785.559997558594
3598.06771782751	784.840026855469
3599.95465455192	784.440002441406
3601.84106466834	784.719970703125
3603.72694837861	784.760009765625
3605.61230588447	784.52001953125
3607.49713738756	784.280029296875
3609.38144308942	784.640014648438
3611.26522319148	784.440002441406
3613.14847789506	783.640014648438
3615.0312074014	784.599975585938
3616.91341191162	783.799987792969
3618.79509162674	783.119995117188
3620.67624674769	783.119995117188
3622.55687747528	783.599975585938
3624.43698401024	783.359985351563
3626.31656655317	783.200012207031
3628.1956253046	783.52001953125
3630.07416046492	783.400024414063
3631.95217223446	783.52001953125
3633.82966081342	783.719970703125
3635.70662640191	782.559997558594
3637.58306919993	782.679992675781
3639.45898940739	783
3641.33438722409	782.679992675781
3643.20926284973	782.52001953125
3645.08361648392	782.679992675781
3646.95744832614	782.359985351563
3648.8307585758	782.119995117188
3650.7035474322	781.880004882813
3652.57581509452	781.919982910156
3654.44756176188	781.799987792969
3656.31878763324	782
3658.18949290753	780.799987792969
3660.05967778352	781.039978027344
3661.9293424599	780.880004882813
3663.79848713527	781.200012207031
3665.66711200812	781.280029296875
3667.53521727684	780.880004882813
3669.40280313972	780.440002441406
3671.26986979494	780.320007324219
3673.13641744059	781.080017089844
3675.00244627468	780.440002441406
