-140.373595351881	778.960021972656
-137.335129063906	778.679992675781
-134.297686810867	778.47998046875
-131.261268103955	778.840026855469
-128.225872454677	778.919982910156
-125.191499374839	779.239990234375
-122.158148376567	779
-119.125818972292	778.960021972656
-116.094510674759	778.599975585938
-113.064222997021	778.880004882813
-110.034955452443	778.919982910156
-107.006707554687	779
-103.979478817741	778.559997558594
-100.95326875589	778.919982910156
-97.928076883731	778.840026855469
-94.9039027161698	779.039978027344
-91.8807457684175	779.039978027344
-88.8586055560018	778.640014648438
-85.8374815947384	779.080017089844
-82.8173734007715	778.47998046875
-79.7982804905411	778.719970703125
-76.7802023807988	778.679992675781
-73.7631385885914	778.760009765625
-70.7470886312892	778.599975585938
-67.732052026553	778.559997558594
-64.7180282923587	778.719970703125
-61.7050169469884	778.840026855469
-58.6930175090183	779
-55.6820294973386	778.47998046875
-52.6720524311495	779
-49.66308582994	779.200012207031
-46.6551292135171	779.440002441406
-43.6481821019882	778.599975585938
-40.6422440157577	778.719970703125
-37.6373144755424	779.200012207031
-34.6333930023594	778.880004882813
-31.630479117526	778.960021972656
-28.6285723426709	778.960021972656
-25.6276721997107	779.440002441406
-22.6277782108771	779.599975585938
-19.628889898701	780.159973144531
-16.6310067860081	781.919982910156
-13.6341283959385	789.080017089844
-10.6382542519231	833.359985351563
-7.64338387769432	956.400024414063
-4.64951679729502	1028
-1.65665253506141	964.559997558594
1.33520938438089	839.280029296875
4.32606943608095	785.440002441406
7.315928094803	779.159973144531
10.3047858350146	779.559997558594
13.2926431308747	779
16.2795004562541	778.719970703125
19.2653582847118	779.320007324219
22.2502170895187	779.559997558594
25.2340773436344	779.159973144531
28.216939519735	778.919982910156
31.1988040901939	778.679992675781
34.1796715270814	778.440002441406
37.1595423021732	778.320007324219
40.1384168869468	778.719970703125
43.1162957525854	778.760009765625
46.0931793699786	778.840026855469
49.0690682097059	778.640014648438
52.0439627420619	778.679992675781
55.0178634370476	779
57.9907707643592	778.440002441406
60.9626851933962	778.47998046875
63.9336071932735	778.52001953125
66.9035372328018	778.679992675781
69.8724757804959	778.799987792969
72.8404233045826	778.840026855469
75.8073802729932	778.799987792969
78.7733471533597	778.559997558594
81.738324413019	778.799987792969
84.702312519025	778.719970703125
87.665311938125	778.679992675781
90.6273231367761	778.440002441406
93.5883465811569	778.400024414063
96.5483827371242	778.760009765625
99.5074320702731	778.679992675781
102.465495045889	779.080017089844
105.422572128961	778.840026855469
108.378663784199	778.840026855469
111.333770476014	778.880004882813
114.287892668528	778.760009765625
117.24103082557	779.440002441406
120.193185410674	779.359985351563
123.144356887097	779.52001953125
126.094545717786	779.719970703125
129.043752365413	780.47998046875
131.991977292355	781.119995117188
134.939220960695	781.960021972656
137.885483832232	782.119995117188
140.83076636847	782.599975585938
143.775069030632	783.200012207031
146.718392279644	784.119995117188
149.660736576149	785.320007324219
152.602102380488	785.159973144531
155.54249015274	786.320007324219
158.481900352672	788.320007324219
161.420333439765	789.039978027344
164.357789873227	790.159973144531
167.294270111968	791.559997558594
170.229774614617	791.919982910156
173.164303839496	792.640014648438
176.097858244675	793.919982910156
179.030438287908	794.719970703125
181.962044426678	796.440002441406
184.89267711817	796.640014648438
187.822336819302	797.679992675781
190.751023986678	798.559997558594
193.678739076648	799.280029296875
196.605482545255	799.280029296875
199.531254848261	800.52001953125
202.456056441152	800.159973144531
205.379887779119	798.880004882813
208.30274931708	800.320007324219
211.224641509656	801.599975585938
214.145564811189	799.280029296875
217.06551967574	799.159973144531
219.984506557089	799.760009765625
222.902525908723	799.359985351563
225.819578183856	798.239990234375
228.735663835415	799.039978027344
231.650783316047	799.359985351563
234.564937078107	799.960021972656
237.478125573679	799.599975585938
240.390349254566	800.440002441406
243.301608572278	799.760009765625
246.211903978051	799.840026855469
249.121235922839	800.719970703125
252.029604857321	802.159973144531
254.93701123188	803.280029296875
257.843455496632	803.760009765625
260.748938101415	803.159973144531
263.653459495766	804.159973144531
266.557020128967	805.559997558594
269.459620450005	806.359985351563
272.361260907595	806.359985351563
275.261941950168	806.840026855469
278.161664025874	806
281.060427582592	807.559997558594
283.958233067921	806.280029296875
286.855080929176	805.919982910156
289.750971613398	805.359985351563
292.645905567344	806.47998046875
295.539883237503	805.880004882813
298.432905070079	805.159973144531
301.324971511007	807.080017089844
304.216083005931	808.200012207031
307.10624000023	811.599975585938
309.995442939003	819.200012207031
312.883692267071	831.840026855469
315.770988428979	850.799987792969
318.657331869	863.080017089844
321.542723031127	860.320007324219
324.427162359076	843.200012207031
327.310650296293	826.400024414063
330.193187285945	817.359985351563
333.074773770929	811.080017089844
335.955410193855	807.359985351563
338.835096997075	805.400024414063
341.713834622655	804.239990234375
344.59162351239	802.719970703125
347.468464107802	803.280029296875
350.344356850137	801.320007324219
353.219302180373	800.559997558594
356.093300539208	800.679992675781
358.966352367073	800.280029296875
361.838458104123	799.359985351563
364.70961819024	800.080017089844
367.579833065031	801.200012207031
370.449103167837	799.960021972656
373.317428937727	799.599975585938
376.184810813496	800.119995117188
379.051249233659	800
381.916744636474	799.760009765625
384.78129745992	799.080017089844
387.644908141706	798.400024414063
390.50757711927	799.760009765625
393.36930482978	798.799987792969
396.23009171014	799.559997558594
399.089938196969	799.080017089844
401.948844726631	799.039978027344
404.806811735214	799.760009765625
407.66383965853	800.119995117188
410.519928932138	800.599975585938
413.375079991314	800.039978027344
416.229293271071	798.599975585938
419.082569206155	798.679992675781
421.934908231031	798.640014648438
424.786310779917	799.840026855469
427.636777286748	798.679992675781
430.486308185189	800.719970703125
433.334903908649	800.039978027344
436.182564890262	798.679992675781
439.029291562898	799.919982910156
441.875084359157	799.320007324219
444.719943711374	799.599975585938
447.563870051618	799.599975585938
450.406863811695	799.159973144531
453.248925423132	798.799987792969
456.090055317208	798.880004882813
458.93025392492	799
461.76952167701	798.52001953125
464.60785900395	798.880004882813
467.44526633595	797.47998046875
470.281744102955	799.159973144531
473.117292734635	797.679992675781
475.951912660415	797.919982910156
478.785604309439	798.119995117188
481.618368110592	797.840026855469
484.450204492499	798.559997558594
487.281113883518	797.47998046875
490.111096711738	798.039978027344
492.940153404999	799
495.768284390864	799.080017089844
498.595490096635	798.280029296875
501.421770949366	797.799987792969
504.247127375825	798.200012207031
507.071559802537	798.159973144531
509.89506865575	797.280029296875
512.717654361473	798.200012207031
515.539317345424	798.359985351563
518.360058033083	799.440002441406
521.179876849652	799.119995117188
523.998774220083	797.960021972656
526.816750569068	797.960021972656
529.633806321025	798.039978027344
532.44994190013	798.559997558594
535.265157730284	798.320007324219
538.079454235133	798.359985351563
540.892831838066	799.719970703125
543.705290962208	797.919982910156
546.516832030424	797.200012207031
549.32745546533	797.039978027344
552.137161689268	797.440002441406
554.945951124325	797.320007324219
557.753824192341	797.599975585938
560.560781314883	798.599975585938
563.36682291327	796.559997558594
566.171949408555	798.280029296875
568.976161221537	798.080017089844
571.779458772759	798
574.5818424825	797.200012207031
577.383312770792	798.080017089844
580.183870057402	797.359985351563
582.983514761843	797.880004882813
585.782247303363	798.119995117188
588.580068100976	796.960021972656
591.376977573414	796.52001953125
594.172976139164	797.280029296875
596.968064216463	797.039978027344
599.762242223282	796.640014648438
602.555510577335	796.239990234375
605.347869696099	795.799987792969
608.139319996771	795.52001953125
610.929861896313	795.320007324219
613.719495811421	796.039978027344
616.508222158541	797.359985351563
619.296041353863	797.080017089844
622.082953813324	796.960021972656
624.868959952607	796.719970703125
627.654060187137	796.640014648438
630.438254932094	795.880004882813
633.221544602397	795.640014648438
636.003929612719	796.640014648438
638.785410377468	796.880004882813
641.565987310814	796.280029296875
644.345660826665	796
647.124431338674	796.52001953125
649.902299260252	796.840026855469
652.679265004552	796.559997558594
655.455328984475	796.119995117188
658.230491612671	796.919982910156
661.004753301541	796
663.778114463229	796.599975585938
666.550575509631	796.840026855469
669.322136852395	798
672.092798902916	796.640014648438
674.862562072336	796.440002441406
677.631426771548	796.239990234375
680.399393411204	795.320007324219
683.166462401689	796.440002441406
685.93263415315	796.320007324219
688.697909075486	796.47998046875
691.462287578337	795.840026855469
694.225770071098	795.52001953125
696.988356962926	794.880004882813
699.750048662705	795.760009765625
702.5108455791	795.119995117188
705.270748120503	795.679992675781
708.029756695068	795.320007324219
710.787871710705	796.159973144531
713.545093575065	796.440002441406
716.301422695566	796.840026855469
719.056859479364	796.599975585938
721.811404333376	797.559997558594
724.56505766427	797.799987792969
727.317819878473	795.200012207031
730.069691382148	795.719970703125
732.820672581226	796.559997558594
735.570763881396	796.080017089844
738.319965688092	796.359985351563
741.068278406496	796.559997558594
743.815702441559	796.119995117188
746.562238197974	796.440002441406
749.307886080196	798
752.052646492436	798.679992675781
754.796519838656	797.719970703125
757.539506522567	797.799987792969
760.28160694765	797.47998046875
763.022821517128	797.440002441406
765.76315063399	797.799987792969
768.502594700972	797.640014648438
771.241154120572	797.200012207031
773.978829295045	797.559997558594
776.715620626397	798
779.451528516396	799.960021972656
782.186553366565	799.679992675781
784.920695578179	799.719970703125
787.653955552283	798.840026855469
790.386333689662	798.159973144531
793.117830390877	798.200012207031
795.848446056227	796.719970703125
798.578181085792	796.080017089844
801.307035879389	796.440002441406
804.035010836599	797.400024414063
806.762106356774	796.599975585938
809.488322839013	796.320007324219
812.213660682169	797.039978027344
814.938120284866	795.960021972656
817.661702045482	795.679992675781
820.384406362153	797.039978027344
823.10623363278	796.080017089844
825.827184255014	796.080017089844
828.547258626283	796.640014648438
831.266457143747	796.080017089844
833.984780204358	794.640014648438
836.702228204804	796.760009765625
839.418801541552	796.559997558594
842.134500610814	796.52001953125
844.849325808575	795.880004882813
847.563277530579	796.799987792969
850.276356172319	797.039978027344
852.988562129066	797.52001953125
855.69989579585	796.200012207031
858.410357567456	797.080017089844
861.119947838428	796.760009765625
863.828667003087	796.239990234375
866.536515455503	795.719970703125
869.243493589517	795.599975585938
871.949601798728	795.960021972656
874.654840476504	795.640014648438
877.359210015961	795.760009765625
880.062710810003	795.640014648438
882.765343251273	797.039978027344
885.467107732191	796.640014648438
888.168004644938	796.359985351563
890.868034381467	795.119995117188
893.567197333476	797
896.265493892445	796.960021972656
898.962924449614	796.719970703125
901.659489395985	795.960021972656
904.355189122325	796.679992675781
907.050024019165	796.880004882813
909.743994476809	796.320007324219
912.437100885322	796.400024414063
915.129343634532	795.599975585938
917.820723114032	794.400024414063
920.511239713189	796.400024414063
923.200893821127	796.880004882813
925.889685826744	795.880004882813
928.577616118699	796.799987792969
931.264685085419	796.47998046875
933.950893115098	796.599975585938
936.6362405957	796.200012207031
939.320727914956	796.159973144531
942.004355460359	796.400024414063
944.687123619173	797.039978027344
947.369032778431	796.919982910156
950.050083324934	796.440002441406
952.730275645247	795.599975585938
955.409610125711	797.119995117188
958.088087152423	797.080017089844
960.765707111263	796.760009765625
963.442470387871	796.799987792969
966.118377367657	795.719970703125
968.793428435798	796.239990234375
971.467623977254	795.960021972656
974.140964376739	796.200012207031
976.813450018737	796.719970703125
979.485081287511	796.719970703125
982.155858567087	796.239990234375
984.825782241271	796.52001953125
987.494852693624	796.320007324219
990.163070307487	795.599975585938
992.830435465978	796.320007324219
995.496948551973	797.52001953125
998.162609948122	799.359985351563
1000.82742003685	802.400024414063
1003.49137920036	802.039978027344
1006.15448782061	802.359985351563
1008.81674627934	797.559997558594
1011.47815495806	795.799987792969
1014.13871423805	795.799987792969
1016.79842450037	794.679992675781
1019.45728612586	795.119995117188
1022.11529949509	793.52001953125
1024.77246498846	795.119995117188
1027.4287829861	796.080017089844
1030.08425386792	795.52001953125
1032.73887801363	796.919982910156
1035.3926558027	796.080017089844
1038.04558761435	795.119995117188
1040.69767382761	794.799987792969
1043.34891482125	795.47998046875
1045.99931097384	795.679992675781
1048.64886266371	796.400024414063
1051.29757026898	795.119995117188
1053.94543416753	795.159973144531
1056.59245473701	795
1059.23863235486	797.440002441406
1061.8839673983	796.320007324219
1064.5284602443	795.880004882813
1067.17211126962	795.679992675781
1069.8149208508	794.840026855469
1072.45688936415	796.359985351563
1075.09801718577	797.320007324219
1077.7383046915	796.919982910156
1080.377752257	796.559997558594
1083.01636025767	797.119995117188
1085.65412906872	797.679992675781
1088.2910590651	797.47998046875
1090.92715062157	797.919982910156
1093.56240411266	797.200012207031
1096.19681991265	798.359985351563
1098.83039839564	797.599975585938
1101.46313993547	796.840026855469
1104.09504490579	797.200012207031
1106.72611368	796.159973144531
1109.35634663129	795.119995117188
1111.98574413263	793.960021972656
1114.61430655677	794.559997558594
1117.24203427624	794
1119.86892766333	794.239990234375
1122.49498709014	795.919982910156
1125.12021292851	795.840026855469
1127.74460555011	795.599975585938
1130.36816532634	794.599975585938
1132.99089262841	794.840026855469
1135.6127878273	792.559997558594
1138.23385129376	792.640014648438
1140.85408339834	791.320007324219
1143.47348451137	792.559997558594
1146.09205500294	792.280029296875
1148.70979524293	792.119995117188
1151.326705601	791.960021972656
1153.9427864466	793.039978027344
1156.55803814896	793.52001953125
1159.17246107707	793.280029296875
1161.78605559974	793.400024414063
1164.39882208551	793.359985351563
1167.01076090276	793.239990234375
1169.6218724196	793.880004882813
1172.23215700396	793.599975585938
1174.84161502352	794.47998046875
1177.45024684578	793.679992675781
1180.05805283799	794.440002441406
1182.66503336719	793.919982910156
1185.27118880021	793.47998046875
1187.87651950367	793.47998046875
1190.48102584395	793.440002441406
1193.08470818723	793.599975585938
1195.68756689948	793.47998046875
1198.28960234643	794.559997558594
1200.89081489363	794.239990234375
1203.49120490636	795.200012207031
1206.09077274974	797.159973144531
1208.68951878864	796.080017089844
1211.28744338773	796.799987792969
1213.88454691145	795.159973144531
1216.48082972404	796.919982910156
1219.07629218953	797.359985351563
1221.6709346717	797.919982910156
1224.26475753416	797.200012207031
1226.85776114028	798.640014648438
1229.44994585322	799.719970703125
1232.04131203592	799.679992675781
1234.63186005112	800.919982910156
1237.22159026133	802.039978027344
1239.81050302886	802.200012207031
1242.3985987158	802.320007324219
1244.98587768402	802.599975585938
1247.5723402952	802.359985351563
1250.15798691078	802.320007324219
1252.74281789199	802.47998046875
1255.32683359987	802.679992675781
1257.91003439523	803.47998046875
1260.49242063865	802
1263.07399269055	801
1265.65475091108	801.039978027344
1268.23469566021	800.359985351563
1270.81382729769	800.320007324219
1273.39214618306	800.760009765625
1275.96965267566	799.119995117188
1278.54634713458	800.47998046875
1281.12222991875	799.200012207031
1283.69730138685	799.039978027344
1286.27156189737	799.47998046875
1288.84501180858	799.840026855469
1291.41765147853	799.840026855469
1293.98948126509	800.52001953125
1296.56050152589	800.039978027344
1299.13071261837	802.52001953125
1301.70011489973	801.52001953125
1304.268708727	799.919982910156
1306.83649445698	802.320007324219
1309.40347244625	802.080017089844
1311.96964305119	802.200012207031
1314.53500662799	803.320007324219
1317.0995635326	804.080017089844
1319.66331412077	802.200012207031
1322.22625874806	802.440002441406
1324.7883977698	801
1327.34973154112	801.159973144531
1329.91026041694	801.280029296875
1332.46998475197	801.559997558594
1335.0289049007	802.159973144531
1337.58702121746	801.440002441406
1340.14433405631	801.960021972656
1342.70084377115	801.080017089844
1345.25655071563	800.840026855469
1347.81145524323	799.359985351563
1350.36555770721	798.239990234375
1352.91885846062	796.840026855469
1355.47135785631	797.280029296875
1358.02305624691	796.760009765625
1360.57395398486	795.47998046875
1363.12405142237	796.039978027344
1365.67334891148	796.200012207031
1368.22184680399	794.799987792969
1370.76954545151	794.760009765625
1373.31644520545	795.159973144531
1375.86254641699	794.640014648438
1378.40784943713	793.52001953125
1380.95235461666	793.719970703125
1383.49606230615	794.359985351563
1386.03897285598	794.960021972656
1388.58108661632	795.559997558594
1391.12240393713	795
1393.66292516818	794.159973144531
1396.20265065903	794.239990234375
1398.74158075901	794.679992675781
1401.2797158173	794.280029296875
1403.81705618282	795.640014648438
1406.35360220431	795.159973144531
1408.88935423032	795.039978027344
1411.42431260919	793.719970703125
1413.95847768903	795.159973144531
1416.49184981777	795
1419.02442934314	795.719970703125
1421.55621661266	794.359985351563
1424.08721197364	795.880004882813
1426.61741577321	794.840026855469
1429.14682835828	795.320007324219
1431.67545007555	795.880004882813
1434.20328127153	797.280029296875
1436.73032229253	798
1439.25657348466	800.52001953125
1441.78203519381	800.320007324219
1444.3067077657	802.47998046875
1446.83059154581	802.840026855469
1449.35368687944	803.320007324219
1451.8759941117	802.919982910156
1454.39751358748	802.960021972656
1456.91824565148	801.400024414063
1459.43819064818	801.320007324219
1461.95734892189	801.039978027344
1464.4757208167	799.200012207031
1466.99330667649	799.039978027344
1469.51010684497	797.359985351563
1472.02612166564	797
1474.54135148177	796.440002441406
1477.05579663646	797.200012207031
1479.56945747262	795.200012207031
1482.08233433293	794.679992675781
1484.59442755989	794.52001953125
1487.10573749579	794.080017089844
1489.61626448275	793.359985351563
1492.12600886264	792.599975585938
1494.63497097718	790.960021972656
1497.14315116786	790.799987792969
1499.65054977599	789.599975585938
1502.15716714267	789.47998046875
1504.66300360881	787.919982910156
1507.16805951512	788.919982910156
1509.67233520211	788.47998046875
1512.1758310101	789.039978027344
1514.67854727919	789.280029296875
1517.18048434931	789.039978027344
1519.68164256018	788.559997558594
1522.18202225132	788.119995117188
1524.68162376207	788.799987792969
1527.18044743155	788.599975585938
1529.67849359869	788.880004882813
1532.17576260224	788.640014648438
1534.67225478072	789.760009765625
1537.1679704725	788.880004882813
1539.66291001572	788.760009765625
1542.15707374832	789.719970703125
1544.65046200807	789.640014648438
1547.14307513254	789.840026855469
1549.63491345907	790.280029296875
1552.12597732485	791.119995117188
1554.61626706685	791
1557.10578302185	790.679992675781
1559.59452552644	791.400024414063
1562.082494917	790.799987792969
1564.56969152973	792.47998046875
1567.05611570064	793.799987792969
1569.54176776552	794.719970703125
1572.02664806	794.440002441406
1574.51075691949	794.880004882813
1576.99409467921	794.039978027344
1579.4766616742	794.559997558594
1581.95845823929	794.400024414063
1584.43948470912	794.559997558594
1586.91974141815	793.47998046875
1589.39922870064	793.47998046875
1591.87794689064	793.640014648438
1594.35589632202	794.280029296875
1596.83307732848	794.039978027344
1599.30949024348	794.239990234375
1601.78513540033	794.719970703125
1604.26001313211	795.919982910156
1606.73412377175	795.799987792969
1609.20746765196	796.280029296875
1611.68004510526	796.039978027344
1614.15185646398	796.47998046875
1616.62290206026	796.119995117188
1619.09318222605	796.679992675781
1621.56269729311	796.440002441406
1624.031447593	796.200012207031
1626.4994334571	796.880004882813
1628.9666552166	797.400024414063
1631.43311320248	796.919982910156
1633.89880774554	797.719970703125
1636.3637391764	798.320007324219
1638.82790782548	797.640014648438
1641.29131402301	798.400024414063
1643.75395809903	801.280029296875
1646.21584038339	801.400024414063
1648.67696120575	802.359985351563
1651.13732089558	803.039978027344
1653.59691978216	802.679992675781
1656.05575819459	803.200012207031
1658.51383646175	803.239990234375
1660.97115491238	803.47998046875
1663.42771387498	802.880004882813
1665.8835136779	802.640014648438
1668.33855464928	801.320007324219
1670.79283711708	800.359985351563
1673.24636140907	800.599975585938
1675.69912785282	799.159973144531
1678.15113677572	799.47998046875
1680.602388505	796.599975585938
1683.05288336764	796.080017089844
1685.50262169049	795.880004882813
1687.95160380019	794.440002441406
1690.39983002318	794
1692.84730068573	792.119995117188
1695.29401611392	792.159973144531
1697.73997663364	791.239990234375
1700.18518257059	789.52001953125
1702.6296342503	787.840026855469
1705.07333199807	788.400024414063
1707.51627613907	787.47998046875
1709.95846699824	787.159973144531
1712.39990490036	786.799987792969
1714.84059017001	786.719970703125
1717.28052313159	786.760009765625
1719.7197041093	786.679992675781
1722.15813342718	786.080017089844
1724.59581140906	785.799987792969
1727.03273837859	785.239990234375
1729.46891465926	785.599975585938
1731.90434057432	785.119995117188
1734.3390164469	785
1736.7729425999	784.599975585938
1739.20611935604	784.320007324219
1741.63854703787	784.840026855469
1744.07022596776	784.599975585938
1746.50115646787	784.440002441406
1748.93133886019	784.359985351563
1751.36077346652	783.919982910156
1753.7894606085	783.640014648438
1756.21740060755	783.400024414063
1758.64459378494	784.159973144531
1761.07104046172	784.400024414063
1763.49674095879	783.47998046875
1765.92169559684	783.799987792969
1768.3459046964	783.960021972656
1770.7693685778	783
1773.1920875612	782.799987792969
1775.61406196656	782.960021972656
1778.03529211367	783.320007324219
1780.45577832214	782.719970703125
1782.87552091138	783.280029296875
1785.29452020064	782.919982910156
1787.71277650897	782.919982910156
1790.13029015525	783.320007324219
1792.54706145817	783.119995117188
1794.96309073625	783.679992675781
1797.3783783078	782.599975585938
1799.79292449097	783.52001953125
1802.20672960375	783
1804.61979396389	783.119995117188
1807.03211788902	783.039978027344
1809.44370169655	782.760009765625
1811.85454570373	782.919982910156
1814.2646502276	782.679992675781
1816.67401558506	782.760009765625
1819.0826420928	782.640014648438
1821.49053006734	782.599975585938
1823.89767982501	782.719970703125
1826.30409168198	782.559997558594
1828.70976595422	782.159973144531
1831.11470295753	783.119995117188
1833.51890300752	782.679992675781
1835.92236641964	783.080017089844
1838.32509350914	783
1840.72708459111	782.880004882813
1843.12833998044	782.359985351563
1845.52885999184	782.679992675781
1847.92864493987	782.840026855469
1850.32769513889	782.960021972656
1852.72601090307	782.440002441406
1855.12359254642	782.280029296875
1857.52044038278	782.440002441406
1859.91655472578	782.359985351563
1862.31193588889	782.599975585938
1864.70658418542	782.52001953125
1867.10049992847	782.840026855469
1869.49368343096	783.080017089844
1871.88613500568	782.719970703125
1874.27785496518	782.280029296875
1876.66884362188	782.760009765625
1879.059101288	782.559997558594
1881.44862827559	782.47998046875
1883.8374248965	782.599975585938
1886.22549146246	782.960021972656
1888.61282828495	782.359985351563
1890.99943567534	782.640014648438
1893.38531394477	782.760009765625
1895.77046340424	782.640014648438
1898.15488436455	782.47998046875
1900.53857713634	782.919982910156
1902.92154203006	782.52001953125
1905.303779356	782.679992675781
1907.68528942426	782.960021972656
1910.06607254477	782.719970703125
1912.44612902729	782.559997558594
1914.82545918139	782.47998046875
1917.20406331648	783.280029296875
1919.58194174178	782.400024414063
1921.95909476634	782.599975585938
1924.33552269905	782.760009765625
1926.71122584861	783.080017089844
1929.08620452353	782.919982910156
1931.46045903219	782.760009765625
1933.83398968275	782.400024414063
1936.20679678322	782.52001953125
1938.57888064142	782.880004882813
1940.95024156502	782.840026855469
1943.3208798615	783.119995117188
1945.69079583816	782.840026855469
1948.05998980213	782.359985351563
1950.42846206038	783.080017089844
1952.79621291969	782.880004882813
1955.16324268668	782.559997558594
1957.52955166778	783.080017089844
1959.89514016927	783
1962.26000849723	782.880004882813
1964.62415695759	783.039978027344
1966.98758585609	783.719970703125
1969.3502954983	783.200012207031
1971.71228618964	783.119995117188
1974.07355823532	782.52001953125
1976.43411194042	782.880004882813
1978.79394760981	782.359985351563
1981.1530655482	783.200012207031
1983.51146606014	782.880004882813
1985.86914944999	783.640014648438
1988.22611602196	783.280029296875
1990.58236608007	782.400024414063
1992.93789992817	783.239990234375
1995.29271786995	783.200012207031
1997.64682020892	783.080017089844
2000.00020724843	782.799987792969
2002.35287929162	783.359985351563
2004.70483664152	783.679992675781
2007.05607960095	783.159973144531
2009.40660847256	783.320007324219
2011.75642355884	782.799987792969
2014.1055251621	782.960021972656
2016.4539135845	783.119995117188
2018.80158912802	783.440002441406
2021.14855209444	783.760009765625
2023.49480278542	783.52001953125
2025.84034150242	783.400024414063
2028.18516854673	783.320007324219
2030.52928421948	783.599975585938
2032.87268882163	782.799987792969
2035.21538265398	784.200012207031
2037.55736601713	783.52001953125
2039.89863921153	783.359985351563
2042.23920253747	783.320007324219
2044.57905629506	783.640014648438
2046.91820078425	783.919982910156
2049.2566363048	783.080017089844
2051.59436315633	783.320007324219
2053.93138163827	783.400024414063
2056.2676920499	783.799987792969
2058.6032946903	783.760009765625
2060.93818985843	783.52001953125
2063.27237785303	783.840026855469
2065.60585897272	784
2067.93863351592	783.960021972656
2070.27070178089	783.719970703125
2072.60206406574	783.359985351563
2074.93272066838	783.52001953125
2077.26267188658	783.840026855469
2079.59191801793	784.119995117188
2081.92045935985	783.760009765625
2084.24829620962	783.960021972656
2086.57542886431	784.280029296875
2088.90185762087	783.599975585938
2091.22758277604	783.799987792969
2093.55260462643	784.080017089844
2095.87692346845	783.52001953125
2098.20053959837	783.960021972656
2100.52345331229	783.919982910156
2102.84566490614	783.719970703125
2105.16717467567	784.159973144531
2107.48798291649	784.47998046875
2109.80808992403	784.119995117188
2112.12749599355	783.599975585938
2114.44620142016	783.960021972656
2116.7642064988	783.52001953125
2119.08151152423	784.080017089844
2121.39811679106	783.679992675781
2123.71402259374	784.039978027344
2126.02922922653	783.919982910156
2128.34373698356	783.640014648438
2130.65754615876	784.080017089844
2132.97065704594	783.919982910156
2135.28306993869	784.799987792969
2137.59478513047	784.119995117188
2139.90580291459	783.960021972656
2142.21612358416	783.719970703125
2144.52574743214	784.239990234375
2146.83467475134	783.760009765625
2149.1429058344	783.599975585938
2151.45044097377	784.679992675781
2153.75728046178	783.880004882813
2156.06342459057	783.640014648438
2158.36887365212	784.679992675781
2160.67362793825	784.039978027344
2162.97768774061	783.679992675781
2165.28105335071	784.239990234375
2167.58372505987	784.559997558594
2169.88570315926	784.080017089844
2172.18698793988	783.400024414063
2174.48757969258	783.640014648438
2176.78747870805	783.880004882813
2179.08668527679	784.159973144531
2181.38519968917	783.960021972656
2183.68302223538	783.960021972656
2185.98015320547	783.599975585938
2188.27659288929	783.799987792969
2190.57234157656	783.559997558594
2192.86739955682	783.599975585938
2195.16176711948	783.159973144531
2197.45544455375	782.880004882813
2199.74843214869	783.280029296875
2202.04073019322	783.640014648438
2204.33233897607	783.559997558594
2206.62325878583	783.320007324219
2208.91348991093	783.559997558594
2211.20303263961	783.320007324219
2213.49188726	783.760009765625
2215.78005406001	783.760009765625
2218.06753332744	783.919982910156
2220.35432534991	783.400024414063
2222.64043041487	783.719970703125
2224.92584880964	782.880004882813
2227.21058082134	783.320007324219
2229.49462673696	783.52001953125
2231.77798684332	782.840026855469
2234.06066142709	782.960021972656
2236.34265077477	783.320007324219
2238.62395517269	782.960021972656
2240.90457490706	782.719970703125
2243.18451026388	782.760009765625
2245.46376152904	782.760009765625
2247.74232898823	783.239990234375
2250.02021292701	782.799987792969
2252.29741363077	783.440002441406
2254.57393138475	783.400024414063
2256.849766474	782.799987792969
2259.12491918346	783.039978027344
2261.39938979788	782.880004882813
2263.67317860185	783.080017089844
2265.94628587983	782.440002441406
2268.2187119161	782.280029296875
2270.49045699478	783.080017089844
2272.76152139985	782.880004882813
2275.03190541511	782.52001953125
2277.30160932421	782.760009765625
2279.57063341067	781.840026855469
2281.83897795781	782.400024414063
2284.10664324882	782.719970703125
2286.37362956672	782.719970703125
2288.63993719439	782.719970703125
2290.90556641454	782.559997558594
2293.17051750973	782.400024414063
2295.43479076235	782.400024414063
2297.69838645465	782.679992675781
2299.96130486871	782.679992675781
2302.22354628647	782.760009765625
2304.48511098971	782.080017089844
2306.74599926003	783.039978027344
2309.00621137891	782.840026855469
2311.26574762765	783.119995117188
2313.52460828741	782.359985351563
2315.78279363917	782.719970703125
2318.04030396379	782.719970703125
2320.29713954195	782.47998046875
2322.55330065418	782.880004882813
2324.80878758085	782.880004882813
2327.06360060219	782.919982910156
2329.31773999826	782.840026855469
2331.57120604897	782.159973144531
2333.82399903409	783.039978027344
2336.0761192332	782.719970703125
2338.32756692577	782.679992675781
2340.57834239108	782.599975585938
2342.82844590827	782.400024414063
2345.07787775633	782.599975585938
2347.32663821409	782.440002441406
2349.57472756023	782.239990234375
2351.82214607327	782.320007324219
2354.06889403158	782.799987792969
2356.31497171337	782.400024414063
2358.56037939672	782.159973144531
2360.80511735953	782.239990234375
2363.04918587955	782.52001953125
2365.29258523439	782.440002441406
2367.5353157015	782.320007324219
2369.77737755817	781.840026855469
2372.01877108156	782.359985351563
2374.25949654865	782.679992675781
2376.49955423629	781.919982910156
2378.73894442115	781.960021972656
2380.97766737977	782.400024414063
2383.21572338855	782.679992675781
2385.45311272369	782.200012207031
2387.68983566129	782.359985351563
2389.92589247727	782.119995117188
2392.1612834474	782
2394.39600884731	782.039978027344
2396.63006895246	781.799987792969
2398.86346403818	781.599975585938
2401.09619437962	782.280029296875
2403.32826025182	782.47998046875
2405.55966192963	782.159973144531
2407.79039968777	782.47998046875
2410.0204738008	782.039978027344
2412.24988454313	781.960021972656
2414.47863218902	782.679992675781
2416.70671701258	781.799987792969
2418.93413928778	782.359985351563
2421.16089928842	782.159973144531
2423.38699728817	782.200012207031
2425.61243356052	782.200012207031
2427.83720837884	782.119995117188
2430.06132201633	782.599975585938
2432.28477474606	782.400024414063
2434.50756684093	782.200012207031
2436.72969857371	781.719970703125
2438.95117021699	781.559997558594
2441.17198204325	782.640014648438
2443.39213432478	781.919982910156
2445.61162733376	781.880004882813
2447.83046134218	782.080017089844
2450.04863662192	781.960021972656
2452.26615344468	782.599975585938
2454.48301208203	782.52001953125
2456.69921280539	782.119995117188
2458.91475588602	781.760009765625
2461.12964159504	782.400024414063
2463.34387020342	782.400024414063
2465.55744198198	782.719970703125
2467.77035720139	781.880004882813
2469.98261613217	782.200012207031
2472.1942190447	782.400024414063
2474.40516620922	782.47998046875
2476.6154578958	781.760009765625
2478.82509437436	781.320007324219
2481.03407591471	781.919982910156
2483.24240278646	782.320007324219
2485.45007525911	782.080017089844
2487.65709360202	782.159973144531
2489.86345808435	782.320007324219
2492.06916897518	782.200012207031
2494.27422654339	783.119995117188
2496.47863105774	781.760009765625
2498.68238278683	781.559997558594
2500.88548199912	782.359985351563
2503.08792896294	781.880004882813
2505.28972394643	781.919982910156
2507.49086721763	781.47998046875
2509.6913590444	782.200012207031
2511.89119969447	782.47998046875
2514.09038943543	782.320007324219
2516.2889285347	781.919982910156
2518.48681725957	782.080017089844
2520.6840558772	782.080017089844
2522.88064465456	782.200012207031
2525.07658385852	782.359985351563
2527.27187375578	782.440002441406
2529.4665146129	781.719970703125
2531.66050669629	782.400024414063
2533.85385027222	781.359985351563
2536.04654560681	782.47998046875
2538.23859296605	782.200012207031
2540.42999261577	782.400024414063
2542.62074482166	782
2544.81084984925	781.840026855469
2547.00030796395	782.359985351563
2549.18911943101	782.400024414063
2551.37728451555	782.200012207031
2553.56480348252	782.559997558594
2555.75167659675	782
2557.93790412292	781.760009765625
2560.12348632556	782.52001953125
2562.30842346905	781.960021972656
2564.49271581764	782.280029296875
2566.67636363544	782.159973144531
2568.85936718639	782.280029296875
2571.04172673431	781.919982910156
2573.22344254288	783.280029296875
2575.40451487562	781.919982910156
2577.58494399591	782.960021972656
2579.76473016699	782.400024414063
2581.94387365196	781.799987792969
2584.12237471377	782.799987792969
2586.30023361523	782.200012207031
2588.47745061901	782.679992675781
2590.65402598763	782.599975585938
2592.82995998348	782.719970703125
2595.0052528688	782.320007324219
2597.17990490568	782.960021972656
2599.35391635608	782.200012207031
2601.52728748181	782.440002441406
2603.70001854454	782.080017089844
2605.8721098058	783.039978027344
2608.04356152698	782.400024414063
2610.21437396931	782.159973144531
2612.3845473939	782.679992675781
2614.55408206173	782.679992675781
2616.72297823359	782.760009765625
2618.89123617017	782.719970703125
2621.058856132	782.47998046875
2623.22583837949	782.880004882813
2625.39218317288	782.599975585938
2627.55789077229	782.359985351563
2629.72296143769	782.679992675781
2631.88739542891	782.400024414063
2634.05119300563	782.200012207031
2636.21435442742	782.52001953125
2638.37687995367	783
2640.53876984365	782.719970703125
2642.70002435649	783.119995117188
2644.86064375119	782.719970703125
2647.02062828658	782.47998046875
2649.17997822137	783
2651.33869381413	783.559997558594
2653.49677532328	782.840026855469
2655.65422300711	783.039978027344
2657.81103712378	783.119995117188
2659.96721793127	782.599975585938
2662.12276568747	783.239990234375
2664.2776806501	783.719970703125
2666.43196307675	783.47998046875
2668.58561322486	783.239990234375
2670.73863135176	783.119995117188
2672.8910177146	783.400024414063
2675.04277257043	783.039978027344
2677.19389617612	782.799987792969
2679.34438878845	783.320007324219
2681.49425066402	783.47998046875
2683.64348205931	782.799987792969
2685.79208323065	783.679992675781
2687.94005443425	783.559997558594
2690.08739592617	783.52001953125
2692.23410796233	783.080017089844
2694.38019079852	782.960021972656
2696.52564469038	783.640014648438
2698.67046989342	783.880004882813
2700.81466666302	783.47998046875
2702.9582352544	784.320007324219
2705.10117592265	783.679992675781
2707.24348892275	783.840026855469
2709.3851745095	784.47998046875
2711.5262329376	784.039978027344
2713.66666446158	783.719970703125
2715.80646933585	783.679992675781
2717.94564781468	784.359985351563
2720.08420015222	784.719970703125
2722.22212660245	784.239990234375
2724.35942741923	784.52001953125
2726.49610285628	784.719970703125
2728.63215316721	784.760009765625
2730.76757860544	784.47998046875
2732.9023794243	785.119995117188
2735.03655587697	784.960021972656
2737.17010821648	785.080017089844
2739.30303669573	784.919982910156
2741.4353415675	785.359985351563
2743.56702308442	785
2745.69808149898	784.359985351563
2747.82851706355	784.359985351563
2749.95833003034	784.47998046875
2752.08752065145	784.239990234375
2754.21608917883	784.400024414063
2756.3440358643	784.960021972656
2758.47136095954	785.039978027344
2760.59806471609	785.239990234375
2762.72414738537	784.359985351563
2764.84960921865	784.440002441406
2766.97445046708	783.640014648438
2769.09867138166	784.239990234375
2771.22227221326	784.559997558594
2773.34525321263	785
2775.46761463035	784.200012207031
2777.58935671691	784.599975585938
2779.71047972262	784.919982910156
2781.83098389771	784.799987792969
2783.95086949221	784.320007324219
2786.07013675607	784.760009765625
2788.18878593908	785.080017089844
2790.3068172909	785.52001953125
2792.42423106106	784.880004882813
2794.54102749895	784.52001953125
2796.65720685384	785.400024414063
2798.77276937486	784.559997558594
2800.88771531098	784.52001953125
2803.00204491107	784.440002441406
2805.11575842387	785.320007324219
2807.22885609796	785.039978027344
2809.34133818179	784.880004882813
2811.4532049237	785.200012207031
2813.56445657189	785.320007324219
2815.6750933744	785.840026855469
2817.78511557916	785.760009765625
2819.89452343398	786
2822.00331718652	786.080017089844
2824.11149708429	787.840026855469
2826.2190633747	787.119995117188
2828.32601630502	787.359985351563
2830.43235612237	787.440002441406
2832.53808307375	788.52001953125
2834.64319740603	789.200012207031
2836.74769936595	789.880004882813
2838.85158920011	791.280029296875
2840.95486715497	791.679992675781
2843.05753347689	793.400024414063
2845.15958841206	794.840026855469
2847.26103220657	796.400024414063
2849.36186510636	797.919982910156
2851.46208735724	798.159973144531
2853.56169920488	798.400024414063
2855.66070089485	799.640014648438
2857.75909267257	801.159973144531
2859.85687478332	802.119995117188
2861.95404747225	804.239990234375
2864.05061098439	807.320007324219
2866.14656556464	808.840026855469
2868.24191145777	810.359985351563
2870.3366489084	808.200012207031
2872.43077816104	809.119995117188
2874.52429946006	812.200012207031
2876.61721304971	813
2878.70951917409	813.640014648438
2880.8012180772	812.799987792969
2882.89231000287	814
2884.98279519483	814.440002441406
2887.07267389667	814.679992675781
2889.16194635186	814.799987792969
2891.25061280373	815.080017089844
2893.33867349546	815.47998046875
2895.42612867015	814.440002441406
2897.51297857074	817.400024414063
2899.59922344003	817.719970703125
2901.68486352071	817.840026855469
2903.76989905533	820.760009765625
2905.85433028632	823.880004882813
2907.93815745598	823.159973144531
2910.02138080648	822.239990234375
2912.10400057985	822.960021972656
2914.186017018	825.760009765625
2916.26743036271	827.119995117188
2918.34824085563	829.679992675781
2920.4284487383	832.799987792969
2922.5080542521	833.440002441406
2924.58705763829	838.239990234375
2926.66545913802	836
2928.74325899231	837.280029296875
2930.82045744202	838.52001953125
2932.89705472792	836.799987792969
2934.97305109062	839.119995117188
2937.04844677063	840.47998046875
2939.12324200832	837.039978027344
2941.19743704393	836.200012207031
2943.27103211757	834.760009765625
2945.34402746923	833.679992675781
2947.41642333876	830.359985351563
2949.48821996592	827.679992675781
2951.55941759028	826.400024414063
2953.63001645135	826.119995117188
2955.70001678845	826.239990234375
2957.76941884083	825.080017089844
2959.83822284757	824.640014648438
2961.90642904764	821.719970703125
2963.97403767988	822.440002441406
2966.04104898302	820.52001953125
2968.10746319565	820.47998046875
2970.17328055621	818.039978027344
2972.23850130305	817.840026855469
2974.30312567438	817.119995117188
2976.36715390829	817.320007324219
2978.43058624273	818.840026855469
2980.49342291553	816.359985351563
2982.55566416439	815.200012207031
2984.61731022691	816.119995117188
2986.67836134051	816.400024414063
2988.73881774255	813.960021972656
2990.79867967021	812.840026855469
2992.85794736058	812.239990234375
2994.9166210506	809.799987792969
2996.97470097711	808.919982910156
2999.03218737679	809.359985351563
3001.08908048622	808.599975585938
3003.14538054186	809.200012207031
3005.20108778002	808.440002441406
3007.25620243691	807.47998046875
3009.3107247486	806.320007324219
3011.36465495104	807.200012207031
3013.41799328004	805.47998046875
3015.47073997133	805.599975585938
3017.52289526045	805.679992675781
3019.57445938288	805.559997558594
3021.62543257393	806.039978027344
3023.6758150688	805.799987792969
3025.72560710258	805.400024414063
3027.77480891021	805.320007324219
3029.82342072652	805.280029296875
3031.87144278622	807.400024414063
3033.91887532389	807
3035.96571857399	806.640014648438
3038.01197277084	807.640014648438
3040.05763814867	807.119995117188
3042.10271494154	806.760009765625
3044.14720338344	809.359985351563
3046.19110370818	811.960021972656
3048.2344161495	809.239990234375
3050.27714094097	811.359985351563
3052.31927831608	811.47998046875
3054.36082850816	814.400024414063
3056.40179175044	813.400024414063
3058.44216827602	813.679992675781
3060.48195831786	814.239990234375
3062.52116210884	814.599975585938
3064.55977988167	815.359985351563
3066.59781186897	814.280029296875
3068.63525830322	816.320007324219
3070.67211941678	818.320007324219
3072.7083954419	817.119995117188
3074.7440866107	817.719970703125
3076.77919315516	816.159973144531
3078.81371530716	818.159973144531
3080.84765329846	818.960021972656
3082.88100736068	819.359985351563
3084.91377772534	819.880004882813
3086.94596462381	822.200012207031
3088.97756828737	819.760009765625
3091.00858894714	820.320007324219
3093.03902683417	822.359985351563
3095.06888217933	822.400024414063
3097.09815521342	822.919982910156
3099.12684616709	825.599975585938
3101.15495527087	826.52001953125
3103.18248275518	826.919982910156
3105.20942885031	826.719970703125
3107.23579378642	829
3109.26157779358	829.640014648438
3111.28678110171	832.239990234375
3113.31140394062	831.840026855469
3115.33544654	831.559997558594
3117.35890912942	832.200012207031
3119.38179193832	837.119995117188
3121.40409519602	837.200012207031
3123.42581913174	836.52001953125
3125.44696397457	836.760009765625
3127.46752995345	839.559997558594
3129.48751729725	841.080017089844
3131.50692623469	840.960021972656
3133.52575699436	839.919982910156
3135.54400980476	841.239990234375
3137.56168489425	842.960021972656
3139.57878249108	845.080017089844
3141.59530282337	845.640014648438
3143.61124611913	846.280029296875
3145.62661260624	845.400024414063
3147.64140251247	847.679992675781
3149.65561606547	846.679992675781
3151.66925349277	849.440002441406
3153.68231502177	851.440002441406
3155.69480087977	850.200012207031
3157.70671129394	856.200012207031
3159.71804649132	857.880004882813
3161.72880669886	856.880004882813
3163.73899214336	857.719970703125
3165.74860305152	858.400024414063
3167.75763964991	856.960021972656
3169.766102165	860.640014648438
3171.77399082313	865.200012207031
3173.7813058505	860.359985351563
3175.78804747323	861.599975585938
3177.79421591731	861.320007324219
3179.79981140859	861.159973144531
3181.80483417282	865
3183.80928443564	869.119995117188
3185.81316242255	868.320007324219
3187.81646835896	864.919982910156
3189.81920247013	869.400024414063
3191.82136498122	875
3193.82295611727	876.400024414063
3195.82397610321	874.039978027344
3197.82442516385	872.52001953125
3199.82430352386	874.039978027344
3201.82361140782	878.960021972656
3203.82234904018	881.919982910156
3205.82051664529	876.359985351563
3207.81811444735	875.679992675781
3209.81514267047	879.640014648438
3211.81160153863	877.440002441406
3213.80749127571	875.119995117188
3215.80281210545	874.919982910156
3217.79756425148	882.280029296875
3219.79174793733	881.080017089844
3221.7853633864	878.679992675781
3223.77841082196	881.799987792969
3225.77089046719	883.559997558594
3227.76280254513	886.400024414063
3229.75414727873	881.919982910156
3231.74492489081	884.679992675781
3233.73513560406	882.080017089844
3235.72477964107	883.239990234375
3237.71385722431	888.559997558594
3239.70236857614	888.599975585938
3241.6903139188	883.119995117188
3243.6776934744	884.159973144531
3245.66450746496	884.960021972656
3247.65075611237	883.239990234375
3249.63643963841	880.919982910156
3251.62155826472	881.719970703125
3253.60611221287	881.840026855469
3255.59010170428	887.679992675781
3257.57352696026	889.919982910156
3259.55638820202	889.599975585938
3261.53868565064	887.599975585938
3263.52041952708	889.880004882813
3265.50159005221	889.719970703125
3267.48219744676	885.47998046875
3269.46224193136	884.880004882813
3271.44172372651	887.719970703125
3273.42064305262	889.719970703125
3275.39900012996	890.559997558594
3277.3767951787	886.47998046875
3279.35402841889	885.080017089844
3281.33070007047	888.400024414063
3283.30681035326	889.559997558594
3285.28235948698	885.960021972656
3287.25734769121	888.359985351563
3289.23177518544	894.559997558594
3291.20564218903	891.719970703125
3293.17894892124	889.640014648438
3295.1516956012	891.239990234375
3297.12388244795	888.440002441406
3299.09550968039	883.119995117188
3301.06657751732	885.359985351563
3303.03708617743	886.719970703125
3305.00703587929	893.559997558594
3306.97642684135	893.919982910156
3308.94525928196	887.400024414063
3310.91353341935	885.919982910156
3312.88124947164	887.080017089844
3314.84840765683	881.559997558594
3316.81500819282	881.559997558594
3318.78105129738	883.880004882813
3320.74653718818	884.159973144531
3322.71146608278	881.840026855469
3324.67583819861	885.119995117188
3326.639653753	889.280029296875
3328.60291296317	885.840026855469
3330.56561604621	890.679992675781
3332.52776321913	893.119995117188
3334.4893546988	889.960021972656
3336.45039070198	887.239990234375
3338.41087144533	884.159973144531
3340.37079714539	884.799987792969
3342.33016801859	882.559997558594
3344.28898428124	884.440002441406
3346.24724614955	889.840026855469
3348.20495383962	885.960021972656
3350.16210756742	884.239990234375
3352.11870754883	889.119995117188
3354.07475399961	885.320007324219
3356.03024713539	883.400024414063
3357.98518717173	887.52001953125
3359.93957432403	889.320007324219
3361.89340880761	885.719970703125
3363.84669083768	888.760009765625
3365.79942062933	882.919982910156
3367.75159839753	885.919982910156
3369.70322435715	890.760009765625
3371.65429872295	891.159973144531
3373.60482170957	894.719970703125
3375.55479353155	895.679992675781
3377.50421440332	890.559997558594
3379.45308453918	887.840026855469
3381.40140415335	882.919982910156
3383.34917345991	884.640014648438
3385.29639267284	886.719970703125
3387.24306200602	889.559997558594
3389.18918167321	887.640014648438
3391.13475188806	891.599975585938
3393.07977286411	895.640014648438
3395.02424481479	898.640014648438
3396.96816795342	897.239990234375
3398.91154249322	891.159973144531
3400.85436864728	891.559997558594
3402.79664662859	889.440002441406
3404.73837665004	888.880004882813
3406.67955892439	888.080017089844
3408.62019366432	888.760009765625
3410.56028108236	892.719970703125
3412.49982139096	892.840026855469
3414.43881480247	893.919982910156
3416.37726152909	893.840026855469
3418.31516178295	890.400024414063
3420.25251577605	889.840026855469
3422.18932372029	892.280029296875
3424.12558582746	890.52001953125
3426.06130230922	892.919982910156
3427.99647337717	894.799987792969
3429.93109924274	889.840026855469
3431.8651801173	884.440002441406
3433.79871621209	883.760009765625
3435.73170773824	888.039978027344
3437.66415490678	891.640014648438
3439.59605792862	886.400024414063
3441.52741701458	886.840026855469
3443.45823237536	884.640014648438
3445.38850422154	882.080017089844
3447.31823276362	887.719970703125
3449.24741821196	887.159973144531
3451.17606077684	885.080017089844
3453.10416066842	886.200012207031
3455.03171809674	885.799987792969
3456.95873327175	883.640014648438
3458.88520640329	884.960021972656
3460.81113770109	881.280029296875
3462.73652737477	879.640014648438
3464.66137563383	874.559997558594
3466.58568268769	875.52001953125
3468.50944874565	875.599975585938
3470.43267401689	875.799987792969
3472.3553587105	876.440002441406
3474.27750303545	870.799987792969
3476.19910720062	866.880004882813
3478.12017141476	876.52001953125
3480.04069588654	879.599975585938
3481.9606808245	877.919982910156
3483.88012643707	874.359985351563
3485.79903293259	869.919982910156
3487.7174005193	866.159973144531
3489.63522940532	865.640014648438
3491.55251979864	859.760009765625
3493.46927190719	860.280029296875
3495.38548593877	862.880004882813
3497.30116210107	863.52001953125
3499.21630060167	865.320007324219
3501.13090164807	860.840026855469
3503.04496544763	857.280029296875
3504.95849220763	857.239990234375
3506.87148213523	857.919982910156
3508.78393543748	856.640014648438
3510.69585232134	857.640014648438
3512.60723299365	856.880004882813
3514.51807766116	854.159973144531
3516.42838653049	854.440002441406
3518.33815980819	851.159973144531
3520.24739770066	849.200012207031
3522.15610041423	848.679992675781
3524.06426815511	844.640014648438
3525.9719011294	846.200012207031
3527.87899954311	850.799987792969
3529.78556360213	849.440002441406
3531.69159351225	846.080017089844
3533.59708947916	845.52001953125
3535.50205170844	846
3537.40648040556	842.359985351563
3539.3103757759	839.640014648438
3541.21373802472	836.200012207031
3543.11656735717	837
3545.01886397833	835.640014648438
3546.92062809313	838.119995117188
3548.82185990643	839.799987792969
3550.72255962297	836.919982910156
3552.62272744738	830.880004882813
3554.5223635842	832.599975585938
3556.42146823786	830.52001953125
3558.32004161268	829.039978027344
3560.21808391289	830.760009765625
3562.11559534259	831
3564.01257610581	828.679992675781
3565.90902640645	829.039978027344
3567.80494644831	829.400024414063
3569.7003364351	829.640014648438
3571.59519657042	828.640014648438
3573.48952705774	823.400024414063
3575.38332810048	824.359985351563
3577.27659990191	827.440002441406
3579.16934266521	824.440002441406
3581.06155659346	823.960021972656
3582.95324188965	824.599975585938
3584.84439875663	822.640014648438
3586.73502739718	821.080017089844
3588.62512801397	822.239990234375
3590.51470080955	820.599975585938
3592.40374598639	820.52001953125
3594.29226374685	821.559997558594
3596.18025429317	820.960021972656
3598.06771782751	818.640014648438
3599.95465455192	816.52001953125
3601.84106466834	816.400024414063
3603.72694837861	816.599975585938
3605.61230588447	815.119995117188
3607.49713738756	814.840026855469
3609.38144308942	815.760009765625
3611.26522319148	814.799987792969
3613.14847789506	812.080017089844
3615.0312074014	811.039978027344
3616.91341191162	811.119995117188
3618.79509162674	808.799987792969
3620.67624674769	809.039978027344
3622.55687747528	810.400024414063
3624.43698401024	809.080017089844
3626.31656655317	807.799987792969
3628.1956253046	810.080017089844
3630.07416046492	808.880004882813
3631.95217223446	807.919982910156
3633.82966081342	805.640014648438
3635.70662640191	804.320007324219
3637.58306919993	804.919982910156
3639.45898940739	804.640014648438
3641.33438722409	804.080017089844
3643.20926284973	803.679992675781
3645.08361648392	804.119995117188
3646.95744832614	802.400024414063
3648.8307585758	801.599975585938
3650.7035474322	801
3652.57581509452	801.719970703125
3654.44756176188	800.679992675781
3656.31878763324	798.640014648438
3658.18949290753	798.47998046875
3660.05967778352	797.080017089844
3661.9293424599	796.52001953125
3663.79848713527	796.52001953125
3665.66711200812	797.280029296875
3667.53521727684	795.039978027344
3669.40280313972	793.840026855469
3671.26986979494	793.320007324219
3673.13641744059	794.039978027344
3675.00244627468	793.320007324219
