-140.373595351881	778.880004882813
-137.335129063906	778.559997558594
-134.297686810867	778.599975585938
-131.261268103955	778.919982910156
-128.225872454677	778.640014648438
-125.191499374839	778.599975585938
-122.158148376567	779.200012207031
-119.125818972292	778.919982910156
-116.094510674759	778.640014648438
-113.064222997021	778.840026855469
-110.034955452443	779
-107.006707554687	778.960021972656
-103.979478817741	778.760009765625
-100.95326875589	778.599975585938
-97.928076883731	778.760009765625
-94.9039027161698	779
-91.8807457684175	778.47998046875
-88.8586055560018	778.679992675781
-85.8374815947384	779
-82.8173734007715	778.719970703125
-79.7982804905411	778.719970703125
-76.7802023807988	779.119995117188
-73.7631385885914	778.919982910156
-70.7470886312892	779.080017089844
-67.732052026553	779.039978027344
-64.7180282923587	778.760009765625
-61.7050169469884	778.599975585938
-58.6930175090183	779.320007324219
-55.6820294973386	779
-52.6720524311495	778.960021972656
-49.66308582994	779.039978027344
-46.6551292135171	778.47998046875
-43.6481821019882	779.239990234375
-40.6422440157577	779
-37.6373144755424	778.840026855469
-34.6333930023594	778.840026855469
-31.630479117526	779.119995117188
-28.6285723426709	779
-25.6276721997107	778.840026855469
-22.6277782108771	779
-19.628889898701	779.359985351563
-16.6310067860081	779.47998046875
-13.6341283959385	782.52001953125
-10.6382542519231	796.960021972656
-7.64338387769432	834.960021972656
-4.64951679729502	849.52001953125
-1.65665253506141	833.080017089844
1.33520938438089	796.960021972656
4.32606943608095	781.159973144531
7.315928094803	779.320007324219
10.3047858350146	779.239990234375
13.2926431308747	778.880004882813
16.2795004562541	778.840026855469
19.2653582847118	778.919982910156
22.2502170895187	779.280029296875
25.2340773436344	778.960021972656
28.216939519735	778.760009765625
31.1988040901939	779.119995117188
34.1796715270814	778.880004882813
37.1595423021732	778.440002441406
40.1384168869468	779.280029296875
43.1162957525854	778.799987792969
46.0931793699786	779.159973144531
49.0690682097059	778.799987792969
52.0439627420619	778.400024414063
55.0178634370476	778.919982910156
57.9907707643592	778.640014648438
60.9626851933962	779.159973144531
63.9336071932735	778.960021972656
66.9035372328018	779.119995117188
69.8724757804959	778.919982910156
72.8404233045826	778.919982910156
75.8073802729932	778.679992675781
78.7733471533597	778.919982910156
81.738324413019	778.919982910156
84.702312519025	778.919982910156
87.665311938125	778.880004882813
90.6273231367761	779.200012207031
93.5883465811569	779.080017089844
96.5483827371242	779.119995117188
99.5074320702731	778.52001953125
102.465495045889	778.599975585938
105.422572128961	778.52001953125
108.378663784199	778.559997558594
111.333770476014	779.119995117188
114.287892668528	778.880004882813
117.24103082557	779.359985351563
120.193185410674	779.119995117188
123.144356887097	779.159973144531
126.094545717786	779.559997558594
129.043752365413	780.119995117188
131.991977292355	780.200012207031
134.939220960695	780.359985351563
137.885483832232	781.039978027344
140.83076636847	781.159973144531
143.775069030632	781.159973144531
146.718392279644	781.919982910156
149.660736576149	782.080017089844
152.602102380488	783.080017089844
155.54249015274	783.359985351563
158.481900352672	784.159973144531
161.420333439765	784.400024414063
164.357789873227	784.719970703125
167.294270111968	786
170.229774614617	786.960021972656
173.164303839496	787.719970703125
176.097858244675	787.799987792969
179.030438287908	788.47998046875
181.962044426678	789.559997558594
184.89267711817	789
187.822336819302	791.039978027344
190.751023986678	791.039978027344
193.678739076648	790.719970703125
196.605482545255	792.159973144531
199.531254848261	791.52001953125
202.456056441152	791.47998046875
205.379887779119	791.119995117188
208.30274931708	791.719970703125
211.224641509656	791.440002441406
214.145564811189	791.200012207031
217.06551967574	791.799987792969
219.984506557089	790.919982910156
222.902525908723	790.52001953125
225.819578183856	790.159973144531
228.735663835415	790.159973144531
231.650783316047	791.47998046875
234.564937078107	791.239990234375
237.478125573679	790.799987792969
240.390349254566	790.47998046875
243.301608572278	791.359985351563
246.211903978051	790.760009765625
249.121235922839	792.47998046875
252.029604857321	792.440002441406
254.93701123188	793.159973144531
257.843455496632	793.039978027344
260.748938101415	793.599975585938
263.653459495766	794.400024414063
266.557020128967	794.840026855469
269.459620450005	795.640014648438
272.361260907595	794.919982910156
275.261941950168	794.760009765625
278.161664025874	794.320007324219
281.060427582592	795.47998046875
283.958233067921	794.760009765625
286.855080929176	795.919982910156
289.750971613398	795.719970703125
292.645905567344	794.880004882813
295.539883237503	795.599975585938
298.432905070079	795.599975585938
301.324971511007	796.679992675781
304.216083005931	799.239990234375
307.10624000023	802.47998046875
309.995442939003	809.960021972656
312.883692267071	822.159973144531
315.770988428979	842.799987792969
318.657331869	856.159973144531
321.542723031127	851.080017089844
324.427162359076	836.47998046875
327.310650296293	817.719970703125
330.193187285945	808.919982910156
333.074773770929	803.559997558594
335.955410193855	798
338.835096997075	796.840026855469
341.713834622655	794.880004882813
344.59162351239	794.559997558594
347.468464107802	794.47998046875
350.344356850137	792.679992675781
353.219302180373	791.799987792969
356.093300539208	792.679992675781
358.966352367073	792.960021972656
361.838458104123	791.47998046875
364.70961819024	791.039978027344
367.579833065031	791.599975585938
370.449103167837	791.400024414063
373.317428937727	791.799987792969
376.184810813496	790.719970703125
379.051249233659	791.880004882813
381.916744636474	791.440002441406
384.78129745992	790.840026855469
387.644908141706	791.559997558594
390.50757711927	791.200012207031
393.36930482978	791.640014648438
396.23009171014	791.239990234375
399.089938196969	790.719970703125
401.948844726631	791
404.806811735214	791.880004882813
407.66383965853	791.719970703125
410.519928932138	791.159973144531
413.375079991314	791.119995117188
416.229293271071	790.919982910156
419.082569206155	790.599975585938
421.934908231031	789.840026855469
424.786310779917	790.679992675781
427.636777286748	790.599975585938
430.486308185189	791.359985351563
433.334903908649	791.400024414063
436.182564890262	791.119995117188
439.029291562898	791.119995117188
441.875084359157	791.919982910156
444.719943711374	790.320007324219
447.563870051618	790.440002441406
450.406863811695	790.47998046875
453.248925423132	791.239990234375
456.090055317208	791.080017089844
458.93025392492	790.760009765625
461.76952167701	789.760009765625
464.60785900395	790.200012207031
467.44526633595	790.400024414063
470.281744102955	790.159973144531
473.117292734635	789.919982910156
475.951912660415	790.52001953125
478.785604309439	790.599975585938
481.618368110592	789.440002441406
484.450204492499	788.880004882813
487.281113883518	790.400024414063
490.111096711738	790.280029296875
492.940153404999	790.640014648438
495.768284390864	790
498.595490096635	789.960021972656
501.421770949366	790.400024414063
504.247127375825	789.200012207031
507.071559802537	790.799987792969
509.89506865575	790.239990234375
512.717654361473	790.47998046875
515.539317345424	790.760009765625
518.360058033083	791.080017089844
521.179876849652	790.559997558594
523.998774220083	790.280029296875
526.816750569068	790.47998046875
529.633806321025	790.159973144531
532.44994190013	790.280029296875
535.265157730284	790.679992675781
538.079454235133	790.559997558594
540.892831838066	789.400024414063
543.705290962208	790
546.516832030424	790.359985351563
549.32745546533	789.359985351563
552.137161689268	790.239990234375
554.945951124325	790.280029296875
557.753824192341	789.960021972656
560.560781314883	789.719970703125
563.36682291327	789.679992675781
566.171949408555	790.200012207031
568.976161221537	789.840026855469
571.779458772759	789.119995117188
574.5818424825	790.719970703125
577.383312770792	788.840026855469
580.183870057402	789.679992675781
582.983514761843	789.760009765625
585.782247303363	789.559997558594
588.580068100976	788.640014648438
591.376977573414	790.039978027344
594.172976139164	789.960021972656
596.968064216463	789.559997558594
599.762242223282	789.320007324219
602.555510577335	788.200012207031
605.347869696099	787.880004882813
608.139319996771	789
610.929861896313	788.559997558594
613.719495811421	789.359985351563
616.508222158541	789.039978027344
619.296041353863	789.799987792969
622.082953813324	789.080017089844
624.868959952607	788.52001953125
627.654060187137	788.359985351563
630.438254932094	788.039978027344
633.221544602397	787.960021972656
636.003929612719	788.440002441406
638.785410377468	788.919982910156
641.565987310814	788.640014648438
644.345660826665	788.440002441406
647.124431338674	789.280029296875
649.902299260252	788.359985351563
652.679265004552	788.440002441406
655.455328984475	788.599975585938
658.230491612671	789.280029296875
661.004753301541	789.359985351563
663.778114463229	788.159973144531
666.550575509631	788.760009765625
669.322136852395	788.919982910156
672.092798902916	789.320007324219
674.862562072336	788.239990234375
677.631426771548	789.400024414063
680.399393411204	788.679992675781
683.166462401689	787.719970703125
685.93263415315	788
688.697909075486	788.200012207031
691.462287578337	788.719970703125
694.225770071098	787.960021972656
696.988356962926	788.039978027344
699.750048662705	787.280029296875
702.5108455791	788.52001953125
705.270748120503	788.47998046875
708.029756695068	789.200012207031
710.787871710705	788.679992675781
713.545093575065	788.880004882813
716.301422695566	789.239990234375
719.056859479364	788.400024414063
721.811404333376	789
724.56505766427	788.640014648438
727.317819878473	788.760009765625
730.069691382148	787.880004882813
732.820672581226	788.080017089844
735.570763881396	788.320007324219
738.319965688092	788.280029296875
741.068278406496	789.320007324219
743.815702441559	789.039978027344
746.562238197974	789.640014648438
749.307886080196	788.760009765625
752.052646492436	789.47998046875
754.796519838656	789.359985351563
757.539506522567	789.239990234375
760.28160694765	788.760009765625
763.022821517128	789
765.76315063399	789.080017089844
768.502594700972	788.880004882813
771.241154120572	789.400024414063
773.978829295045	788.840026855469
776.715620626397	789.52001953125
779.451528516396	790.400024414063
782.186553366565	790.280029296875
784.920695578179	789.880004882813
787.653955552283	789.840026855469
790.386333689662	789.52001953125
793.117830390877	789.280029296875
795.848446056227	788.559997558594
798.578181085792	788.280029296875
801.307035879389	789
804.035010836599	788.47998046875
806.762106356774	788.440002441406
809.488322839013	788.200012207031
812.213660682169	789.52001953125
814.938120284866	788.280029296875
817.661702045482	788.760009765625
820.384406362153	788.080017089844
823.10623363278	787.440002441406
825.827184255014	788.799987792969
828.547258626283	788.599975585938
831.266457143747	788.679992675781
833.984780204358	788.52001953125
836.702228204804	788.880004882813
839.418801541552	788.599975585938
842.134500610814	788.320007324219
844.849325808575	789.280029296875
847.563277530579	789.239990234375
850.276356172319	788.880004882813
852.988562129066	789.239990234375
855.69989579585	789.400024414063
858.410357567456	789.840026855469
861.119947838428	788.47998046875
863.828667003087	787.719970703125
866.536515455503	787.52001953125
869.243493589517	788
871.949601798728	787.039978027344
874.654840476504	787.960021972656
877.359210015961	788.320007324219
880.062710810003	788.159973144531
882.765343251273	788.440002441406
885.467107732191	788.359985351563
888.168004644938	787.359985351563
890.868034381467	788.400024414063
893.567197333476	788.320007324219
896.265493892445	788.280029296875
898.962924449614	789.119995117188
901.659489395985	788.840026855469
904.355189122325	788.760009765625
907.050024019165	787.799987792969
909.743994476809	788.640014648438
912.437100885322	788.400024414063
915.129343634532	787.960021972656
917.820723114032	788.400024414063
920.511239713189	788.47998046875
923.200893821127	789.039978027344
925.889685826744	788.320007324219
928.577616118699	789.119995117188
931.264685085419	789.159973144531
933.950893115098	789.599975585938
936.6362405957	788.799987792969
939.320727914956	788.47998046875
942.004355460359	788.280029296875
944.687123619173	788.919982910156
947.369032778431	788.320007324219
950.050083324934	788.679992675781
952.730275645247	788.119995117188
955.409610125711	788.359985351563
958.088087152423	788.960021972656
960.765707111263	788.760009765625
963.442470387871	788.640014648438
966.118377367657	788.400024414063
968.793428435798	787.679992675781
971.467623977254	787.880004882813
974.140964376739	787.919982910156
976.813450018737	789.119995117188
979.485081287511	788.960021972656
982.155858567087	788.159973144531
984.825782241271	787.960021972656
987.494852693624	788.47998046875
990.163070307487	788.239990234375
992.830435465978	788.799987792969
995.496948551973	788.47998046875
998.162609948122	789.799987792969
1000.82742003685	790.880004882813
1003.49137920036	791.679992675781
1006.15448782061	790.239990234375
1008.81674627934	788.239990234375
1011.47815495806	787.640014648438
1014.13871423805	788.119995117188
1016.79842450037	788.239990234375
1019.45728612586	787.840026855469
1022.11529949509	787.039978027344
1024.77246498846	788.039978027344
1027.4287829861	788.760009765625
1030.08425386792	788.239990234375
1032.73887801363	788.320007324219
1035.3926558027	788.159973144531
1038.04558761435	787.359985351563
1040.69767382761	787.440002441406
1043.34891482125	787.679992675781
1045.99931097384	787.919982910156
1048.64886266371	787.559997558594
1051.29757026898	788.080017089844
1053.94543416753	787.359985351563
1056.59245473701	788.320007324219
1059.23863235486	787.799987792969
1061.8839673983	787.280029296875
1064.5284602443	787.919982910156
1067.17211126962	787.799987792969
1069.8149208508	787.960021972656
1072.45688936415	788.200012207031
1075.09801718577	788.400024414063
1077.7383046915	788.440002441406
1080.377752257	788.679992675781
1083.01636025767	788.919982910156
1085.65412906872	788.799987792969
1088.2910590651	788.400024414063
1090.92715062157	789.359985351563
1093.56240411266	789.080017089844
1096.19681991265	788.400024414063
1098.83039839564	789.119995117188
1101.46313993547	788
1104.09504490579	788.119995117188
1106.72611368	787.719970703125
1109.35634663129	787.960021972656
1111.98574413263	787.080017089844
1114.61430655677	787.280029296875
1117.24203427624	788.039978027344
1119.86892766333	787.760009765625
1122.49498709014	787.440002441406
1125.12021292851	788.320007324219
1127.74460555011	788.440002441406
1130.36816532634	787.640014648438
1132.99089262841	787.679992675781
1135.6127878273	786.440002441406
1138.23385129376	786.599975585938
1140.85408339834	785.640014648438
1143.47348451137	785.840026855469
1146.09205500294	785.52001953125
1148.70979524293	785.679992675781
1151.326705601	786.679992675781
1153.9427864466	785.679992675781
1156.55803814896	786.239990234375
1159.17246107707	786.080017089844
1161.78605559974	786.400024414063
1164.39882208551	786.840026855469
1167.01076090276	786.840026855469
1169.6218724196	786.559997558594
1172.23215700396	786.599975585938
1174.84161502352	787.039978027344
1177.45024684578	786.760009765625
1180.05805283799	787.599975585938
1182.66503336719	786.960021972656
1185.27118880021	787
1187.87651950367	786.200012207031
1190.48102584395	786.200012207031
1193.08470818723	786.52001953125
1195.68756689948	786.239990234375
1198.28960234643	787.080017089844
1200.89081489363	787.719970703125
1203.49120490636	788.039978027344
1206.09077274974	788.960021972656
1208.68951878864	788.599975585938
1211.28744338773	788.52001953125
1213.88454691145	788.320007324219
1216.48082972404	788.359985351563
1219.07629218953	788.52001953125
1221.6709346717	789
1224.26475753416	788.320007324219
1226.85776114028	790.080017089844
1229.44994585322	789.599975585938
1232.04131203592	789.280029296875
1234.63186005112	790.200012207031
1237.22159026133	791.320007324219
1239.81050302886	791.359985351563
1242.3985987158	791.080017089844
1244.98587768402	790.400024414063
1247.5723402952	790.400024414063
1250.15798691078	790.760009765625
1252.74281789199	790.640014648438
1255.32683359987	790.679992675781
1257.91003439523	791.880004882813
1260.49242063865	791.52001953125
1263.07399269055	790.559997558594
1265.65475091108	790.599975585938
1268.23469566021	790.599975585938
1270.81382729769	790.159973144531
1273.39214618306	789.159973144531
1275.96965267566	789.880004882813
1278.54634713458	790.239990234375
1281.12222991875	789.840026855469
1283.69730138685	789.320007324219
1286.27156189737	789.880004882813
1288.84501180858	789.440002441406
1291.41765147853	788.960021972656
1293.98948126509	790.400024414063
1296.56050152589	790.119995117188
1299.13071261837	791.119995117188
1301.70011489973	790.559997558594
1304.268708727	791.159973144531
1306.83649445698	791.200012207031
1309.40347244625	791.159973144531
1311.96964305119	791.400024414063
1314.53500662799	792.52001953125
1317.0995635326	791.840026855469
1319.66331412077	790.679992675781
1322.22625874806	791.320007324219
1324.7883977698	791.080017089844
1327.34973154112	791.359985351563
1329.91026041694	790.52001953125
1332.46998475197	790.119995117188
1335.0289049007	790.799987792969
1337.58702121746	791.039978027344
1340.14433405631	791.280029296875
1342.70084377115	790.799987792969
1345.25655071563	789.760009765625
1347.81145524323	789.52001953125
1350.36555770721	789.919982910156
1352.91885846062	788.760009765625
1355.47135785631	788.320007324219
1358.02305624691	787.919982910156
1360.57395398486	787.200012207031
1363.12405142237	787.760009765625
1365.67334891148	787.880004882813
1368.22184680399	787.280029296875
1370.76954545151	787.039978027344
1373.31644520545	787.320007324219
1375.86254641699	787.159973144531
1378.40784943713	786.760009765625
1380.95235461666	786.400024414063
1383.49606230615	787.960021972656
1386.03897285598	787
1388.58108661632	787.719970703125
1391.12240393713	787.47998046875
1393.66292516818	786.640014648438
1396.20265065903	787.159973144531
1398.74158075901	787.119995117188
1401.2797158173	786.760009765625
1403.81705618282	786.840026855469
1406.35360220431	787.799987792969
1408.88935423032	787
1411.42431260919	786.559997558594
1413.95847768903	787.039978027344
1416.49184981777	787.359985351563
1419.02442934314	787.039978027344
1421.55621661266	788.080017089844
1424.08721197364	787.440002441406
1426.61741577321	787.719970703125
1429.14682835828	787.840026855469
1431.67545007555	788.840026855469
1434.20328127153	787.760009765625
1436.73032229253	789.559997558594
1439.25657348466	790.599975585938
1441.78203519381	790.919982910156
1444.3067077657	791.559997558594
1446.83059154581	792.320007324219
1449.35368687944	791.760009765625
1451.8759941117	792
1454.39751358748	790.679992675781
1456.91824565148	791.52001953125
1459.43819064818	790.599975585938
1461.95734892189	789.840026855469
1464.4757208167	789.679992675781
1466.99330667649	789.919982910156
1469.51010684497	789.119995117188
1472.02612166564	788.47998046875
1474.54135148177	787.200012207031
1477.05579663646	787.799987792969
1479.56945747262	786.640014648438
1482.08233433293	787
1484.59442755989	787.239990234375
1487.10573749579	786.200012207031
1489.61626448275	786.320007324219
1492.12600886264	785.200012207031
1494.63497097718	785.400024414063
1497.14315116786	785.200012207031
1499.65054977599	784.559997558594
1502.15716714267	784.280029296875
1504.66300360881	784
1507.16805951512	784.239990234375
1509.67233520211	784.640014648438
1512.1758310101	784.679992675781
1514.67854727919	784.679992675781
1517.18048434931	783.840026855469
1519.68164256018	783.880004882813
1522.18202225132	783.799987792969
1524.68162376207	784.239990234375
1527.18044743155	784.200012207031
1529.67849359869	784.039978027344
1532.17576260224	783.599975585938
1534.67225478072	784.119995117188
1537.1679704725	784.719970703125
1539.66291001572	783.719970703125
1542.15707374832	784.559997558594
1544.65046200807	784.799987792969
1547.14307513254	785.200012207031
1549.63491345907	784.119995117188
1552.12597732485	785.119995117188
1554.61626706685	785.200012207031
1557.10578302185	785
1559.59452552644	785.200012207031
1562.082494917	785.52001953125
1564.56969152973	786.239990234375
1567.05611570064	785.960021972656
1569.54176776552	786.760009765625
1572.02664806	787.280029296875
1574.51075691949	786.880004882813
1576.99409467921	786.119995117188
1579.4766616742	787
1581.95845823929	786.919982910156
1584.43948470912	787.159973144531
1586.91974141815	786.599975585938
1589.39922870064	786.919982910156
1591.87794689064	787
1594.35589632202	786.799987792969
1596.83307732848	787.159973144531
1599.30949024348	786.559997558594
1601.78513540033	787.440002441406
1604.26001313211	787.320007324219
1606.73412377175	787.880004882813
1609.20746765196	788.239990234375
1611.68004510526	788.47998046875
1614.15185646398	788.880004882813
1616.62290206026	787.960021972656
1619.09318222605	788.559997558594
1621.56269729311	788.719970703125
1624.031447593	788.440002441406
1626.4994334571	787.960021972656
1628.9666552166	789.320007324219
1631.43311320248	789.159973144531
1633.89880774554	788.880004882813
1636.3637391764	789.200012207031
1638.82790782548	789.679992675781
1641.29131402301	790.200012207031
1643.75395809903	790.039978027344
1646.21584038339	790.640014648438
1648.67696120575	791.440002441406
1651.13732089558	792.719970703125
1653.59691978216	792
1656.05575819459	792.119995117188
1658.51383646175	792.440002441406
1660.97115491238	791.960021972656
1663.42771387498	792.239990234375
1665.8835136779	792.080017089844
1668.33855464928	790.719970703125
1670.79283711708	790.719970703125
1673.24636140907	790.840026855469
1675.69912785282	789.799987792969
1678.15113677572	789.280029296875
1680.602388505	788.52001953125
1683.05288336764	788.280029296875
1685.50262169049	787.119995117188
1687.95160380019	786.080017089844
1690.39983002318	786.320007324219
1692.84730068573	786.039978027344
1695.29401611392	785.52001953125
1697.73997663364	785
1700.18518257059	784.719970703125
1702.6296342503	784.200012207031
1705.07333199807	783.400024414063
1707.51627613907	783.400024414063
1709.95846699824	783.359985351563
1712.39990490036	783.799987792969
1714.84059017001	782.919982910156
1717.28052313159	783.200012207031
1719.7197041093	782.880004882813
1722.15813342718	782.200012207031
1724.59581140906	782.080017089844
1727.03273837859	782.119995117188
1729.46891465926	782.280029296875
1731.90434057432	782.400024414063
1734.3390164469	782.400024414063
1736.7729425999	781.679992675781
1739.20611935604	781.799987792969
1741.63854703787	781.880004882813
1744.07022596776	781.440002441406
1746.50115646787	781.840026855469
1748.93133886019	781.719970703125
1751.36077346652	781.799987792969
1753.7894606085	781.200012207031
1756.21740060755	781.799987792969
1758.64459378494	781.080017089844
1761.07104046172	781.559997558594
1763.49674095879	781.400024414063
1765.92169559684	781.599975585938
1768.3459046964	781.880004882813
1770.7693685778	781.320007324219
1773.1920875612	781.440002441406
1775.61406196656	781.239990234375
1778.03529211367	781.119995117188
1780.45577832214	781.320007324219
1782.87552091138	781.200012207031
1785.29452020064	781.239990234375
1787.71277650897	781.52001953125
1790.13029015525	781.280029296875
1792.54706145817	781.880004882813
1794.96309073625	780.760009765625
1797.3783783078	781.280029296875
1799.79292449097	781.280029296875
1802.20672960375	781.559997558594
1804.61979396389	781.640014648438
1807.03211788902	780.799987792969
1809.44370169655	780.840026855469
1811.85454570373	781.200012207031
1814.2646502276	781.159973144531
1816.67401558506	781.280029296875
1819.0826420928	780.599975585938
1821.49053006734	780.840026855469
1823.89767982501	781.200012207031
1826.30409168198	780.840026855469
1828.70976595422	781.080017089844
1831.11470295753	780.280029296875
1833.51890300752	780.679992675781
1835.92236641964	781.039978027344
1838.32509350914	780.599975585938
1840.72708459111	781.359985351563
1843.12833998044	780.640014648438
1845.52885999184	780.880004882813
1847.92864493987	780.840026855469
1850.32769513889	780.840026855469
1852.72601090307	781.400024414063
1855.12359254642	780.679992675781
1857.52044038278	780.679992675781
1859.91655472578	780.679992675781
1862.31193588889	780.880004882813
1864.70658418542	780.640014648438
1867.10049992847	780.52001953125
1869.49368343096	780.960021972656
1871.88613500568	780.559997558594
1874.27785496518	780.47998046875
1876.66884362188	780.640014648438
1879.059101288	780.719970703125
1881.44862827559	780.280029296875
1883.8374248965	780.960021972656
1886.22549146246	780.440002441406
1888.61282828495	780.760009765625
1890.99943567534	781.039978027344
1893.38531394477	780.200012207031
1895.77046340424	780.840026855469
1898.15488436455	780.880004882813
1900.53857713634	780.679992675781
1902.92154203006	780.719970703125
1905.303779356	780.320007324219
1907.68528942426	780.760009765625
1910.06607254477	781.440002441406
1912.44612902729	780.559997558594
1914.82545918139	780.719970703125
1917.20406331648	780.799987792969
1919.58194174178	780.880004882813
1921.95909476634	780.919982910156
1924.33552269905	781.440002441406
1926.71122584861	781.200012207031
1929.08620452353	781.239990234375
1931.46045903219	781.559997558594
1933.83398968275	780.599975585938
1936.20679678322	781
1938.57888064142	780.760009765625
1940.95024156502	781.52001953125
1943.3208798615	781.119995117188
1945.69079583816	781
1948.05998980213	781.440002441406
1950.42846206038	781.440002441406
1952.79621291969	780.599975585938
1955.16324268668	781
1957.52955166778	780.559997558594
1959.89514016927	780.880004882813
1962.26000849723	780.640014648438
1964.62415695759	781.200012207031
1966.98758585609	781.599975585938
1969.3502954983	781.080017089844
1971.71228618964	781.039978027344
1974.07355823532	780.640014648438
1976.43411194042	780.799987792969
1978.79394760981	781.320007324219
1981.1530655482	780.799987792969
1983.51146606014	781.159973144531
1985.86914944999	780.960021972656
1988.22611602196	780.679992675781
1990.58236608007	781.320007324219
1992.93789992817	780.840026855469
1995.29271786995	781.239990234375
1997.64682020892	780.799987792969
2000.00020724843	781.440002441406
2002.35287929162	780.840026855469
2004.70483664152	781.320007324219
2007.05607960095	781.200012207031
2009.40660847256	781.119995117188
2011.75642355884	781.47998046875
2014.1055251621	781.159973144531
2016.4539135845	780.840026855469
2018.80158912802	781.400024414063
2021.14855209444	781.679992675781
2023.49480278542	781.359985351563
2025.84034150242	780.52001953125
2028.18516854673	781.320007324219
2030.52928421948	780.719970703125
2032.87268882163	781.200012207031
2035.21538265398	781.119995117188
2037.55736601713	781.239990234375
2039.89863921153	781
2042.23920253747	781.200012207031
2044.57905629506	781.280029296875
2046.91820078425	781.359985351563
2049.2566363048	781.080017089844
2051.59436315633	781.799987792969
2053.93138163827	781.039978027344
2056.2676920499	781.52001953125
2058.6032946903	781.359985351563
2060.93818985843	781.47998046875
2063.27237785303	781.440002441406
2065.60585897272	781.760009765625
2067.93863351592	781.559997558594
2070.27070178089	781.599975585938
2072.60206406574	781.320007324219
2074.93272066838	781.840026855469
2077.26267188658	781.359985351563
2079.59191801793	781.679992675781
2081.92045935985	781.440002441406
2084.24829620962	781.039978027344
2086.57542886431	781.359985351563
2088.90185762087	781.599975585938
2091.22758277604	781.559997558594
2093.55260462643	781.760009765625
2095.87692346845	781.159973144531
2098.20053959837	781.559997558594
2100.52345331229	781.159973144531
2102.84566490614	781.919982910156
2105.16717467567	781.640014648438
2107.48798291649	781.080017089844
2109.80808992403	781.359985351563
2112.12749599355	781.640014648438
2114.44620142016	781.400024414063
2116.7642064988	781.799987792969
2119.08151152423	780.840026855469
2121.39811679106	781.880004882813
2123.71402259374	781.200012207031
2126.02922922653	781.320007324219
2128.34373698356	781.400024414063
2130.65754615876	782.080017089844
2132.97065704594	781.239990234375
2135.28306993869	781.760009765625
2137.59478513047	780.880004882813
2139.90580291459	781.359985351563
2142.21612358416	781.52001953125
2144.52574743214	781.559997558594
2146.83467475134	781.840026855469
2149.1429058344	781.679992675781
2151.45044097377	781.359985351563
2153.75728046178	781.239990234375
2156.06342459057	781.719970703125
2158.36887365212	781.840026855469
2160.67362793825	781.47998046875
2162.97768774061	782.119995117188
2165.28105335071	782.280029296875
2167.58372505987	782.320007324219
2169.88570315926	781.919982910156
2172.18698793988	781.200012207031
2174.48757969258	780.840026855469
2176.78747870805	780.960021972656
2179.08668527679	781.640014648438
2181.38519968917	781.880004882813
2183.68302223538	782.039978027344
2185.98015320547	781.400024414063
2188.27659288929	781.679992675781
2190.57234157656	781.080017089844
2192.86739955682	781.119995117188
2195.16176711948	781.440002441406
2197.45544455375	781.200012207031
2199.74843214869	781.119995117188
2202.04073019322	781.359985351563
2204.33233897607	781.159973144531
2206.62325878583	781.200012207031
2208.91348991093	780.919982910156
2211.20303263961	781.320007324219
2213.49188726	781.679992675781
2215.78005406001	780.719970703125
2218.06753332744	781.359985351563
2220.35432534991	781
2222.64043041487	780.960021972656
2224.92584880964	780.799987792969
2227.21058082134	781.320007324219
2229.49462673696	781.039978027344
2231.77798684332	780.559997558594
2234.06066142709	780.880004882813
2236.34265077477	781
2238.62395517269	781.039978027344
2240.90457490706	780.960021972656
2243.18451026388	781.52001953125
2245.46376152904	781.200012207031
2247.74232898823	780.880004882813
2250.02021292701	780.919982910156
2252.29741363077	781.239990234375
2254.57393138475	780.440002441406
2256.849766474	780.919982910156
2259.12491918346	780.440002441406
2261.39938979788	780.919982910156
2263.67317860185	780.960021972656
2265.94628587983	780.840026855469
2268.2187119161	781.280029296875
2270.49045699478	780.52001953125
2272.76152139985	780.880004882813
2275.03190541511	781.280029296875
2277.30160932421	780.679992675781
2279.57063341067	780.400024414063
2281.83897795781	780.719970703125
2284.10664324882	781.200012207031
2286.37362956672	780.760009765625
2288.63993719439	780.719970703125
2290.90556641454	781.119995117188
2293.17051750973	780.960021972656
2295.43479076235	780.640014648438
2297.69838645465	780.880004882813
2299.96130486871	780.919982910156
2302.22354628647	780.760009765625
2304.48511098971	780.919982910156
2306.74599926003	780.280029296875
2309.00621137891	781
2311.26574762765	780.799987792969
2313.52460828741	780.760009765625
2315.78279363917	780.840026855469
2318.04030396379	780.679992675781
2320.29713954195	780.559997558594
2322.55330065418	780.52001953125
2324.80878758085	780.440002441406
2327.06360060219	780.880004882813
2329.31773999826	780.47998046875
2331.57120604897	780.679992675781
2333.82399903409	781.239990234375
2336.0761192332	780.640014648438
2338.32756692577	780.679992675781
2340.57834239108	780.320007324219
2342.82844590827	780.359985351563
2345.07787775633	780.359985351563
2347.32663821409	780.119995117188
2349.57472756023	780.599975585938
2351.82214607327	780.880004882813
2354.06889403158	780.440002441406
2356.31497171337	780.840026855469
2358.56037939672	780.679992675781
2360.80511735953	780.080017089844
2363.04918587955	780.719970703125
2365.29258523439	780.760009765625
2367.5353157015	780.599975585938
2369.77737755817	780.52001953125
2372.01877108156	780.559997558594
2374.25949654865	780.359985351563
2376.49955423629	780.119995117188
2378.73894442115	780.400024414063
2380.97766737977	780.919982910156
2383.21572338855	780.52001953125
2385.45311272369	780.640014648438
2387.68983566129	780.320007324219
2389.92589247727	780.640014648438
2392.1612834474	780.280029296875
2394.39600884731	780.760009765625
2396.63006895246	780
2398.86346403818	780.159973144531
2401.09619437962	780.880004882813
2403.32826025182	780
2405.55966192963	780.080017089844
2407.79039968777	780.52001953125
2410.0204738008	780.880004882813
2412.24988454313	780.880004882813
2414.47863218902	780.52001953125
2416.70671701258	780.119995117188
2418.93413928778	780.679992675781
2421.16089928842	780.320007324219
2423.38699728817	780.52001953125
2425.61243356052	780.719970703125
2427.83720837884	780.880004882813
2430.06132201633	780.320007324219
2432.28477474606	779.880004882813
2434.50756684093	780.47998046875
2436.72969857371	780.799987792969
2438.95117021699	780.359985351563
2441.17198204325	780.719970703125
2443.39213432478	780.440002441406
2445.61162733376	780.599975585938
2447.83046134218	780.559997558594
2450.04863662192	780.239990234375
2452.26615344468	780.200012207031
2454.48301208203	780.47998046875
2456.69921280539	780.039978027344
2458.91475588602	780.400024414063
2461.12964159504	780.52001953125
2463.34387020342	780.52001953125
2465.55744198198	780.599975585938
2467.77035720139	780.440002441406
2469.98261613217	780.440002441406
2472.1942190447	780.760009765625
2474.40516620922	781.119995117188
2476.6154578958	780.47998046875
2478.82509437436	780.159973144531
2481.03407591471	780.359985351563
2483.24240278646	780.239990234375
2485.45007525911	781.280029296875
2487.65709360202	780.679992675781
2489.86345808435	780.640014648438
2492.06916897518	780.359985351563
2494.27422654339	780
2496.47863105774	779.960021972656
2498.68238278683	780.799987792969
2500.88548199912	780.440002441406
2503.08792896294	780.440002441406
2505.28972394643	780.039978027344
2507.49086721763	780.47998046875
2509.6913590444	780.599975585938
2511.89119969447	780.440002441406
2514.09038943543	779.799987792969
2516.2889285347	780.52001953125
2518.48681725957	780.640014648438
2520.6840558772	780.400024414063
2522.88064465456	780.52001953125
2525.07658385852	780.559997558594
2527.27187375578	780.080017089844
2529.4665146129	780
2531.66050669629	780.919982910156
2533.85385027222	780.919982910156
2536.04654560681	780.440002441406
2538.23859296605	780.640014648438
2540.42999261577	780.47998046875
2542.62074482166	780.799987792969
2544.81084984925	780.320007324219
2547.00030796395	780.200012207031
2549.18911943101	780.640014648438
2551.37728451555	780.640014648438
2553.56480348252	780.599975585938
2555.75167659675	780.719970703125
2557.93790412292	780.719970703125
2560.12348632556	780.640014648438
2562.30842346905	780.400024414063
2564.49271581764	780.719970703125
2566.67636363544	780.919982910156
2568.85936718639	780.760009765625
2571.04172673431	780.880004882813
2573.22344254288	780.760009765625
2575.40451487562	780.799987792969
2577.58494399591	780.359985351563
2579.76473016699	780.159973144531
2581.94387365196	780.400024414063
2584.12237471377	780.640014648438
2586.30023361523	780.400024414063
2588.47745061901	780.239990234375
2590.65402598763	780.200012207031
2592.82995998348	780.840026855469
2595.0052528688	781.119995117188
2597.17990490568	780.47998046875
2599.35391635608	780.039978027344
2601.52728748181	780.559997558594
2603.70001854454	780.119995117188
2605.8721098058	780.840026855469
2608.04356152698	780.679992675781
2610.21437396931	780.52001953125
2612.3845473939	780.640014648438
2614.55408206173	780.760009765625
2616.72297823359	780.359985351563
2618.89123617017	781.039978027344
2621.058856132	780.760009765625
2623.22583837949	780.640014648438
2625.39218317288	780.760009765625
2627.55789077229	781.080017089844
2629.72296143769	780.559997558594
2631.88739542891	780.799987792969
2634.05119300563	780.679992675781
2636.21435442742	780.280029296875
2638.37687995367	781.080017089844
2640.53876984365	780.559997558594
2642.70002435649	781.280029296875
2644.86064375119	780.679992675781
2647.02062828658	780.919982910156
2649.17997822137	780.919982910156
2651.33869381413	780.52001953125
2653.49677532328	780.599975585938
2655.65422300711	780.880004882813
2657.81103712378	780.960021972656
2659.96721793127	781.200012207031
2662.12276568747	780.47998046875
2664.2776806501	780.880004882813
2666.43196307675	781
2668.58561322486	780.960021972656
2670.73863135176	780.559997558594
2672.8910177146	780.719970703125
2675.04277257043	781
2677.19389617612	781.239990234375
2679.34438878845	781
2681.49425066402	781
2683.64348205931	781.080017089844
2685.79208323065	781.280029296875
2687.94005443425	781.200012207031
2690.08739592617	781.039978027344
2692.23410796233	781.679992675781
2694.38019079852	780.840026855469
2696.52564469038	781.320007324219
2698.67046989342	781.119995117188
2700.81466666302	780.559997558594
2702.9582352544	781.359985351563
2705.10117592265	781.080017089844
2707.24348892275	781.679992675781
2709.3851745095	782
2711.5262329376	781.239990234375
2713.66666446158	781.719970703125
2715.80646933585	781.599975585938
2717.94564781468	781.960021972656
2720.08420015222	782.280029296875
2722.22212660245	782.080017089844
2724.35942741923	781.239990234375
2726.49610285628	781.640014648438
2728.63215316721	782.039978027344
2730.76757860544	782.039978027344
2732.9023794243	781.47998046875
2735.03655587697	781.320007324219
2737.17010821648	781.880004882813
2739.30303669573	781.400024414063
2741.4353415675	781.679992675781
2743.56702308442	781.840026855469
2745.69808149898	781.52001953125
2747.82851706355	782.280029296875
2749.95833003034	781.47998046875
2752.08752065145	781.599975585938
2754.21608917883	781.599975585938
2756.3440358643	781.559997558594
2758.47136095954	781.599975585938
2760.59806471609	781.679992675781
2762.72414738537	781.919982910156
2764.84960921865	782.039978027344
2766.97445046708	781.400024414063
2769.09867138166	781.840026855469
2771.22227221326	781.239990234375
2773.34525321263	781.719970703125
2775.46761463035	782.119995117188
2777.58935671691	781.880004882813
2779.71047972262	781.559997558594
2781.83098389771	781.880004882813
2783.95086949221	781.719970703125
2786.07013675607	782
2788.18878593908	782.559997558594
2790.3068172909	781.52001953125
2792.42423106106	781.760009765625
2794.54102749895	781.200012207031
2796.65720685384	781.799987792969
2798.77276937486	782
2800.88771531098	781.440002441406
2803.00204491107	781.719970703125
2805.11575842387	781.760009765625
2807.22885609796	781.799987792969
2809.34133818179	782.919982910156
2811.4532049237	781.799987792969
2813.56445657189	782.47998046875
2815.6750933744	782.559997558594
2817.78511557916	782.47998046875
2819.89452343398	782.719970703125
2822.00331718652	782.400024414063
2824.11149708429	783.599975585938
2826.2190633747	782.599975585938
2828.32601630502	782.52001953125
2830.43235612237	783.359985351563
2832.53808307375	783.719970703125
2834.64319740603	784.52001953125
2836.74769936595	784.799987792969
2838.85158920011	784.880004882813
2840.95486715497	785.280029296875
2843.05753347689	786.559997558594
2845.15958841206	787.080017089844
2847.26103220657	788.080017089844
2849.36186510636	788.760009765625
2851.46208735724	789.080017089844
2853.56169920488	788.960021972656
2855.66070089485	788.47998046875
2857.75909267257	790.440002441406
2859.85687478332	790.440002441406
2861.95404747225	792.280029296875
2864.05061098439	792.679992675781
2866.14656556464	793.159973144531
2868.24191145777	793.400024414063
2870.3366489084	793.559997558594
2872.43077816104	794.080017089844
2874.52429946006	795.559997558594
2876.61721304971	796.239990234375
2878.70951917409	796
2880.8012180772	795.799987792969
2882.89231000287	796.52001953125
2884.98279519483	796.880004882813
2887.07267389667	796.320007324219
2889.16194635186	795.799987792969
2891.25061280373	797.880004882813
2893.33867349546	797.640014648438
2895.42612867015	798.359985351563
2897.51297857074	797.840026855469
2899.59922344003	797.840026855469
2901.68486352071	798
2903.76989905533	799.960021972656
2905.85433028632	801.239990234375
2907.93815745598	801.840026855469
2910.02138080648	802.52001953125
2912.10400057985	801.919982910156
2914.186017018	802.320007324219
2916.26743036271	802.559997558594
2918.34824085563	802.880004882813
2920.4284487383	804.719970703125
2922.5080542521	804.159973144531
2924.58705763829	807.760009765625
2926.66545913802	807
2928.74325899231	806.200012207031
2930.82045744202	807.159973144531
2932.89705472792	807
2934.97305109062	808.52001953125
2937.04844677063	808.960021972656
2939.12324200832	807.359985351563
2941.19743704393	807.719970703125
2943.27103211757	806.760009765625
2945.34402746923	805.320007324219
2947.41642333876	803.960021972656
2949.48821996592	803.400024414063
2951.55941759028	802.440002441406
2953.63001645135	802.039978027344
2955.70001678845	802.159973144531
2957.76941884083	800.840026855469
2959.83822284757	802.119995117188
2961.90642904764	800.52001953125
2963.97403767988	800.200012207031
2966.04104898302	800.039978027344
2968.10746319565	799.359985351563
2970.17328055621	798.47998046875
2972.23850130305	797.719970703125
2974.30312567438	797.760009765625
2976.36715390829	798.080017089844
2978.43058624273	799.840026855469
2980.49342291553	796.599975585938
2982.55566416439	797
2984.61731022691	797.200012207031
2986.67836134051	796.960021972656
2988.73881774255	797.320007324219
2990.79867967021	795.760009765625
2992.85794736058	795.159973144531
2994.9166210506	794.280029296875
2996.97470097711	794.440002441406
2999.03218737679	793.760009765625
3001.08908048622	794.359985351563
3003.14538054186	794.080017089844
3005.20108778002	793.880004882813
3007.25620243691	794.280029296875
3009.3107247486	793.080017089844
3011.36465495104	793.679992675781
3013.41799328004	792.52001953125
3015.47073997133	793.039978027344
3017.52289526045	792
3019.57445938288	792.960021972656
3021.62543257393	793.039978027344
3023.6758150688	792.799987792969
3025.72560710258	792.840026855469
3027.77480891021	793.159973144531
3029.82342072652	793.47998046875
3031.87144278622	793.679992675781
3033.91887532389	793.960021972656
3035.96571857399	793.52001953125
3038.01197277084	793.919982910156
3040.05763814867	794.400024414063
3042.10271494154	793.679992675781
3044.14720338344	794.960021972656
3046.19110370818	796.359985351563
3048.2344161495	795.760009765625
3050.27714094097	795.359985351563
3052.31927831608	796.440002441406
3054.36082850816	797.119995117188
3056.40179175044	797.320007324219
3058.44216827602	796.599975585938
3060.48195831786	798.760009765625
3062.52116210884	797.760009765625
3064.55977988167	797.599975585938
3066.59781186897	798.200012207031
3068.63525830322	798.799987792969
3070.67211941678	800.559997558594
3072.7083954419	799.559997558594
3074.7440866107	799.400024414063
3076.77919315516	798.400024414063
3078.81371530716	799.919982910156
3080.84765329846	801.080017089844
3082.88100736068	799.840026855469
3084.91377772534	800.960021972656
3086.94596462381	802.119995117188
3088.97756828737	801.599975585938
3091.00858894714	801.679992675781
3093.03902683417	802.080017089844
3095.06888217933	802.280029296875
3097.09815521342	802.119995117188
3099.12684616709	803.960021972656
3101.15495527087	804.200012207031
3103.18248275518	804.52001953125
3105.20942885031	805.719970703125
3107.23579378642	806
3109.26157779358	805.080017089844
3111.28678110171	807
3113.31140394062	807.080017089844
3115.33544654	807.440002441406
3117.35890912942	809.359985351563
3119.38179193832	809.080017089844
3121.40409519602	809.559997558594
3123.42581913174	810.679992675781
3125.44696397457	810.440002441406
3127.46752995345	810.359985351563
3129.48751729725	812.960021972656
3131.50692623469	812.719970703125
3133.52575699436	811.559997558594
3135.54400980476	813.080017089844
3137.56168489425	813.919982910156
3139.57878249108	813.47998046875
3141.59530282337	814.960021972656
3143.61124611913	814.960021972656
3145.62661260624	813.799987792969
3147.64140251247	815.799987792969
3149.65561606547	815.320007324219
3151.66925349277	815.440002441406
3153.68231502177	817
3155.69480087977	817.47998046875
3157.70671129394	820.239990234375
3159.71804649132	821.159973144531
3161.72880669886	822.280029296875
3163.73899214336	820.760009765625
3165.74860305152	822.440002441406
3167.75763964991	820.47998046875
3169.766102165	822.640014648438
3171.77399082313	824.359985351563
3173.7813058505	822.039978027344
3175.78804747323	823.039978027344
3177.79421591731	824.119995117188
3179.79981140859	824.719970703125
3181.80483417282	822.47998046875
3183.80928443564	828.320007324219
3185.81316242255	825.919982910156
3187.81646835896	826.280029296875
3189.81920247013	827.880004882813
3191.82136498122	830.200012207031
3193.82295611727	832.960021972656
3195.82397610321	830.559997558594
3197.82442516385	829.919982910156
3199.82430352386	830.080017089844
3201.82361140782	834.320007324219
3203.82234904018	835.440002441406
3205.82051664529	833.239990234375
3207.81811444735	831.119995117188
3209.81514267047	833.280029296875
3211.81160153863	831.200012207031
3213.80749127571	831.119995117188
3215.80281210545	831.599975585938
3217.79756425148	834.679992675781
3219.79174793733	831.47998046875
3221.7853633864	831.47998046875
3223.77841082196	834.799987792969
3225.77089046719	835
3227.76280254513	836
3229.75414727873	835.760009765625
3231.74492489081	838.640014648438
3233.73513560406	836.47998046875
3235.72477964107	835.719970703125
3237.71385722431	837.679992675781
3239.70236857614	838.239990234375
3241.6903139188	835.52001953125
3243.6776934744	835.640014648438
3245.66450746496	835.719970703125
3247.65075611237	833.599975585938
3249.63643963841	832.47998046875
3251.62155826472	832.960021972656
3253.60611221287	833.320007324219
3255.59010170428	836.280029296875
3257.57352696026	839.760009765625
3259.55638820202	839.880004882813
3261.53868565064	837.880004882813
3263.52041952708	841.159973144531
3265.50159005221	839.320007324219
3267.48219744676	835
3269.46224193136	836.400024414063
3271.44172372651	839.559997558594
3273.42064305262	840.159973144531
3275.39900012996	838.440002441406
3277.3767951787	835.840026855469
3279.35402841889	834.440002441406
3281.33070007047	836.159973144531
3283.30681035326	837.640014648438
3285.28235948698	837.559997558594
3287.25734769121	835.760009765625
3289.23177518544	840.239990234375
3291.20564218903	838.640014648438
3293.17894892124	838.119995117188
3295.1516956012	836.359985351563
3297.12388244795	835.239990234375
3299.09550968039	835.640014648438
3301.06657751732	834.679992675781
3303.03708617743	838.280029296875
3305.00703587929	841.679992675781
3306.97642684135	841.320007324219
3308.94525928196	836.679992675781
3310.91353341935	836.080017089844
3312.88124947164	837.679992675781
3314.84840765683	834.760009765625
3316.81500819282	834.119995117188
3318.78105129738	834.960021972656
3320.74653718818	834.400024414063
3322.71146608278	832.400024414063
3324.67583819861	835.960021972656
3326.639653753	837
3328.60291296317	838.47998046875
3330.56561604621	838.440002441406
3332.52776321913	839.400024414063
3334.4893546988	837.799987792969
3336.45039070198	837.200012207031
3338.41087144533	834.359985351563
3340.37079714539	835.440002441406
3342.33016801859	830.799987792969
3344.28898428124	834.679992675781
3346.24724614955	837.320007324219
3348.20495383962	834.760009765625
3350.16210756742	833.919982910156
3352.11870754883	834.760009765625
3354.07475399961	833
3356.03024713539	833.440002441406
3357.98518717173	835.919982910156
3359.93957432403	839.679992675781
3361.89340880761	836.599975585938
3363.84669083768	835.799987792969
3365.79942062933	832.799987792969
3367.75159839753	834.359985351563
3369.70322435715	837.840026855469
3371.65429872295	837.840026855469
3373.60482170957	840.440002441406
3375.55479353155	842.799987792969
3377.50421440332	837.840026855469
3379.45308453918	837.359985351563
3381.40140415335	835.200012207031
3383.34917345991	836.280029296875
3385.29639267284	835.760009765625
3387.24306200602	837.880004882813
3389.18918167321	837.280029296875
3391.13475188806	839.640014648438
3393.07977286411	841.200012207031
3395.02424481479	843.559997558594
3396.96816795342	842.159973144531
3398.91154249322	838.640014648438
3400.85436864728	838.679992675781
3402.79664662859	837.400024414063
3404.73837665004	839
3406.67955892439	837.559997558594
3408.62019366432	837.159973144531
3410.56028108236	838.400024414063
3412.49982139096	841.799987792969
3414.43881480247	842.440002441406
3416.37726152909	844.559997558594
3418.31516178295	840.880004882813
3420.25251577605	839.640014648438
3422.18932372029	838.719970703125
3424.12558582746	839.919982910156
3426.06130230922	838.919982910156
3427.99647337717	840.880004882813
3429.93109924274	838.960021972656
3431.8651801173	836.559997558594
3433.79871621209	834.47998046875
3435.73170773824	837.719970703125
3437.66415490678	839.320007324219
3439.59605792862	834.200012207031
3441.52741701458	833.960021972656
3443.45823237536	834.919982910156
3445.38850422154	833.359985351563
3447.31823276362	838.080017089844
3449.24741821196	837.599975585938
3451.17606077684	836.960021972656
3453.10416066842	835.280029296875
3455.03171809674	835.599975585938
3456.95873327175	834.400024414063
3458.88520640329	833.760009765625
3460.81113770109	832.599975585938
3462.73652737477	830.559997558594
3464.66137563383	831.280029296875
3466.58568268769	832.599975585938
3468.50944874565	829.679992675781
3470.43267401689	829.919982910156
3472.3553587105	829.679992675781
3474.27750303545	826.47998046875
3476.19910720062	826.559997558594
3478.12017141476	830.080017089844
3480.04069588654	833.039978027344
3481.9606808245	832.47998046875
3483.88012643707	830.47998046875
3485.79903293259	825.47998046875
3487.7174005193	824.200012207031
3489.63522940532	823.919982910156
3491.55251979864	822.280029296875
3493.46927190719	822.320007324219
3495.38548593877	821.039978027344
3497.30116210107	823.039978027344
3499.21630060167	823.400024414063
3501.13090164807	821.559997558594
3503.04496544763	819.440002441406
3504.95849220763	820.159973144531
3506.87148213523	820.840026855469
3508.78393543748	819.599975585938
3510.69585232134	819.119995117188
3512.60723299365	819.080017089844
3514.51807766116	820
3516.42838653049	819
3518.33815980819	815.440002441406
3520.24739770066	815.47998046875
3522.15610041423	815.200012207031
3524.06426815511	813.719970703125
3525.9719011294	813.919982910156
3527.87899954311	818.039978027344
3529.78556360213	816.039978027344
3531.69159351225	814.119995117188
3533.59708947916	814.559997558594
3535.50205170844	815.200012207031
3537.40648040556	812.280029296875
3539.3103757759	810.840026855469
3541.21373802472	808.760009765625
3543.11656735717	809.080017089844
3545.01886397833	807.880004882813
3546.92062809313	809.640014648438
3548.82185990643	810.440002441406
3550.72255962297	808.159973144531
3552.62272744738	807.559997558594
3554.5223635842	808.599975585938
3556.42146823786	807.280029296875
3558.32004161268	806.880004882813
3560.21808391289	806.599975585938
3562.11559534259	806.159973144531
3564.01257610581	804.359985351563
3565.90902640645	804.52001953125
3567.80494644831	805.599975585938
3569.7003364351	804.679992675781
3571.59519657042	804.159973144531
3573.48952705774	802.559997558594
3575.38332810048	802.799987792969
3577.27659990191	806
3579.16934266521	802.679992675781
3581.06155659346	803.52001953125
3582.95324188965	802.47998046875
3584.84439875663	802.039978027344
3586.73502739718	800.200012207031
3588.62512801397	800.719970703125
3590.51470080955	800.919982910156
3592.40374598639	800.440002441406
3594.29226374685	800.320007324219
3596.18025429317	800.719970703125
3598.06771782751	799.440002441406
3599.95465455192	797.960021972656
3601.84106466834	798.719970703125
3603.72694837861	798.559997558594
3605.61230588447	798.119995117188
3607.49713738756	798.840026855469
3609.38144308942	798.919982910156
3611.26522319148	797.719970703125
3613.14847789506	796.719970703125
3615.0312074014	796.880004882813
3616.91341191162	795.880004882813
3618.79509162674	794.320007324219
3620.67624674769	794.599975585938
3622.55687747528	794.359985351563
3624.43698401024	795.760009765625
3626.31656655317	795.239990234375
3628.1956253046	795.440002441406
3630.07416046492	794.640014648438
3631.95217223446	793.719970703125
3633.82966081342	792.599975585938
3635.70662640191	793.039978027344
3637.58306919993	793.119995117188
3639.45898940739	792.559997558594
3641.33438722409	791.919982910156
3643.20926284973	791.760009765625
3645.08361648392	791.119995117188
3646.95744832614	791.880004882813
3648.8307585758	790.400024414063
3650.7035474322	790.400024414063
3652.57581509452	789.960021972656
3654.44756176188	790
3656.31878763324	789
3658.18949290753	788.440002441406
3660.05967778352	788.640014648438
3661.9293424599	788.159973144531
3663.79848713527	788.320007324219
3665.66711200812	788.880004882813
3667.53521727684	787.559997558594
3669.40280313972	786.840026855469
3671.26986979494	786.119995117188
3673.13641744059	786.52001953125
3675.00244627468	786.159973144531
