-140.373595351881	778.880004882813
-137.335129063906	778.919982910156
-134.297686810867	779.039978027344
-131.261268103955	778.880004882813
-128.225872454677	779
-125.191499374839	779.039978027344
-122.158148376567	778.719970703125
-119.125818972292	779.039978027344
-116.094510674759	779
-113.064222997021	778.719970703125
-110.034955452443	778.679992675781
-107.006707554687	778.52001953125
-103.979478817741	778.719970703125
-100.95326875589	779
-97.928076883731	778.960021972656
-94.9039027161698	778.679992675781
-91.8807457684175	778.52001953125
-88.8586055560018	778.840026855469
-85.8374815947384	778.760009765625
-82.8173734007715	779
-79.7982804905411	779.200012207031
-76.7802023807988	778.919982910156
-73.7631385885914	778.760009765625
-70.7470886312892	778.760009765625
-67.732052026553	778.960021972656
-64.7180282923587	779.080017089844
-61.7050169469884	779.080017089844
-58.6930175090183	779.320007324219
-55.6820294973386	778.880004882813
-52.6720524311495	779.159973144531
-49.66308582994	778.799987792969
-46.6551292135171	778.440002441406
-43.6481821019882	779.119995117188
-40.6422440157577	779.159973144531
-37.6373144755424	778.840026855469
-34.6333930023594	778.880004882813
-31.630479117526	779.039978027344
-28.6285723426709	779.159973144531
-25.6276721997107	778.799987792969
-22.6277782108771	779.080017089844
-19.628889898701	779.119995117188
-16.6310067860081	779.679992675781
-13.6341283959385	781.880004882813
-10.6382542519231	796.359985351563
-7.64338387769432	835.159973144531
-4.64951679729502	850.640014648438
-1.65665253506141	833.080017089844
1.33520938438089	796.320007324219
4.32606943608095	780.760009765625
7.315928094803	779.400024414063
10.3047858350146	779.080017089844
13.2926431308747	779
16.2795004562541	778.760009765625
19.2653582847118	778.960021972656
22.2502170895187	779.159973144531
25.2340773436344	778.760009765625
28.216939519735	778.760009765625
31.1988040901939	778.919982910156
34.1796715270814	778.840026855469
37.1595423021732	778.47998046875
40.1384168869468	778.559997558594
43.1162957525854	778.47998046875
46.0931793699786	778.719970703125
49.0690682097059	778.799987792969
52.0439627420619	778.559997558594
55.0178634370476	778.960021972656
57.9907707643592	778.559997558594
60.9626851933962	778.799987792969
63.9336071932735	778.359985351563
66.9035372328018	778.840026855469
69.8724757804959	778.559997558594
72.8404233045826	778.799987792969
75.8073802729932	779.320007324219
78.7733471533597	778.719970703125
81.738324413019	778.760009765625
84.702312519025	778.960021972656
87.665311938125	778.960021972656
90.6273231367761	778.719970703125
93.5883465811569	778.679992675781
96.5483827371242	778.799987792969
99.5074320702731	778.47998046875
102.465495045889	778.640014648438
105.422572128961	778.919982910156
108.378663784199	779.320007324219
111.333770476014	779.119995117188
114.287892668528	779
117.24103082557	779.039978027344
120.193185410674	779.52001953125
123.144356887097	779.320007324219
126.094545717786	779.359985351563
129.043752365413	780.119995117188
131.991977292355	780.200012207031
134.939220960695	780.159973144531
137.885483832232	781
140.83076636847	781.039978027344
143.775069030632	781.400024414063
146.718392279644	782.080017089844
149.660736576149	782.47998046875
152.602102380488	783
155.54249015274	784.080017089844
158.481900352672	784.599975585938
161.420333439765	784.719970703125
164.357789873227	786
167.294270111968	785.760009765625
170.229774614617	786.080017089844
173.164303839496	787.119995117188
176.097858244675	787.679992675781
179.030438287908	788.719970703125
181.962044426678	789.719970703125
184.89267711817	790.359985351563
187.822336819302	790.840026855469
190.751023986678	790.679992675781
193.678739076648	790.440002441406
196.605482545255	791.559997558594
199.531254848261	792.119995117188
202.456056441152	791.719970703125
205.379887779119	791.440002441406
208.30274931708	791.880004882813
211.224641509656	792.119995117188
214.145564811189	791.400024414063
217.06551967574	791.679992675781
219.984506557089	790.960021972656
222.902525908723	790.400024414063
225.819578183856	790.960021972656
228.735663835415	790.400024414063
231.650783316047	791.559997558594
234.564937078107	791.559997558594
237.478125573679	791.039978027344
240.390349254566	791
243.301608572278	792.239990234375
246.211903978051	792.200012207031
249.121235922839	792.239990234375
252.029604857321	791.960021972656
254.93701123188	793.559997558594
257.843455496632	794.239990234375
260.748938101415	793.919982910156
263.653459495766	794.559997558594
266.557020128967	795.440002441406
269.459620450005	795.200012207031
272.361260907595	795.47998046875
275.261941950168	795.080017089844
278.161664025874	795.320007324219
281.060427582592	795.200012207031
283.958233067921	795.679992675781
286.855080929176	795.679992675781
289.750971613398	794.960021972656
292.645905567344	795.239990234375
295.539883237503	794.960021972656
298.432905070079	795.320007324219
301.324971511007	796.440002441406
304.216083005931	798.159973144531
307.10624000023	802.640014648438
309.995442939003	810.239990234375
312.883692267071	823.440002441406
315.770988428979	842.119995117188
318.657331869	856.599975585938
321.542723031127	850.47998046875
324.427162359076	835.679992675781
327.310650296293	816.960021972656
330.193187285945	809.159973144531
333.074773770929	802.960021972656
335.955410193855	798.919982910156
338.835096997075	796.679992675781
341.713834622655	794.359985351563
344.59162351239	793.400024414063
347.468464107802	794.080017089844
350.344356850137	793.559997558594
353.219302180373	791.760009765625
356.093300539208	792.719970703125
358.966352367073	792.760009765625
361.838458104123	791.599975585938
364.70961819024	791.799987792969
367.579833065031	791.400024414063
370.449103167837	791.47998046875
373.317428937727	791.679992675781
376.184810813496	791.440002441406
379.051249233659	792.239990234375
381.916744636474	792.080017089844
384.78129745992	790.760009765625
387.644908141706	790.919982910156
390.50757711927	791.440002441406
393.36930482978	791.960021972656
396.23009171014	790.799987792969
399.089938196969	791
401.948844726631	790.960021972656
404.806811735214	791.47998046875
407.66383965853	790.719970703125
410.519928932138	791.440002441406
413.375079991314	791.200012207031
416.229293271071	791.47998046875
419.082569206155	790.799987792969
421.934908231031	790.239990234375
424.786310779917	790.640014648438
427.636777286748	791.159973144531
430.486308185189	791.440002441406
433.334903908649	791.599975585938
436.182564890262	790.280029296875
439.029291562898	790.760009765625
441.875084359157	791.760009765625
444.719943711374	790.47998046875
447.563870051618	790
450.406863811695	790.679992675781
453.248925423132	791.400024414063
456.090055317208	791.400024414063
458.93025392492	790.200012207031
461.76952167701	790.599975585938
464.60785900395	790.880004882813
467.44526633595	790.599975585938
470.281744102955	789.919982910156
473.117292734635	790.799987792969
475.951912660415	790.47998046875
478.785604309439	790.559997558594
481.618368110592	790.52001953125
484.450204492499	790.080017089844
487.281113883518	790.760009765625
490.111096711738	790.400024414063
492.940153404999	790.599975585938
495.768284390864	789.400024414063
498.595490096635	790.080017089844
501.421770949366	790.280029296875
504.247127375825	790.799987792969
507.071559802537	789.960021972656
509.89506865575	790.47998046875
512.717654361473	790.359985351563
515.539317345424	790.359985351563
518.360058033083	791.119995117188
521.179876849652	790.719970703125
523.998774220083	790.559997558594
526.816750569068	790.760009765625
529.633806321025	789.640014648438
532.44994190013	789.960021972656
535.265157730284	789.880004882813
538.079454235133	790.400024414063
540.892831838066	790.679992675781
543.705290962208	790.440002441406
546.516832030424	790.799987792969
549.32745546533	789.679992675781
552.137161689268	790.719970703125
554.945951124325	789.640014648438
557.753824192341	790
560.560781314883	790.080017089844
563.36682291327	790.239990234375
566.171949408555	790.119995117188
568.976161221537	790.039978027344
571.779458772759	789.47998046875
574.5818424825	789.919982910156
577.383312770792	789.400024414063
580.183870057402	789.599975585938
582.983514761843	789.320007324219
585.782247303363	789.320007324219
588.580068100976	789.080017089844
591.376977573414	789.47998046875
594.172976139164	789.239990234375
596.968064216463	789.960021972656
599.762242223282	789.280029296875
602.555510577335	788.52001953125
605.347869696099	788.559997558594
608.139319996771	788.880004882813
610.929861896313	788.840026855469
613.719495811421	788.880004882813
616.508222158541	790.080017089844
619.296041353863	789.239990234375
622.082953813324	789.400024414063
624.868959952607	789.239990234375
627.654060187137	788.679992675781
630.438254932094	788.440002441406
633.221544602397	787.919982910156
636.003929612719	788.200012207031
638.785410377468	788.200012207031
641.565987310814	788.559997558594
644.345660826665	788.919982910156
647.124431338674	788.919982910156
649.902299260252	788.840026855469
652.679265004552	789.599975585938
655.455328984475	789.119995117188
658.230491612671	789.400024414063
661.004753301541	788.960021972656
663.778114463229	788.200012207031
666.550575509631	788.960021972656
669.322136852395	789.599975585938
672.092798902916	789.280029296875
674.862562072336	789.559997558594
677.631426771548	789.159973144531
680.399393411204	789.359985351563
683.166462401689	788.799987792969
685.93263415315	789.320007324219
688.697909075486	788.960021972656
691.462287578337	789
694.225770071098	788.159973144531
696.988356962926	788.119995117188
699.750048662705	788.320007324219
702.5108455791	788.799987792969
705.270748120503	788.799987792969
708.029756695068	788.840026855469
710.787871710705	788.919982910156
713.545093575065	789.239990234375
716.301422695566	788.52001953125
719.056859479364	788.679992675781
721.811404333376	789.080017089844
724.56505766427	789
727.317819878473	788.239990234375
730.069691382148	788.400024414063
732.820672581226	788.760009765625
735.570763881396	788.599975585938
738.319965688092	789.039978027344
741.068278406496	788.960021972656
743.815702441559	789.320007324219
746.562238197974	790.080017089844
749.307886080196	789.599975585938
752.052646492436	789.359985351563
754.796519838656	789.52001953125
757.539506522567	790.200012207031
760.28160694765	789.719970703125
763.022821517128	789.679992675781
765.76315063399	788.880004882813
768.502594700972	789.880004882813
771.241154120572	789.239990234375
773.978829295045	789.559997558594
776.715620626397	789.679992675781
779.451528516396	790.679992675781
782.186553366565	791
784.920695578179	790.239990234375
787.653955552283	790.119995117188
790.386333689662	788.880004882813
793.117830390877	789.280029296875
795.848446056227	788.880004882813
798.578181085792	788.400024414063
801.307035879389	789.200012207031
804.035010836599	789.159973144531
806.762106356774	788.960021972656
809.488322839013	788.840026855469
812.213660682169	789.119995117188
814.938120284866	788.919982910156
817.661702045482	788.320007324219
820.384406362153	788.559997558594
823.10623363278	788.679992675781
825.827184255014	789.359985351563
828.547258626283	788.47998046875
831.266457143747	789.440002441406
833.984780204358	788.679992675781
836.702228204804	788.200012207031
839.418801541552	788.919982910156
842.134500610814	789.599975585938
844.849325808575	788.919982910156
847.563277530579	789.119995117188
850.276356172319	789.280029296875
852.988562129066	789.359985351563
855.69989579585	789.52001953125
858.410357567456	789.719970703125
861.119947838428	789.320007324219
863.828667003087	788.640014648438
866.536515455503	787
869.243493589517	787.919982910156
871.949601798728	787.440002441406
874.654840476504	787.840026855469
877.359210015961	788.119995117188
880.062710810003	789.119995117188
882.765343251273	789
885.467107732191	788.440002441406
888.168004644938	787.880004882813
890.868034381467	788.280029296875
893.567197333476	788.880004882813
896.265493892445	788.440002441406
898.962924449614	788.239990234375
901.659489395985	788.719970703125
904.355189122325	788.200012207031
907.050024019165	788.119995117188
909.743994476809	788.200012207031
912.437100885322	788.320007324219
915.129343634532	787.840026855469
917.820723114032	788.400024414063
920.511239713189	788.320007324219
923.200893821127	788.47998046875
925.889685826744	788.599975585938
928.577616118699	789.239990234375
931.264685085419	789.400024414063
933.950893115098	789.239990234375
936.6362405957	788.47998046875
939.320727914956	788.679992675781
942.004355460359	789.239990234375
944.687123619173	789.080017089844
947.369032778431	789
950.050083324934	788.400024414063
952.730275645247	789.400024414063
955.409610125711	788.359985351563
958.088087152423	788.960021972656
960.765707111263	789.359985351563
963.442470387871	788.719970703125
966.118377367657	788.719970703125
968.793428435798	788.640014648438
971.467623977254	788.559997558594
974.140964376739	789
976.813450018737	788.52001953125
979.485081287511	788.599975585938
982.155858567087	788.599975585938
984.825782241271	788.880004882813
987.494852693624	788.799987792969
990.163070307487	788.52001953125
992.830435465978	788.760009765625
995.496948551973	789
998.162609948122	789.359985351563
1000.82742003685	790.760009765625
1003.49137920036	792.200012207031
1006.15448782061	790.559997558594
1008.81674627934	788.719970703125
1011.47815495806	787.599975585938
1014.13871423805	787.960021972656
1016.79842450037	787.559997558594
1019.45728612586	787.640014648438
1022.11529949509	787.760009765625
1024.77246498846	788.559997558594
1027.4287829861	787.960021972656
1030.08425386792	788.359985351563
1032.73887801363	787.919982910156
1035.3926558027	788.119995117188
1038.04558761435	788.440002441406
1040.69767382761	788.359985351563
1043.34891482125	787.880004882813
1045.99931097384	788
1048.64886266371	787.679992675781
1051.29757026898	787.359985351563
1053.94543416753	788.119995117188
1056.59245473701	788.359985351563
1059.23863235486	787.799987792969
1061.8839673983	787.840026855469
1064.5284602443	788.52001953125
1067.17211126962	788.159973144531
1069.8149208508	787.840026855469
1072.45688936415	788.559997558594
1075.09801718577	788.200012207031
1077.7383046915	788.440002441406
1080.377752257	788.440002441406
1083.01636025767	788.760009765625
1085.65412906872	788.719970703125
1088.2910590651	789.359985351563
1090.92715062157	789.280029296875
1093.56240411266	789.359985351563
1096.19681991265	788.960021972656
1098.83039839564	789.159973144531
1101.46313993547	789.239990234375
1104.09504490579	788.559997558594
1106.72611368	788.559997558594
1109.35634663129	787.840026855469
1111.98574413263	788.200012207031
1114.61430655677	786.960021972656
1117.24203427624	788.400024414063
1119.86892766333	788.359985351563
1122.49498709014	788.200012207031
1125.12021292851	787.239990234375
1127.74460555011	787.840026855469
1130.36816532634	787.559997558594
1132.99089262841	787.52001953125
1135.6127878273	786.119995117188
1138.23385129376	786.919982910156
1140.85408339834	785.880004882813
1143.47348451137	785.47998046875
1146.09205500294	786.039978027344
1148.70979524293	785.359985351563
1151.326705601	786.799987792969
1153.9427864466	786.119995117188
1156.55803814896	785.960021972656
1159.17246107707	786.239990234375
1161.78605559974	786.960021972656
1164.39882208551	786.280029296875
1167.01076090276	786.559997558594
1169.6218724196	786.640014648438
1172.23215700396	787.359985351563
1174.84161502352	787.159973144531
1177.45024684578	786.919982910156
1180.05805283799	787.880004882813
1182.66503336719	787.679992675781
1185.27118880021	787.52001953125
1187.87651950367	786.52001953125
1190.48102584395	787.080017089844
1193.08470818723	785.960021972656
1195.68756689948	786.280029296875
1198.28960234643	787.599975585938
1200.89081489363	787.960021972656
1203.49120490636	788.719970703125
1206.09077274974	788.559997558594
1208.68951878864	788.679992675781
1211.28744338773	788.200012207031
1213.88454691145	789.080017089844
1216.48082972404	788.52001953125
1219.07629218953	788.919982910156
1221.6709346717	789.080017089844
1224.26475753416	788.320007324219
1226.85776114028	789.440002441406
1229.44994585322	789.47998046875
1232.04131203592	789.52001953125
1234.63186005112	790.400024414063
1237.22159026133	791.159973144531
1239.81050302886	790.760009765625
1242.3985987158	792.159973144531
1244.98587768402	791.200012207031
1247.5723402952	791.47998046875
1250.15798691078	791.200012207031
1252.74281789199	790.919982910156
1255.32683359987	790.840026855469
1257.91003439523	791.840026855469
1260.49242063865	791.719970703125
1263.07399269055	790.559997558594
1265.65475091108	790.760009765625
1268.23469566021	790.080017089844
1270.81382729769	789.799987792969
1273.39214618306	790
1275.96965267566	789.840026855469
1278.54634713458	789.880004882813
1281.12222991875	789.52001953125
1283.69730138685	789.840026855469
1286.27156189737	789.440002441406
1288.84501180858	790
1291.41765147853	790.039978027344
1293.98948126509	791.200012207031
1296.56050152589	790.640014648438
1299.13071261837	790.799987792969
1301.70011489973	791.320007324219
1304.268708727	791.320007324219
1306.83649445698	792.039978027344
1309.40347244625	790.599975585938
1311.96964305119	791.640014648438
1314.53500662799	791.880004882813
1317.0995635326	791.960021972656
1319.66331412077	791.599975585938
1322.22625874806	791.719970703125
1324.7883977698	790.599975585938
1327.34973154112	790.799987792969
1329.91026041694	790.719970703125
1332.46998475197	790.559997558594
1335.0289049007	791.679992675781
1337.58702121746	791.47998046875
1340.14433405631	790.799987792969
1342.70084377115	791.559997558594
1345.25655071563	790.239990234375
1347.81145524323	789.52001953125
1350.36555770721	789.599975585938
1352.91885846062	788.47998046875
1355.47135785631	788.359985351563
1358.02305624691	788.760009765625
1360.57395398486	788.119995117188
1363.12405142237	787.679992675781
1365.67334891148	787.359985351563
1368.22184680399	787.119995117188
1370.76954545151	787.239990234375
1373.31644520545	787.200012207031
1375.86254641699	787.320007324219
1378.40784943713	787.280029296875
1380.95235461666	787.239990234375
1383.49606230615	787.640014648438
1386.03897285598	786.719970703125
1388.58108661632	787.760009765625
1391.12240393713	786.640014648438
1393.66292516818	787.119995117188
1396.20265065903	787.080017089844
1398.74158075901	787.159973144531
1401.2797158173	786.960021972656
1403.81705618282	788.440002441406
1406.35360220431	787.760009765625
1408.88935423032	786.880004882813
1411.42431260919	786.960021972656
1413.95847768903	786.960021972656
1416.49184981777	786.47998046875
1419.02442934314	787.239990234375
1421.55621661266	788.200012207031
1424.08721197364	787.960021972656
1426.61741577321	787.559997558594
1429.14682835828	787.400024414063
1431.67545007555	789.359985351563
1434.20328127153	788.52001953125
1436.73032229253	789.799987792969
1439.25657348466	790.320007324219
1441.78203519381	791
1444.3067077657	792.200012207031
1446.83059154581	791.400024414063
1449.35368687944	791.960021972656
1451.8759941117	792.280029296875
1454.39751358748	791.400024414063
1456.91824565148	791.159973144531
1459.43819064818	791.280029296875
1461.95734892189	790.080017089844
1464.4757208167	790.159973144531
1466.99330667649	789.52001953125
1469.51010684497	788.880004882813
1472.02612166564	788.080017089844
1474.54135148177	788.239990234375
1477.05579663646	788.47998046875
1479.56945747262	787.840026855469
1482.08233433293	787.200012207031
1484.59442755989	787.159973144531
1487.10573749579	786.919982910156
1489.61626448275	786.52001953125
1492.12600886264	786
1494.63497097718	785.119995117188
1497.14315116786	785
1499.65054977599	784.440002441406
1502.15716714267	784.400024414063
1504.66300360881	783.880004882813
1507.16805951512	784.559997558594
1509.67233520211	784.52001953125
1512.1758310101	784.799987792969
1514.67854727919	784.52001953125
1517.18048434931	784.400024414063
1519.68164256018	783.960021972656
1522.18202225132	783.880004882813
1524.68162376207	784.039978027344
1527.18044743155	784.239990234375
1529.67849359869	783.840026855469
1532.17576260224	784
1534.67225478072	784.440002441406
1537.1679704725	784.760009765625
1539.66291001572	784.280029296875
1542.15707374832	784.559997558594
1544.65046200807	784.599975585938
1547.14307513254	785.239990234375
1549.63491345907	784.799987792969
1552.12597732485	785.280029296875
1554.61626706685	785.640014648438
1557.10578302185	785.440002441406
1559.59452552644	784.880004882813
1562.082494917	785.119995117188
1564.56969152973	785.880004882813
1567.05611570064	786.359985351563
1569.54176776552	787.039978027344
1572.02664806	787.440002441406
1574.51075691949	786.760009765625
1576.99409467921	786.080017089844
1579.4766616742	787.52001953125
1581.95845823929	787.359985351563
1584.43948470912	786.919982910156
1586.91974141815	787.159973144531
1589.39922870064	786.880004882813
1591.87794689064	787.239990234375
1594.35589632202	786.760009765625
1596.83307732848	786.840026855469
1599.30949024348	786.960021972656
1601.78513540033	787
1604.26001313211	788.47998046875
1606.73412377175	787.320007324219
1609.20746765196	788.679992675781
1611.68004510526	787.840026855469
1614.15185646398	788.799987792969
1616.62290206026	787.919982910156
1619.09318222605	788.359985351563
1621.56269729311	789
1624.031447593	788.47998046875
1626.4994334571	789.200012207031
1628.9666552166	789.280029296875
1631.43311320248	788.840026855469
1633.89880774554	790.200012207031
1636.3637391764	789.919982910156
1638.82790782548	789.640014648438
1641.29131402301	790.880004882813
1643.75395809903	790.640014648438
1646.21584038339	790.840026855469
1648.67696120575	791.559997558594
1651.13732089558	792.719970703125
1653.59691978216	792.440002441406
1656.05575819459	792.200012207031
1658.51383646175	792
1660.97115491238	791.719970703125
1663.42771387498	791.960021972656
1665.8835136779	792.760009765625
1668.33855464928	791.440002441406
1670.79283711708	790.640014648438
1673.24636140907	790.159973144531
1675.69912785282	789.960021972656
1678.15113677572	789.799987792969
1680.602388505	788.440002441406
1683.05288336764	788.47998046875
1685.50262169049	787.119995117188
1687.95160380019	786.52001953125
1690.39983002318	786.119995117188
1692.84730068573	785.400024414063
1695.29401611392	785.080017089844
1697.73997663364	784.760009765625
1700.18518257059	784.080017089844
1702.6296342503	784.47998046875
1705.07333199807	783.760009765625
1707.51627613907	783.119995117188
1709.95846699824	783.359985351563
1712.39990490036	783.239990234375
1714.84059017001	783.440002441406
1717.28052313159	782.799987792969
1719.7197041093	783.760009765625
1722.15813342718	783.119995117188
1724.59581140906	782.760009765625
1727.03273837859	782.47998046875
1729.46891465926	782.239990234375
1731.90434057432	782.320007324219
1734.3390164469	782.200012207031
1736.7729425999	781.960021972656
1739.20611935604	782.239990234375
1741.63854703787	782.039978027344
1744.07022596776	782.400024414063
1746.50115646787	782.119995117188
1748.93133886019	781.239990234375
1751.36077346652	781.719970703125
1753.7894606085	781.400024414063
1756.21740060755	781.52001953125
1758.64459378494	781.599975585938
1761.07104046172	781.440002441406
1763.49674095879	781.47998046875
1765.92169559684	781.200012207031
1768.3459046964	781.559997558594
1770.7693685778	780.640014648438
1773.1920875612	781.280029296875
1775.61406196656	780.760009765625
1778.03529211367	781.119995117188
1780.45577832214	781.080017089844
1782.87552091138	781.52001953125
1785.29452020064	781.679992675781
1787.71277650897	780.960021972656
1790.13029015525	780.960021972656
1792.54706145817	781.679992675781
1794.96309073625	780.599975585938
1797.3783783078	781.239990234375
1799.79292449097	781.239990234375
1802.20672960375	780.760009765625
1804.61979396389	781.359985351563
1807.03211788902	780.719970703125
1809.44370169655	780.679992675781
1811.85454570373	780.559997558594
1814.2646502276	781.039978027344
1816.67401558506	780.960021972656
1819.0826420928	780.799987792969
1821.49053006734	781
1823.89767982501	781.119995117188
1826.30409168198	780.880004882813
1828.70976595422	781.039978027344
1831.11470295753	780.599975585938
1833.51890300752	780.440002441406
1835.92236641964	780.840026855469
1838.32509350914	780.799987792969
1840.72708459111	781.080017089844
1843.12833998044	780.679992675781
1845.52885999184	780.760009765625
1847.92864493987	780.960021972656
1850.32769513889	780.52001953125
1852.72601090307	781
1855.12359254642	780.799987792969
1857.52044038278	781.039978027344
1859.91655472578	780.719970703125
1862.31193588889	780.960021972656
1864.70658418542	781.239990234375
1867.10049992847	780.880004882813
1869.49368343096	780.400024414063
1871.88613500568	780.47998046875
1874.27785496518	780.919982910156
1876.66884362188	781.119995117188
1879.059101288	781.039978027344
1881.44862827559	780.799987792969
1883.8374248965	781.159973144531
1886.22549146246	780.719970703125
1888.61282828495	781.039978027344
1890.99943567534	780.679992675781
1893.38531394477	780.359985351563
1895.77046340424	780.960021972656
1898.15488436455	780.400024414063
1900.53857713634	781.039978027344
1902.92154203006	779.960021972656
1905.303779356	780.559997558594
1907.68528942426	781
1910.06607254477	781.159973144531
1912.44612902729	780.960021972656
1914.82545918139	780.760009765625
1917.20406331648	781.119995117188
1919.58194174178	780.400024414063
1921.95909476634	781.080017089844
1924.33552269905	781.039978027344
1926.71122584861	780.880004882813
1929.08620452353	781.719970703125
1931.46045903219	781.559997558594
1933.83398968275	780.52001953125
1936.20679678322	780.640014648438
1938.57888064142	781.119995117188
1940.95024156502	781
1943.3208798615	780.840026855469
1945.69079583816	780.799987792969
1948.05998980213	780.799987792969
1950.42846206038	781.599975585938
1952.79621291969	780.880004882813
1955.16324268668	781.359985351563
1957.52955166778	781.200012207031
1959.89514016927	781.039978027344
1962.26000849723	780.840026855469
1964.62415695759	781.080017089844
1966.98758585609	781.080017089844
1969.3502954983	781.200012207031
1971.71228618964	780.760009765625
1974.07355823532	780.919982910156
1976.43411194042	781.159973144531
1978.79394760981	780.52001953125
1981.1530655482	780.599975585938
1983.51146606014	781.200012207031
1985.86914944999	781.280029296875
1988.22611602196	780.960021972656
1990.58236608007	781.559997558594
1992.93789992817	781.599975585938
1995.29271786995	781.080017089844
1997.64682020892	780.919982910156
2000.00020724843	781.47998046875
2002.35287929162	781.400024414063
2004.70483664152	781.159973144531
2007.05607960095	781.440002441406
2009.40660847256	781.280029296875
2011.75642355884	781.640014648438
2014.1055251621	781.080017089844
2016.4539135845	781.039978027344
2018.80158912802	781.080017089844
2021.14855209444	781.47998046875
2023.49480278542	781
2025.84034150242	780.640014648438
2028.18516854673	781.52001953125
2030.52928421948	781.719970703125
2032.87268882163	780.559997558594
2035.21538265398	781.239990234375
2037.55736601713	781.280029296875
2039.89863921153	781.599975585938
2042.23920253747	781.200012207031
2044.57905629506	781.320007324219
2046.91820078425	781.52001953125
2049.2566363048	781.359985351563
2051.59436315633	781.440002441406
2053.93138163827	781.320007324219
2056.2676920499	781.440002441406
2058.6032946903	781.640014648438
2060.93818985843	781.640014648438
2063.27237785303	781.200012207031
2065.60585897272	781.400024414063
2067.93863351592	781.799987792969
2070.27070178089	781.840026855469
2072.60206406574	781.359985351563
2074.93272066838	781.400024414063
2077.26267188658	781.52001953125
2079.59191801793	781.559997558594
2081.92045935985	781.280029296875
2084.24829620962	781.719970703125
2086.57542886431	781.760009765625
2088.90185762087	781.840026855469
2091.22758277604	781.159973144531
2093.55260462643	781.320007324219
2095.87692346845	781.599975585938
2098.20053959837	781.52001953125
2100.52345331229	781.599975585938
2102.84566490614	781.719970703125
2105.16717467567	781.599975585938
2107.48798291649	781.200012207031
2109.80808992403	781.440002441406
2112.12749599355	782.320007324219
2114.44620142016	781.400024414063
2116.7642064988	781.080017089844
2119.08151152423	781.400024414063
2121.39811679106	781.599975585938
2123.71402259374	781.359985351563
2126.02922922653	781.239990234375
2128.34373698356	781.679992675781
2130.65754615876	782.119995117188
2132.97065704594	781.640014648438
2135.28306993869	781.559997558594
2137.59478513047	781.200012207031
2139.90580291459	781.640014648438
2142.21612358416	781.52001953125
2144.52574743214	780.919982910156
2146.83467475134	781.200012207031
2149.1429058344	781.47998046875
2151.45044097377	782
2153.75728046178	781.880004882813
2156.06342459057	782
2158.36887365212	781.52001953125
2160.67362793825	781.760009765625
2162.97768774061	781.640014648438
2165.28105335071	781.47998046875
2167.58372505987	782.200012207031
2169.88570315926	781.599975585938
2172.18698793988	781.200012207031
2174.48757969258	781.320007324219
2176.78747870805	781.359985351563
2179.08668527679	781.320007324219
2181.38519968917	781.760009765625
2183.68302223538	781.280029296875
2185.98015320547	781.119995117188
2188.27659288929	781.760009765625
2190.57234157656	781.320007324219
2192.86739955682	781.640014648438
2195.16176711948	781.599975585938
2197.45544455375	781.119995117188
2199.74843214869	780.960021972656
2202.04073019322	781.440002441406
2204.33233897607	781.080017089844
2206.62325878583	781.640014648438
2208.91348991093	781.320007324219
2211.20303263961	781.159973144531
2213.49188726	781.52001953125
2215.78005406001	781.760009765625
2218.06753332744	781.320007324219
2220.35432534991	781.080017089844
2222.64043041487	780.679992675781
2224.92584880964	781.080017089844
2227.21058082134	781.039978027344
2229.49462673696	780.840026855469
2231.77798684332	781.159973144531
2234.06066142709	780.880004882813
2236.34265077477	781.599975585938
2238.62395517269	780.919982910156
2240.90457490706	780.960021972656
2243.18451026388	781.039978027344
2245.46376152904	780.960021972656
2247.74232898823	780.47998046875
2250.02021292701	780.799987792969
2252.29741363077	781.039978027344
2254.57393138475	781.280029296875
2256.849766474	780.919982910156
2259.12491918346	780.880004882813
2261.39938979788	781
2263.67317860185	781.400024414063
2265.94628587983	781.200012207031
2268.2187119161	781.159973144531
2270.49045699478	781
2272.76152139985	780.760009765625
2275.03190541511	780.760009765625
2277.30160932421	781.119995117188
2279.57063341067	780.359985351563
2281.83897795781	780.47998046875
2284.10664324882	780.679992675781
2286.37362956672	780.919982910156
2288.63993719439	780.919982910156
2290.90556641454	781.080017089844
2293.17051750973	781.280029296875
2295.43479076235	780.799987792969
2297.69838645465	780.799987792969
2299.96130486871	780.799987792969
2302.22354628647	781.039978027344
2304.48511098971	780.799987792969
2306.74599926003	780.719970703125
2309.00621137891	780.719970703125
2311.26574762765	781.080017089844
2313.52460828741	781.359985351563
2315.78279363917	782.599975585938
2318.04030396379	781.280029296875
2320.29713954195	781
2322.55330065418	780.760009765625
2324.80878758085	780.840026855469
2327.06360060219	781.239990234375
2329.31773999826	780.760009765625
2331.57120604897	781.200012207031
2333.82399903409	780.760009765625
2336.0761192332	780.47998046875
2338.32756692577	780.719970703125
2340.57834239108	780.239990234375
2342.82844590827	780.200012207031
2345.07787775633	780.679992675781
2347.32663821409	780.919982910156
2349.57472756023	780.52001953125
2351.82214607327	780.880004882813
2354.06889403158	780.599975585938
2356.31497171337	780.52001953125
2358.56037939672	780.47998046875
2360.80511735953	780.719970703125
2363.04918587955	780.400024414063
2365.29258523439	780.640014648438
2367.5353157015	781.039978027344
2369.77737755817	781.080017089844
2372.01877108156	780.159973144531
2374.25949654865	780.960021972656
2376.49955423629	780.440002441406
2378.73894442115	780.599975585938
2380.97766737977	780.599975585938
2383.21572338855	780.559997558594
2385.45311272369	780.559997558594
2387.68983566129	780.320007324219
2389.92589247727	780.760009765625
2392.1612834474	780.640014648438
2394.39600884731	780.760009765625
2396.63006895246	780.400024414063
2398.86346403818	780.200012207031
2401.09619437962	780.640014648438
2403.32826025182	780.719970703125
2405.55966192963	780.280029296875
2407.79039968777	780.320007324219
2410.0204738008	780.880004882813
2412.24988454313	780.880004882813
2414.47863218902	780.679992675781
2416.70671701258	780.52001953125
2418.93413928778	780.280029296875
2421.16089928842	780.119995117188
2423.38699728817	780.119995117188
2425.61243356052	780.679992675781
2427.83720837884	780.47998046875
2430.06132201633	780.559997558594
2432.28477474606	780.640014648438
2434.50756684093	781.039978027344
2436.72969857371	780.559997558594
2438.95117021699	780.559997558594
2441.17198204325	780.679992675781
2443.39213432478	781.320007324219
2445.61162733376	780.080017089844
2447.83046134218	780.159973144531
2450.04863662192	780.359985351563
2452.26615344468	780.599975585938
2454.48301208203	780.559997558594
2456.69921280539	780.960021972656
2458.91475588602	780.320007324219
2461.12964159504	780.599975585938
2463.34387020342	780.080017089844
2465.55744198198	780.52001953125
2467.77035720139	780.840026855469
2469.98261613217	780.640014648438
2472.1942190447	780.679992675781
2474.40516620922	781.47998046875
2476.6154578958	781
2478.82509437436	780.159973144531
2481.03407591471	780.52001953125
2483.24240278646	780.039978027344
2485.45007525911	780.760009765625
2487.65709360202	780.679992675781
2489.86345808435	780.400024414063
2492.06916897518	780.119995117188
2494.27422654339	780.440002441406
2496.47863105774	780.440002441406
2498.68238278683	780.440002441406
2500.88548199912	780.52001953125
2503.08792896294	780.239990234375
2505.28972394643	780.359985351563
2507.49086721763	780.52001953125
2509.6913590444	780.119995117188
2511.89119969447	780.47998046875
2514.09038943543	780.239990234375
2516.2889285347	780.640014648438
2518.48681725957	780.840026855469
2520.6840558772	780.280029296875
2522.88064465456	780.599975585938
2525.07658385852	780.47998046875
2527.27187375578	780.640014648438
2529.4665146129	780.559997558594
2531.66050669629	780.52001953125
2533.85385027222	780.880004882813
2536.04654560681	780.320007324219
2538.23859296605	780.559997558594
2540.42999261577	780.760009765625
2542.62074482166	780.599975585938
2544.81084984925	780.679992675781
2547.00030796395	780.400024414063
2549.18911943101	780.640014648438
2551.37728451555	780.47998046875
2553.56480348252	780.159973144531
2555.75167659675	780.840026855469
2557.93790412292	781.280029296875
2560.12348632556	780.47998046875
2562.30842346905	780.320007324219
2564.49271581764	781
2566.67636363544	780.760009765625
2568.85936718639	780.719970703125
2571.04172673431	780.880004882813
2573.22344254288	780.400024414063
2575.40451487562	780.799987792969
2577.58494399591	780.640014648438
2579.76473016699	780.679992675781
2581.94387365196	780.840026855469
2584.12237471377	781.039978027344
2586.30023361523	780.559997558594
2588.47745061901	780.320007324219
2590.65402598763	780.799987792969
2592.82995998348	780.47998046875
2595.0052528688	780.760009765625
2597.17990490568	780.719970703125
2599.35391635608	780.280029296875
2601.52728748181	780.719970703125
2603.70001854454	780.47998046875
2605.8721098058	780.799987792969
2608.04356152698	779.919982910156
2610.21437396931	781
2612.3845473939	780.799987792969
2614.55408206173	780.840026855469
2616.72297823359	780.679992675781
2618.89123617017	780.919982910156
2621.058856132	780.840026855469
2623.22583837949	780.880004882813
2625.39218317288	780.719970703125
2627.55789077229	780.760009765625
2629.72296143769	780.52001953125
2631.88739542891	780.679992675781
2634.05119300563	780.559997558594
2636.21435442742	781.119995117188
2638.37687995367	780.799987792969
2640.53876984365	780.799987792969
2642.70002435649	780.799987792969
2644.86064375119	780.880004882813
2647.02062828658	780.52001953125
2649.17997822137	781.239990234375
2651.33869381413	780.559997558594
2653.49677532328	780.320007324219
2655.65422300711	781.119995117188
2657.81103712378	781.400024414063
2659.96721793127	780.919982910156
2662.12276568747	781.039978027344
2664.2776806501	781.559997558594
2666.43196307675	780.679992675781
2668.58561322486	781.159973144531
2670.73863135176	781
2672.8910177146	780.799987792969
2675.04277257043	781
2677.19389617612	781.359985351563
2679.34438878845	781.159973144531
2681.49425066402	780.880004882813
2683.64348205931	780.960021972656
2685.79208323065	780.52001953125
2687.94005443425	781.200012207031
2690.08739592617	781.400024414063
2692.23410796233	781.320007324219
2694.38019079852	781.039978027344
2696.52564469038	780.799987792969
2698.67046989342	781.919982910156
2700.81466666302	781
2702.9582352544	781.679992675781
2705.10117592265	781.280029296875
2707.24348892275	781.760009765625
2709.3851745095	781.039978027344
2711.5262329376	781.919982910156
2713.66666446158	781.719970703125
2715.80646933585	781.47998046875
2717.94564781468	781.080017089844
2720.08420015222	781.760009765625
2722.22212660245	781.919982910156
2724.35942741923	781.840026855469
2726.49610285628	781.799987792969
2728.63215316721	781.400024414063
2730.76757860544	781.960021972656
2732.9023794243	781.440002441406
2735.03655587697	781.719970703125
2737.17010821648	781.400024414063
2739.30303669573	782.080017089844
2741.4353415675	782.080017089844
2743.56702308442	781.880004882813
2745.69808149898	782.080017089844
2747.82851706355	781.599975585938
2749.95833003034	781.919982910156
2752.08752065145	781.119995117188
2754.21608917883	781.640014648438
2756.3440358643	781.52001953125
2758.47136095954	781.880004882813
2760.59806471609	782.239990234375
2762.72414738537	781.640014648438
2764.84960921865	781.559997558594
2766.97445046708	781.559997558594
2769.09867138166	782.280029296875
2771.22227221326	782.039978027344
2773.34525321263	781.840026855469
2775.46761463035	781.640014648438
2777.58935671691	781.640014648438
2779.71047972262	781.719970703125
2781.83098389771	782.200012207031
2783.95086949221	781.960021972656
2786.07013675607	781.559997558594
2788.18878593908	781.960021972656
2790.3068172909	782.039978027344
2792.42423106106	781.799987792969
2794.54102749895	781.919982910156
2796.65720685384	781.760009765625
2798.77276937486	782.080017089844
2800.88771531098	782.119995117188
2803.00204491107	781.880004882813
2805.11575842387	781.760009765625
2807.22885609796	782.039978027344
2809.34133818179	782.52001953125
2811.4532049237	782.080017089844
2813.56445657189	781.840026855469
2815.6750933744	782.440002441406
2817.78511557916	782.760009765625
2819.89452343398	782.559997558594
2822.00331718652	782.440002441406
2824.11149708429	783.47998046875
2826.2190633747	782.840026855469
2828.32601630502	782.359985351563
2830.43235612237	783.080017089844
2832.53808307375	783.280029296875
2834.64319740603	784.719970703125
2836.74769936595	784.359985351563
2838.85158920011	785
2840.95486715497	784.840026855469
2843.05753347689	786.359985351563
2845.15958841206	787.119995117188
2847.26103220657	788.440002441406
2849.36186510636	788.080017089844
2851.46208735724	789.159973144531
2853.56169920488	788.52001953125
2855.66070089485	790.400024414063
2857.75909267257	790
2859.85687478332	790.880004882813
2861.95404747225	792.159973144531
2864.05061098439	793.559997558594
2866.14656556464	794.840026855469
2868.24191145777	794.640014648438
2870.3366489084	793.640014648438
2872.43077816104	794.880004882813
2874.52429946006	795.840026855469
2876.61721304971	796.599975585938
2878.70951917409	795.840026855469
2880.8012180772	796
2882.89231000287	796.599975585938
2884.98279519483	797.239990234375
2887.07267389667	796.919982910156
2889.16194635186	796.880004882813
2891.25061280373	797.760009765625
2893.33867349546	798.400024414063
2895.42612867015	798.080017089844
2897.51297857074	798.119995117188
2899.59922344003	798.47998046875
2901.68486352071	798.880004882813
2903.76989905533	799.52001953125
2905.85433028632	802.52001953125
2907.93815745598	802.119995117188
2910.02138080648	802.039978027344
2912.10400057985	802.559997558594
2914.186017018	801.52001953125
2916.26743036271	803.599975585938
2918.34824085563	803.599975585938
2920.4284487383	804.880004882813
2922.5080542521	805.280029296875
2924.58705763829	807.080017089844
2926.66545913802	807.760009765625
2928.74325899231	808.440002441406
2930.82045744202	809.159973144531
2932.89705472792	808.280029296875
2934.97305109062	808.320007324219
2937.04844677063	809.599975585938
2939.12324200832	807.760009765625
2941.19743704393	808.039978027344
2943.27103211757	806.47998046875
2945.34402746923	806.760009765625
2947.41642333876	804.320007324219
2949.48821996592	803.47998046875
2951.55941759028	803.799987792969
2953.63001645135	802.799987792969
2955.70001678845	802.080017089844
2957.76941884083	802.280029296875
2959.83822284757	802.359985351563
2961.90642904764	801.400024414063
2963.97403767988	800.640014648438
2966.04104898302	800.080017089844
2968.10746319565	799.960021972656
2970.17328055621	798.400024414063
2972.23850130305	797.919982910156
2974.30312567438	798.440002441406
2976.36715390829	797.640014648438
2978.43058624273	800.760009765625
2980.49342291553	798.200012207031
2982.55566416439	797.799987792969
2984.61731022691	798
2986.67836134051	797.760009765625
2988.73881774255	797.239990234375
2990.79867967021	795.719970703125
2992.85794736058	795.960021972656
2994.9166210506	794.280029296875
2996.97470097711	794.280029296875
2999.03218737679	794.239990234375
3001.08908048622	793.840026855469
3003.14538054186	794.359985351563
3005.20108778002	794.880004882813
3007.25620243691	793.320007324219
3009.3107247486	793.599975585938
3011.36465495104	793.640014648438
3013.41799328004	792.760009765625
3015.47073997133	793.119995117188
3017.52289526045	793.119995117188
3019.57445938288	792.47998046875
3021.62543257393	792.919982910156
3023.6758150688	793.320007324219
3025.72560710258	792.960021972656
3027.77480891021	793.559997558594
3029.82342072652	793.159973144531
3031.87144278622	794.359985351563
3033.91887532389	794.880004882813
3035.96571857399	794.239990234375
3038.01197277084	795.159973144531
3040.05763814867	794.239990234375
3042.10271494154	793.799987792969
3044.14720338344	795.880004882813
3046.19110370818	796.719970703125
3048.2344161495	796.440002441406
3050.27714094097	796.440002441406
3052.31927831608	796.640014648438
3054.36082850816	797.760009765625
3056.40179175044	799.280029296875
3058.44216827602	797.760009765625
3060.48195831786	798.599975585938
3062.52116210884	797.840026855469
3064.55977988167	798.080017089844
3066.59781186897	798.679992675781
3068.63525830322	799.799987792969
3070.67211941678	800.760009765625
3072.7083954419	799.679992675781
3074.7440866107	799.880004882813
3076.77919315516	799.799987792969
3078.81371530716	799.400024414063
3080.84765329846	800.840026855469
3082.88100736068	800.280029296875
3084.91377772534	800.679992675781
3086.94596462381	801.400024414063
3088.97756828737	801.760009765625
3091.00858894714	802.47998046875
3093.03902683417	801.200012207031
3095.06888217933	802.960021972656
3097.09815521342	803.47998046875
3099.12684616709	804.440002441406
3101.15495527087	804.799987792969
3103.18248275518	804.719970703125
3105.20942885031	805.080017089844
3107.23579378642	807.280029296875
3109.26157779358	806.320007324219
3111.28678110171	807.760009765625
3113.31140394062	807.919982910156
3115.33544654	807.200012207031
3117.35890912942	807.760009765625
3119.38179193832	809.559997558594
3121.40409519602	810.799987792969
3123.42581913174	811.400024414063
3125.44696397457	810.640014648438
3127.46752995345	810.799987792969
3129.48751729725	812.200012207031
3131.50692623469	812.719970703125
3133.52575699436	812.640014648438
3135.54400980476	813.52001953125
3137.56168489425	813.760009765625
3139.57878249108	813.719970703125
3141.59530282337	815.400024414063
3143.61124611913	815.400024414063
3145.62661260624	814.52001953125
3147.64140251247	815.320007324219
3149.65561606547	816
3151.66925349277	816.559997558594
3153.68231502177	817.239990234375
3155.69480087977	816.52001953125
3157.70671129394	821.119995117188
3159.71804649132	823.440002441406
3161.72880669886	821.039978027344
3163.73899214336	820.039978027344
3165.74860305152	820.880004882813
3167.75763964991	820.200012207031
3169.766102165	822.840026855469
3171.77399082313	823.119995117188
3173.7813058505	821.880004882813
3175.78804747323	822.080017089844
3177.79421591731	823.960021972656
3179.79981140859	825.119995117188
3181.80483417282	825.440002441406
3183.80928443564	828.119995117188
3185.81316242255	827.200012207031
3187.81646835896	825.840026855469
3189.81920247013	826.960021972656
3191.82136498122	831.400024414063
3193.82295611727	830.47998046875
3195.82397610321	830.719970703125
3197.82442516385	830.559997558594
3199.82430352386	831.239990234375
3201.82361140782	834.200012207031
3203.82234904018	835
3205.82051664529	831.919982910156
3207.81811444735	832.679992675781
3209.81514267047	832.679992675781
3211.81160153863	831.840026855469
3213.80749127571	832.119995117188
3215.80281210545	833.760009765625
3217.79756425148	834.799987792969
3219.79174793733	835.119995117188
3221.7853633864	832.400024414063
3223.77841082196	835.239990234375
3225.77089046719	836
3227.76280254513	838.919982910156
3229.75414727873	835.719970703125
3231.74492489081	838.320007324219
3233.73513560406	837.119995117188
3235.72477964107	836.280029296875
3237.71385722431	837.280029296875
3239.70236857614	837.47998046875
3241.6903139188	834.679992675781
3243.6776934744	836.599975585938
3245.66450746496	837.200012207031
3247.65075611237	834.559997558594
3249.63643963841	832.47998046875
3251.62155826472	833.52001953125
3253.60611221287	834.760009765625
3255.59010170428	836.640014648438
3257.57352696026	840.960021972656
3259.55638820202	840.119995117188
3261.53868565064	838.400024414063
3263.52041952708	842.119995117188
3265.50159005221	839.760009765625
3267.48219744676	834.880004882813
3269.46224193136	835.400024414063
3271.44172372651	840.320007324219
3273.42064305262	839.440002441406
3275.39900012996	838.52001953125
3277.3767951787	835.080017089844
3279.35402841889	835.960021972656
3281.33070007047	834.840026855469
3283.30681035326	837.880004882813
3285.28235948698	837.200012207031
3287.25734769121	837
3289.23177518544	842.320007324219
3291.20564218903	839.119995117188
3293.17894892124	838.960021972656
3295.1516956012	836.840026855469
3297.12388244795	834.599975585938
3299.09550968039	835
3301.06657751732	835.919982910156
3303.03708617743	838.400024414063
3305.00703587929	840.719970703125
3306.97642684135	840.719970703125
3308.94525928196	834.599975585938
3310.91353341935	835.719970703125
3312.88124947164	838.599975585938
3314.84840765683	835.320007324219
3316.81500819282	833.840026855469
3318.78105129738	836.640014648438
3320.74653718818	835.880004882813
3322.71146608278	834.320007324219
3324.67583819861	835.760009765625
3326.639653753	838.679992675781
3328.60291296317	839.359985351563
3330.56561604621	840.679992675781
3332.52776321913	840.640014648438
3334.4893546988	839.760009765625
3336.45039070198	837.159973144531
3338.41087144533	835.400024414063
3340.37079714539	835.159973144531
3342.33016801859	833.320007324219
3344.28898428124	834.039978027344
3346.24724614955	839.47998046875
3348.20495383962	834.719970703125
3350.16210756742	834.280029296875
3352.11870754883	837.440002441406
3354.07475399961	833.400024414063
3356.03024713539	834.119995117188
3357.98518717173	836.760009765625
3359.93957432403	840.359985351563
3361.89340880761	837.880004882813
3363.84669083768	835.919982910156
3365.79942062933	834.640014648438
3367.75159839753	832.640014648438
3369.70322435715	839.080017089844
3371.65429872295	839.719970703125
3373.60482170957	840.640014648438
3375.55479353155	843.080017089844
3377.50421440332	840.280029296875
3379.45308453918	837.719970703125
3381.40140415335	836
3383.34917345991	835.52001953125
3385.29639267284	836.760009765625
3387.24306200602	836.359985351563
3389.18918167321	837.440002441406
3391.13475188806	840.599975585938
3393.07977286411	841.840026855469
3395.02424481479	844.359985351563
3396.96816795342	843.239990234375
3398.91154249322	839.599975585938
3400.85436864728	838.880004882813
3402.79664662859	839.119995117188
3404.73837665004	839.799987792969
3406.67955892439	836.840026855469
3408.62019366432	835.760009765625
3410.56028108236	840.440002441406
3412.49982139096	842.400024414063
3414.43881480247	844.359985351563
3416.37726152909	843.039978027344
3418.31516178295	841.960021972656
3420.25251577605	839.799987792969
3422.18932372029	839.760009765625
3424.12558582746	838
3426.06130230922	839.080017089844
3427.99647337717	840.840026855469
3429.93109924274	839.52001953125
3431.8651801173	835.919982910156
3433.79871621209	836.320007324219
3435.73170773824	837.880004882813
3437.66415490678	838
3439.59605792862	834.359985351563
3441.52741701458	833
3443.45823237536	833.960021972656
3445.38850422154	833.440002441406
3447.31823276362	837.919982910156
3449.24741821196	837.679992675781
3451.17606077684	836.840026855469
3453.10416066842	835.919982910156
3455.03171809674	837.52001953125
3456.95873327175	836.119995117188
3458.88520640329	833.200012207031
3460.81113770109	833
3462.73652737477	829.359985351563
3464.66137563383	831.080017089844
3466.58568268769	833.200012207031
3468.50944874565	830.919982910156
3470.43267401689	830.679992675781
3472.3553587105	830.200012207031
3474.27750303545	827.52001953125
3476.19910720062	826.200012207031
3478.12017141476	832.119995117188
3480.04069588654	832.760009765625
3481.9606808245	830.679992675781
3483.88012643707	831.679992675781
3485.79903293259	826.840026855469
3487.7174005193	823.559997558594
3489.63522940532	823.640014648438
3491.55251979864	823.559997558594
3493.46927190719	822.080017089844
3495.38548593877	822.880004882813
3497.30116210107	822.640014648438
3499.21630060167	825.280029296875
3501.13090164807	823.640014648438
3503.04496544763	819.919982910156
3504.95849220763	820.320007324219
3506.87148213523	819.760009765625
3508.78393543748	820.320007324219
3510.69585232134	819.239990234375
3512.60723299365	819.719970703125
3514.51807766116	821
3516.42838653049	819.52001953125
3518.33815980819	816.52001953125
3520.24739770066	815.320007324219
3522.15610041423	814.840026855469
3524.06426815511	814.039978027344
3525.9719011294	816.119995117188
3527.87899954311	817.760009765625
3529.78556360213	816.919982910156
3531.69159351225	813.679992675781
3533.59708947916	814.080017089844
3535.50205170844	814.960021972656
3537.40648040556	812.440002441406
3539.3103757759	811
3541.21373802472	809.359985351563
3543.11656735717	809.719970703125
3545.01886397833	808.039978027344
3546.92062809313	809.200012207031
3548.82185990643	810.880004882813
3550.72255962297	809.47998046875
3552.62272744738	808.960021972656
3554.5223635842	807.039978027344
3556.42146823786	807.039978027344
3558.32004161268	806
3560.21808391289	807.400024414063
3562.11559534259	806.679992675781
3564.01257610581	804.679992675781
3565.90902640645	805.599975585938
3567.80494644831	805.239990234375
3569.7003364351	806.159973144531
3571.59519657042	803.960021972656
3573.48952705774	802.960021972656
3575.38332810048	803.080017089844
3577.27659990191	805.880004882813
3579.16934266521	803.52001953125
3581.06155659346	803.679992675781
3582.95324188965	803.280029296875
3584.84439875663	802.080017089844
3586.73502739718	801.119995117188
3588.62512801397	800.799987792969
3590.51470080955	800.719970703125
3592.40374598639	800.119995117188
3594.29226374685	801.159973144531
3596.18025429317	801.320007324219
3598.06771782751	800.280029296875
3599.95465455192	799.47998046875
3601.84106466834	798.239990234375
3603.72694837861	798.640014648438
3605.61230588447	798.599975585938
3607.49713738756	798.320007324219
3609.38144308942	799.960021972656
3611.26522319148	798
3613.14847789506	796.640014648438
3615.0312074014	797.039978027344
3616.91341191162	796.799987792969
3618.79509162674	794.919982910156
3620.67624674769	794.239990234375
3622.55687747528	794.919982910156
3624.43698401024	795.119995117188
3626.31656655317	796
3628.1956253046	795.440002441406
3630.07416046492	794.239990234375
3631.95217223446	793.960021972656
3633.82966081342	793.400024414063
3635.70662640191	792.599975585938
3637.58306919993	792.799987792969
3639.45898940739	792.599975585938
3641.33438722409	792.359985351563
3643.20926284973	791.960021972656
3645.08361648392	790.799987792969
3646.95744832614	791.679992675781
3648.8307585758	791.559997558594
3650.7035474322	791.760009765625
3652.57581509452	790.320007324219
3654.44756176188	790.440002441406
3656.31878763324	789.47998046875
3658.18949290753	788.880004882813
3660.05967778352	788.159973144531
3661.9293424599	787.799987792969
3663.79848713527	788.599975585938
3665.66711200812	789.440002441406
3667.53521727684	787.960021972656
3669.40280313972	786.640014648438
3671.26986979494	787.119995117188
3673.13641744059	786.400024414063
3675.00244627468	787
