-140.373595351881	779.119995117188
-137.335129063906	778.840026855469
-134.297686810867	779.359985351563
-131.261268103955	778.679992675781
-128.225872454677	778.919982910156
-125.191499374839	778.719970703125
-122.158148376567	778.960021972656
-119.125818972292	778.840026855469
-116.094510674759	778.599975585938
-113.064222997021	779.039978027344
-110.034955452443	779.080017089844
-107.006707554687	778.799987792969
-103.979478817741	779.080017089844
-100.95326875589	779.080017089844
-97.928076883731	778.960021972656
-94.9039027161698	778.559997558594
-91.8807457684175	778.799987792969
-88.8586055560018	778.719970703125
-85.8374815947384	778.919982910156
-82.8173734007715	778.840026855469
-79.7982804905411	778.599975585938
-76.7802023807988	778.840026855469
-73.7631385885914	779.119995117188
-70.7470886312892	778.960021972656
-67.732052026553	778.52001953125
-64.7180282923587	778.719970703125
-61.7050169469884	779.080017089844
-58.6930175090183	778.679992675781
-55.6820294973386	779.080017089844
-52.6720524311495	778.799987792969
-49.66308582994	778.320007324219
-46.6551292135171	779
-43.6481821019882	778.880004882813
-40.6422440157577	778.679992675781
-37.6373144755424	778.599975585938
-34.6333930023594	778.640014648438
-31.630479117526	779.119995117188
-28.6285723426709	778.960021972656
-25.6276721997107	778.799987792969
-22.6277782108771	778.880004882813
-19.628889898701	779.400024414063
-16.6310067860081	779.47998046875
-13.6341283959385	781.400024414063
-10.6382542519231	795.119995117188
-7.64338387769432	832.280029296875
-4.64951679729502	853.280029296875
-1.65665253506141	840.080017089844
1.33520938438089	797.359985351563
4.32606943608095	780.280029296875
7.315928094803	778.799987792969
10.3047858350146	779.320007324219
13.2926431308747	779.200012207031
16.2795004562541	779
19.2653582847118	779.239990234375
22.2502170895187	778.880004882813
25.2340773436344	778.559997558594
28.216939519735	778.640014648438
31.1988040901939	778.640014648438
34.1796715270814	778.559997558594
37.1595423021732	778.919982910156
40.1384168869468	779.159973144531
43.1162957525854	778.840026855469
46.0931793699786	778.719970703125
49.0690682097059	778.960021972656
52.0439627420619	778.599975585938
55.0178634370476	778.640014648438
57.9907707643592	778.719970703125
60.9626851933962	778.719970703125
63.9336071932735	779.039978027344
66.9035372328018	778.640014648438
69.8724757804959	779
72.8404233045826	778.760009765625
75.8073802729932	778.960021972656
78.7733471533597	779.039978027344
81.738324413019	778.919982910156
84.702312519025	779.039978027344
87.665311938125	779.200012207031
90.6273231367761	779.200012207031
93.5883465811569	778.640014648438
96.5483827371242	778.440002441406
99.5074320702731	778.880004882813
102.465495045889	778.799987792969
105.422572128961	778.400024414063
108.378663784199	779.039978027344
111.333770476014	778.640014648438
114.287892668528	778.799987792969
117.24103082557	778.760009765625
120.193185410674	778.919982910156
123.144356887097	779.440002441406
126.094545717786	779.359985351563
129.043752365413	779.719970703125
131.991977292355	780.359985351563
134.939220960695	780.599975585938
137.885483832232	780.880004882813
140.83076636847	781.320007324219
143.775069030632	782.039978027344
146.718392279644	782.200012207031
149.660736576149	782.640014648438
152.602102380488	782.719970703125
155.54249015274	783.119995117188
158.481900352672	784.799987792969
161.420333439765	785.039978027344
164.357789873227	785.440002441406
167.294270111968	786.119995117188
170.229774614617	787.47998046875
173.164303839496	787.320007324219
176.097858244675	787.760009765625
179.030438287908	788.760009765625
181.962044426678	789.119995117188
184.89267711817	789.599975585938
187.822336819302	790.159973144531
190.751023986678	791.280029296875
193.678739076648	791.799987792969
196.605482545255	791.52001953125
199.531254848261	791.799987792969
202.456056441152	791.599975585938
205.379887779119	791.080017089844
208.30274931708	791.239990234375
211.224641509656	792.239990234375
214.145564811189	791.280029296875
217.06551967574	791.200012207031
219.984506557089	791.320007324219
222.902525908723	791.039978027344
225.819578183856	790.400024414063
228.735663835415	790.52001953125
231.650783316047	791.559997558594
234.564937078107	790.599975585938
237.478125573679	790.080017089844
240.390349254566	790.559997558594
243.301608572278	791.679992675781
246.211903978051	791.599975585938
249.121235922839	792.359985351563
252.029604857321	793.039978027344
254.93701123188	793.640014648438
257.843455496632	794.440002441406
260.748938101415	794.919982910156
263.653459495766	795.280029296875
266.557020128967	794.599975585938
269.459620450005	794.799987792969
272.361260907595	795.760009765625
275.261941950168	795.799987792969
278.161664025874	795.760009765625
281.060427582592	795.119995117188
283.958233067921	795.719970703125
286.855080929176	795.239990234375
289.750971613398	795.320007324219
292.645905567344	794.719970703125
295.539883237503	795.679992675781
298.432905070079	796.359985351563
301.324971511007	795.960021972656
304.216083005931	798.320007324219
307.10624000023	803
309.995442939003	808.960021972656
312.883692267071	819.359985351563
315.770988428979	838.400024414063
318.657331869	850.400024414063
321.542723031127	847.719970703125
324.427162359076	830.52001953125
327.310650296293	815.119995117188
330.193187285945	807.080017089844
333.074773770929	801.52001953125
335.955410193855	798
338.835096997075	796.799987792969
341.713834622655	795.880004882813
344.59162351239	795.080017089844
347.468464107802	794.119995117188
350.344356850137	793.47998046875
353.219302180373	792.239990234375
356.093300539208	791.47998046875
358.966352367073	791.400024414063
361.838458104123	791.960021972656
364.70961819024	792.119995117188
367.579833065031	791.359985351563
370.449103167837	791.400024414063
373.317428937727	792.080017089844
376.184810813496	791.280029296875
379.051249233659	792.200012207031
381.916744636474	791.599975585938
384.78129745992	791.239990234375
387.644908141706	791.400024414063
390.50757711927	791.159973144531
393.36930482978	790.559997558594
396.23009171014	790.080017089844
399.089938196969	790.919982910156
401.948844726631	791.719970703125
404.806811735214	791.440002441406
407.66383965853	791.640014648438
410.519928932138	791.679992675781
413.375079991314	791.440002441406
416.229293271071	790.599975585938
419.082569206155	791.679992675781
421.934908231031	790.280029296875
424.786310779917	790.880004882813
427.636777286748	791.47998046875
430.486308185189	791.400024414063
433.334903908649	791.52001953125
436.182564890262	791.559997558594
439.029291562898	790.440002441406
441.875084359157	791.47998046875
444.719943711374	791.039978027344
447.563870051618	791.280029296875
450.406863811695	790.880004882813
453.248925423132	791.039978027344
456.090055317208	790.400024414063
458.93025392492	791.039978027344
461.76952167701	790.880004882813
464.60785900395	790.640014648438
467.44526633595	790.640014648438
470.281744102955	790.640014648438
473.117292734635	790.719970703125
475.951912660415	791.400024414063
478.785604309439	790.719970703125
481.618368110592	790.239990234375
484.450204492499	789.799987792969
487.281113883518	790.760009765625
490.111096711738	790.239990234375
492.940153404999	790.640014648438
495.768284390864	790.799987792969
498.595490096635	790.880004882813
501.421770949366	790.880004882813
504.247127375825	790.840026855469
507.071559802537	790.640014648438
509.89506865575	790.760009765625
512.717654361473	791
515.539317345424	791.239990234375
518.360058033083	791.080017089844
521.179876849652	790.960021972656
523.998774220083	790.47998046875
526.816750569068	790.47998046875
529.633806321025	790.359985351563
532.44994190013	790.400024414063
535.265157730284	790.359985351563
538.079454235133	789.960021972656
540.892831838066	790.640014648438
543.705290962208	791.280029296875
546.516832030424	790.760009765625
549.32745546533	789.960021972656
552.137161689268	790.359985351563
554.945951124325	790.280029296875
557.753824192341	790.039978027344
560.560781314883	789.719970703125
563.36682291327	789.440002441406
566.171949408555	789.320007324219
568.976161221537	789.840026855469
571.779458772759	789.919982910156
574.5818424825	789.799987792969
577.383312770792	789.52001953125
580.183870057402	789.47998046875
582.983514761843	789.440002441406
585.782247303363	789.52001953125
588.580068100976	789.280029296875
591.376977573414	789.679992675781
594.172976139164	789.47998046875
596.968064216463	789.52001953125
599.762242223282	788.880004882813
602.555510577335	788.559997558594
605.347869696099	788.760009765625
608.139319996771	789.440002441406
610.929861896313	788.239990234375
613.719495811421	788.119995117188
616.508222158541	789.400024414063
619.296041353863	790.239990234375
622.082953813324	789.840026855469
624.868959952607	789.320007324219
627.654060187137	789
630.438254932094	788.359985351563
633.221544602397	788.760009765625
636.003929612719	788.880004882813
638.785410377468	789.080017089844
641.565987310814	789.080017089844
644.345660826665	788.799987792969
647.124431338674	788.960021972656
649.902299260252	789.159973144531
652.679265004552	789.200012207031
655.455328984475	789.440002441406
658.230491612671	790.080017089844
661.004753301541	788.440002441406
663.778114463229	789.320007324219
666.550575509631	789.599975585938
669.322136852395	788.880004882813
672.092798902916	788.799987792969
674.862562072336	789.47998046875
677.631426771548	788.400024414063
680.399393411204	789.599975585938
683.166462401689	788.359985351563
685.93263415315	789.119995117188
688.697909075486	788.679992675781
691.462287578337	788.400024414063
694.225770071098	788.559997558594
696.988356962926	788.239990234375
699.750048662705	788.200012207031
702.5108455791	788.52001953125
705.270748120503	788.400024414063
708.029756695068	789.239990234375
710.787871710705	789.400024414063
713.545093575065	789.919982910156
716.301422695566	789.840026855469
719.056859479364	788.919982910156
721.811404333376	789.559997558594
724.56505766427	789.880004882813
727.317819878473	789.239990234375
730.069691382148	788.599975585938
732.820672581226	789.080017089844
735.570763881396	788.239990234375
738.319965688092	788.400024414063
741.068278406496	788.919982910156
743.815702441559	789.679992675781
746.562238197974	788.799987792969
749.307886080196	789.880004882813
752.052646492436	789.47998046875
754.796519838656	790.200012207031
757.539506522567	789.52001953125
760.28160694765	790.359985351563
763.022821517128	788.799987792969
765.76315063399	789.239990234375
768.502594700972	789.119995117188
771.241154120572	788.880004882813
773.978829295045	789.239990234375
776.715620626397	790.039978027344
779.451528516396	791.400024414063
782.186553366565	791.599975585938
784.920695578179	790
787.653955552283	791.159973144531
790.386333689662	789.799987792969
793.117830390877	789.320007324219
795.848446056227	788.760009765625
798.578181085792	788.919982910156
801.307035879389	789.159973144531
804.035010836599	788.799987792969
806.762106356774	790
809.488322839013	788.760009765625
812.213660682169	788.679992675781
814.938120284866	789.679992675781
817.661702045482	789.280029296875
820.384406362153	788.679992675781
823.10623363278	788.919982910156
825.827184255014	789.960021972656
828.547258626283	789.640014648438
831.266457143747	789.599975585938
833.984780204358	789.119995117188
836.702228204804	788.880004882813
839.418801541552	788.840026855469
842.134500610814	789.840026855469
844.849325808575	789.559997558594
847.563277530579	789.799987792969
850.276356172319	789.760009765625
852.988562129066	789.440002441406
855.69989579585	788.880004882813
858.410357567456	789.679992675781
861.119947838428	789.47998046875
863.828667003087	788.440002441406
866.536515455503	788.640014648438
869.243493589517	787.840026855469
871.949601798728	788.840026855469
874.654840476504	788.280029296875
877.359210015961	787.919982910156
880.062710810003	789.119995117188
882.765343251273	789.159973144531
885.467107732191	788.840026855469
888.168004644938	788.760009765625
890.868034381467	789.159973144531
893.567197333476	788.320007324219
896.265493892445	789
898.962924449614	789.239990234375
901.659489395985	788.52001953125
904.355189122325	788.239990234375
907.050024019165	788.919982910156
909.743994476809	788.599975585938
912.437100885322	789.039978027344
915.129343634532	788.080017089844
917.820723114032	788.039978027344
920.511239713189	787.960021972656
923.200893821127	788.640014648438
925.889685826744	789.47998046875
928.577616118699	789.119995117188
931.264685085419	788.919982910156
933.950893115098	789.320007324219
936.6362405957	789
939.320727914956	789.320007324219
942.004355460359	789.239990234375
944.687123619173	789.640014648438
947.369032778431	788.880004882813
950.050083324934	789
952.730275645247	788.200012207031
955.409610125711	788.760009765625
958.088087152423	789.200012207031
960.765707111263	789.039978027344
963.442470387871	788.679992675781
966.118377367657	788.200012207031
968.793428435798	788.840026855469
971.467623977254	788.47998046875
974.140964376739	788.679992675781
976.813450018737	788.400024414063
979.485081287511	788.760009765625
982.155858567087	788.280029296875
984.825782241271	788.440002441406
987.494852693624	788.440002441406
990.163070307487	788.719970703125
992.830435465978	789.440002441406
995.496948551973	788.159973144531
998.162609948122	790.039978027344
1000.82742003685	791.039978027344
1003.49137920036	792.239990234375
1006.15448782061	791.559997558594
1008.81674627934	789.400024414063
1011.47815495806	788.52001953125
1014.13871423805	788.080017089844
1016.79842450037	788.599975585938
1019.45728612586	787.919982910156
1022.11529949509	788.400024414063
1024.77246498846	787.840026855469
1027.4287829861	788.559997558594
1030.08425386792	789
1032.73887801363	788.760009765625
1035.3926558027	788.039978027344
1038.04558761435	787.760009765625
1040.69767382761	787.719970703125
1043.34891482125	788.080017089844
1045.99931097384	788.840026855469
1048.64886266371	788.599975585938
1051.29757026898	788.080017089844
1053.94543416753	788
1056.59245473701	787.919982910156
1059.23863235486	788.320007324219
1061.8839673983	787.640014648438
1064.5284602443	788.679992675781
1067.17211126962	788.799987792969
1069.8149208508	787.880004882813
1072.45688936415	788.559997558594
1075.09801718577	789.52001953125
1077.7383046915	789.039978027344
1080.377752257	788.880004882813
1083.01636025767	789.359985351563
1085.65412906872	788.760009765625
1088.2910590651	789.400024414063
1090.92715062157	789.760009765625
1093.56240411266	790.080017089844
1096.19681991265	789.880004882813
1098.83039839564	789.440002441406
1101.46313993547	789.039978027344
1104.09504490579	788.840026855469
1106.72611368	788.640014648438
1109.35634663129	787.400024414063
1111.98574413263	787.880004882813
1114.61430655677	786.799987792969
1117.24203427624	787.400024414063
1119.86892766333	788.280029296875
1122.49498709014	787.080017089844
1125.12021292851	789.159973144531
1127.74460555011	788.400024414063
1130.36816532634	788.119995117188
1132.99089262841	787
1135.6127878273	786.559997558594
1138.23385129376	786.679992675781
1140.85408339834	787.119995117188
1143.47348451137	786.400024414063
1146.09205500294	786.880004882813
1148.70979524293	786.599975585938
1151.326705601	786.280029296875
1153.9427864466	786.599975585938
1156.55803814896	787.080017089844
1159.17246107707	787.359985351563
1161.78605559974	786.919982910156
1164.39882208551	786.760009765625
1167.01076090276	787.119995117188
1169.6218724196	787.280029296875
1172.23215700396	787.359985351563
1174.84161502352	787.119995117188
1177.45024684578	787
1180.05805283799	787.679992675781
1182.66503336719	787.239990234375
1185.27118880021	786.640014648438
1187.87651950367	787.039978027344
1190.48102584395	786.679992675781
1193.08470818723	786.799987792969
1195.68756689948	786.52001953125
1198.28960234643	787.559997558594
1200.89081489363	788
1203.49120490636	787.919982910156
1206.09077274974	788.200012207031
1208.68951878864	789.039978027344
1211.28744338773	788.919982910156
1213.88454691145	787.799987792969
1216.48082972404	788.559997558594
1219.07629218953	788.400024414063
1221.6709346717	788.840026855469
1224.26475753416	789.559997558594
1226.85776114028	789.799987792969
1229.44994585322	789.200012207031
1232.04131203592	789.640014648438
1234.63186005112	790.400024414063
1237.22159026133	791.599975585938
1239.81050302886	791.200012207031
1242.3985987158	790.840026855469
1244.98587768402	791.640014648438
1247.5723402952	791.599975585938
1250.15798691078	791.840026855469
1252.74281789199	791.599975585938
1255.32683359987	791.080017089844
1257.91003439523	791.47998046875
1260.49242063865	791.760009765625
1263.07399269055	791.320007324219
1265.65475091108	791.080017089844
1268.23469566021	791.080017089844
1270.81382729769	791.200012207031
1273.39214618306	791.47998046875
1275.96965267566	790.280029296875
1278.54634713458	790.200012207031
1281.12222991875	790.200012207031
1283.69730138685	789.760009765625
1286.27156189737	789.840026855469
1288.84501180858	789.400024414063
1291.41765147853	791.200012207031
1293.98948126509	791.320007324219
1296.56050152589	791.719970703125
1299.13071261837	790.799987792969
1301.70011489973	791.359985351563
1304.268708727	791.679992675781
1306.83649445698	791.119995117188
1309.40347244625	791.400024414063
1311.96964305119	791.960021972656
1314.53500662799	792.200012207031
1317.0995635326	792.640014648438
1319.66331412077	791.320007324219
1322.22625874806	790.760009765625
1324.7883977698	791.200012207031
1327.34973154112	791
1329.91026041694	791.320007324219
1332.46998475197	790.679992675781
1335.0289049007	791
1337.58702121746	791.919982910156
1340.14433405631	790.840026855469
1342.70084377115	792.039978027344
1345.25655071563	790.719970703125
1347.81145524323	789.760009765625
1350.36555770721	789.559997558594
1352.91885846062	789.200012207031
1355.47135785631	789.280029296875
1358.02305624691	788.359985351563
1360.57395398486	788.640014648438
1363.12405142237	788.440002441406
1365.67334891148	788.599975585938
1368.22184680399	787.919982910156
1370.76954545151	787.960021972656
1373.31644520545	787.280029296875
1375.86254641699	787.719970703125
1378.40784943713	787.840026855469
1380.95235461666	787.200012207031
1383.49606230615	788.080017089844
1386.03897285598	788.200012207031
1388.58108661632	787.640014648438
1391.12240393713	787.719970703125
1393.66292516818	786.760009765625
1396.20265065903	786.440002441406
1398.74158075901	787.799987792969
1401.2797158173	787.119995117188
1403.81705618282	787.559997558594
1406.35360220431	787.559997558594
1408.88935423032	786.880004882813
1411.42431260919	786.799987792969
1413.95847768903	786.679992675781
1416.49184981777	787.239990234375
1419.02442934314	788.119995117188
1421.55621661266	787.080017089844
1424.08721197364	787.440002441406
1426.61741577321	787.52001953125
1429.14682835828	787.400024414063
1431.67545007555	788.200012207031
1434.20328127153	789.799987792969
1436.73032229253	789.880004882813
1439.25657348466	790.47998046875
1441.78203519381	791.52001953125
1444.3067077657	792.640014648438
1446.83059154581	792.47998046875
1449.35368687944	792.359985351563
1451.8759941117	792.640014648438
1454.39751358748	791.440002441406
1456.91824565148	792.320007324219
1459.43819064818	790.640014648438
1461.95734892189	790.599975585938
1464.4757208167	789.919982910156
1466.99330667649	789.719970703125
1469.51010684497	788.880004882813
1472.02612166564	788.760009765625
1474.54135148177	788.039978027344
1477.05579663646	788.440002441406
1479.56945747262	787.200012207031
1482.08233433293	787.52001953125
1484.59442755989	787.039978027344
1487.10573749579	786.239990234375
1489.61626448275	786.320007324219
1492.12600886264	785.960021972656
1494.63497097718	785.760009765625
1497.14315116786	785.47998046875
1499.65054977599	784.159973144531
1502.15716714267	784.159973144531
1504.66300360881	783.559997558594
1507.16805951512	784.52001953125
1509.67233520211	784.359985351563
1512.1758310101	784.719970703125
1514.67854727919	784.47998046875
1517.18048434931	783.960021972656
1519.68164256018	783.799987792969
1522.18202225132	784.280029296875
1524.68162376207	783.919982910156
1527.18044743155	784
1529.67849359869	783.760009765625
1532.17576260224	784.359985351563
1534.67225478072	784.359985351563
1537.1679704725	784.320007324219
1539.66291001572	784.47998046875
1542.15707374832	785
1544.65046200807	785.159973144531
1547.14307513254	785.599975585938
1549.63491345907	785.159973144531
1552.12597732485	786.239990234375
1554.61626706685	785.599975585938
1557.10578302185	785.239990234375
1559.59452552644	785.359985351563
1562.082494917	786.119995117188
1564.56969152973	786.200012207031
1567.05611570064	786.559997558594
1569.54176776552	787.080017089844
1572.02664806	787.440002441406
1574.51075691949	788.039978027344
1576.99409467921	787.280029296875
1579.4766616742	787.679992675781
1581.95845823929	787.440002441406
1584.43948470912	786.799987792969
1586.91974141815	786.52001953125
1589.39922870064	787
1591.87794689064	786.880004882813
1594.35589632202	786.760009765625
1596.83307732848	786.799987792969
1599.30949024348	786.840026855469
1601.78513540033	788.039978027344
1604.26001313211	788.039978027344
1606.73412377175	788.119995117188
1609.20746765196	788.640014648438
1611.68004510526	788.52001953125
1614.15185646398	789.239990234375
1616.62290206026	788.799987792969
1619.09318222605	789.080017089844
1621.56269729311	788.400024414063
1624.031447593	788.47998046875
1626.4994334571	789.200012207031
1628.9666552166	789.239990234375
1631.43311320248	789.239990234375
1633.89880774554	789.919982910156
1636.3637391764	789.320007324219
1638.82790782548	789.640014648438
1641.29131402301	790.719970703125
1643.75395809903	790.960021972656
1646.21584038339	791.679992675781
1648.67696120575	792.640014648438
1651.13732089558	793.719970703125
1653.59691978216	792.719970703125
1656.05575819459	793.320007324219
1658.51383646175	792.400024414063
1660.97115491238	793.400024414063
1663.42771387498	792.880004882813
1665.8835136779	792.159973144531
1668.33855464928	791.320007324219
1670.79283711708	790.47998046875
1673.24636140907	790.919982910156
1675.69912785282	790.280029296875
1678.15113677572	789.799987792969
1680.602388505	788.799987792969
1683.05288336764	787.599975585938
1685.50262169049	788.239990234375
1687.95160380019	786.679992675781
1690.39983002318	786.760009765625
1692.84730068573	785.840026855469
1695.29401611392	785.47998046875
1697.73997663364	784.799987792969
1700.18518257059	784.719970703125
1702.6296342503	783.840026855469
1705.07333199807	784.039978027344
1707.51627613907	783.52001953125
1709.95846699824	783.640014648438
1712.39990490036	783.239990234375
1714.84059017001	783
1717.28052313159	782.799987792969
1719.7197041093	782.919982910156
1722.15813342718	782.039978027344
1724.59581140906	782.320007324219
1727.03273837859	782.47998046875
1729.46891465926	782.200012207031
1731.90434057432	782.47998046875
1734.3390164469	781.760009765625
1736.7729425999	782
1739.20611935604	781.799987792969
1741.63854703787	781.960021972656
1744.07022596776	781.47998046875
1746.50115646787	781.559997558594
1748.93133886019	781.159973144531
1751.36077346652	781.599975585938
1753.7894606085	781.320007324219
1756.21740060755	781.640014648438
1758.64459378494	781.52001953125
1761.07104046172	781.599975585938
1763.49674095879	782
1765.92169559684	781.080017089844
1768.3459046964	781.640014648438
1770.7693685778	780.919982910156
1773.1920875612	780.919982910156
1775.61406196656	781.359985351563
1778.03529211367	781.080017089844
1780.45577832214	781
1782.87552091138	781.039978027344
1785.29452020064	781.640014648438
1787.71277650897	780.840026855469
1790.13029015525	780.960021972656
1792.54706145817	781.400024414063
1794.96309073625	781.080017089844
1797.3783783078	781.440002441406
1799.79292449097	781.159973144531
1802.20672960375	781.280029296875
1804.61979396389	781.039978027344
1807.03211788902	780.919982910156
1809.44370169655	780.799987792969
1811.85454570373	781.200012207031
1814.2646502276	781.280029296875
1816.67401558506	780.599975585938
1819.0826420928	780.679992675781
1821.49053006734	781.359985351563
1823.89767982501	781.200012207031
1826.30409168198	780.919982910156
1828.70976595422	781.039978027344
1831.11470295753	781.159973144531
1833.51890300752	780.159973144531
1835.92236641964	780.919982910156
1838.32509350914	780.960021972656
1840.72708459111	780.719970703125
1843.12833998044	780.880004882813
1845.52885999184	781.039978027344
1847.92864493987	780.880004882813
1850.32769513889	781.239990234375
1852.72601090307	780.919982910156
1855.12359254642	780.52001953125
1857.52044038278	780.960021972656
1859.91655472578	781.039978027344
1862.31193588889	780.799987792969
1864.70658418542	780.080017089844
1867.10049992847	780.47998046875
1869.49368343096	780.559997558594
1871.88613500568	780.640014648438
1874.27785496518	780.840026855469
1876.66884362188	780.799987792969
1879.059101288	780.599975585938
1881.44862827559	780.719970703125
1883.8374248965	780.359985351563
1886.22549146246	780.679992675781
1888.61282828495	780.640014648438
1890.99943567534	780.359985351563
1893.38531394477	780.799987792969
1895.77046340424	780.880004882813
1898.15488436455	780.760009765625
1900.53857713634	781.080017089844
1902.92154203006	780.919982910156
1905.303779356	780.679992675781
1907.68528942426	780.880004882813
1910.06607254477	780.719970703125
1912.44612902729	780.799987792969
1914.82545918139	780.840026855469
1917.20406331648	780.400024414063
1919.58194174178	780.719970703125
1921.95909476634	780.919982910156
1924.33552269905	780.719970703125
1926.71122584861	780.880004882813
1929.08620452353	781
1931.46045903219	781.159973144531
1933.83398968275	780.640014648438
1936.20679678322	781.359985351563
1938.57888064142	781.200012207031
1940.95024156502	780.559997558594
1943.3208798615	780.960021972656
1945.69079583816	781.039978027344
1948.05998980213	780.559997558594
1950.42846206038	780.400024414063
1952.79621291969	780.840026855469
1955.16324268668	780.840026855469
1957.52955166778	780.799987792969
1959.89514016927	781.080017089844
1962.26000849723	780.880004882813
1964.62415695759	780.599975585938
1966.98758585609	781.239990234375
1969.3502954983	781.080017089844
1971.71228618964	781.280029296875
1974.07355823532	780.919982910156
1976.43411194042	781.239990234375
1978.79394760981	781
1981.1530655482	780.440002441406
1983.51146606014	781.280029296875
1985.86914944999	781.400024414063
1988.22611602196	781.119995117188
1990.58236608007	781.52001953125
1992.93789992817	780.280029296875
1995.29271786995	781.239990234375
1997.64682020892	780.880004882813
2000.00020724843	781
2002.35287929162	780.799987792969
2004.70483664152	781.159973144531
2007.05607960095	781.559997558594
2009.40660847256	781.400024414063
2011.75642355884	781.239990234375
2014.1055251621	781
2016.4539135845	780.640014648438
2018.80158912802	780.799987792969
2021.14855209444	781.559997558594
2023.49480278542	781.47998046875
2025.84034150242	780.679992675781
2028.18516854673	780.919982910156
2030.52928421948	781.440002441406
2032.87268882163	781.400024414063
2035.21538265398	780.960021972656
2037.55736601713	780.919982910156
2039.89863921153	781.359985351563
2042.23920253747	781.559997558594
2044.57905629506	781.559997558594
2046.91820078425	781.359985351563
2049.2566363048	781.52001953125
2051.59436315633	781.400024414063
2053.93138163827	781.47998046875
2056.2676920499	781.440002441406
2058.6032946903	781.47998046875
2060.93818985843	781.640014648438
2063.27237785303	781.400024414063
2065.60585897272	781.559997558594
2067.93863351592	781.159973144531
2070.27070178089	781.840026855469
2072.60206406574	781.679992675781
2074.93272066838	781.679992675781
2077.26267188658	781.719970703125
2079.59191801793	781.080017089844
2081.92045935985	781.280029296875
2084.24829620962	781.039978027344
2086.57542886431	781.239990234375
2088.90185762087	781.280029296875
2091.22758277604	781.679992675781
2093.55260462643	781.280029296875
2095.87692346845	781.679992675781
2098.20053959837	781.52001953125
2100.52345331229	781.47998046875
2102.84566490614	781.200012207031
2105.16717467567	781.200012207031
2107.48798291649	781.440002441406
2109.80808992403	781.440002441406
2112.12749599355	781.52001953125
2114.44620142016	781.679992675781
2116.7642064988	781.440002441406
2119.08151152423	781.640014648438
2121.39811679106	781.200012207031
2123.71402259374	782.039978027344
2126.02922922653	781.359985351563
2128.34373698356	781.960021972656
2130.65754615876	781.280029296875
2132.97065704594	781.760009765625
2135.28306993869	781.400024414063
2137.59478513047	781.440002441406
2139.90580291459	781.200012207031
2142.21612358416	781.039978027344
2144.52574743214	781.159973144531
2146.83467475134	781.559997558594
2149.1429058344	781.719970703125
2151.45044097377	781.760009765625
2153.75728046178	781.760009765625
2156.06342459057	781.880004882813
2158.36887365212	781.400024414063
2160.67362793825	781.159973144531
2162.97768774061	781.200012207031
2165.28105335071	781.599975585938
2167.58372505987	781.719970703125
2169.88570315926	781.559997558594
2172.18698793988	781.400024414063
2174.48757969258	781.080017089844
2176.78747870805	781.47998046875
2179.08668527679	781.359985351563
2181.38519968917	781.559997558594
2183.68302223538	781.200012207031
2185.98015320547	781.400024414063
2188.27659288929	781.760009765625
2190.57234157656	781.599975585938
2192.86739955682	781.359985351563
2195.16176711948	780.679992675781
2197.45544455375	781.039978027344
2199.74843214869	781.359985351563
2202.04073019322	781.359985351563
2204.33233897607	781.080017089844
2206.62325878583	781.359985351563
2208.91348991093	781.559997558594
2211.20303263961	781.559997558594
2213.49188726	781.52001953125
2215.78005406001	781
2218.06753332744	780.880004882813
2220.35432534991	781.159973144531
2222.64043041487	780.919982910156
2224.92584880964	780.960021972656
2227.21058082134	781.200012207031
2229.49462673696	781.159973144531
2231.77798684332	780.52001953125
2234.06066142709	780.919982910156
2236.34265077477	781.440002441406
2238.62395517269	780.52001953125
2240.90457490706	781.039978027344
2243.18451026388	780.960021972656
2245.46376152904	781.200012207031
2247.74232898823	780.599975585938
2250.02021292701	780.359985351563
2252.29741363077	781
2254.57393138475	781.359985351563
2256.849766474	780.760009765625
2259.12491918346	781.080017089844
2261.39938979788	780.960021972656
2263.67317860185	780.840026855469
2265.94628587983	780.159973144531
2268.2187119161	780.799987792969
2270.49045699478	780.880004882813
2272.76152139985	780.960021972656
2275.03190541511	780.919982910156
2277.30160932421	780.960021972656
2279.57063341067	781.280029296875
2281.83897795781	781.280029296875
2284.10664324882	780.799987792969
2286.37362956672	780.52001953125
2288.63993719439	781.320007324219
2290.90556641454	781
2293.17051750973	780.52001953125
2295.43479076235	781.200012207031
2297.69838645465	780.880004882813
2299.96130486871	780.840026855469
2302.22354628647	780.960021972656
2304.48511098971	781.159973144531
2306.74599926003	780.760009765625
2309.00621137891	780.919982910156
2311.26574762765	780.840026855469
2313.52460828741	780.760009765625
2315.78279363917	780.47998046875
2318.04030396379	780.960021972656
2320.29713954195	780.599975585938
2322.55330065418	780.799987792969
2324.80878758085	781.039978027344
2327.06360060219	780.719970703125
2329.31773999826	780.679992675781
2331.57120604897	780.880004882813
2333.82399903409	780.880004882813
2336.0761192332	780.679992675781
2338.32756692577	780.440002441406
2340.57834239108	779.960021972656
2342.82844590827	780.52001953125
2345.07787775633	780.239990234375
2347.32663821409	781.159973144531
2349.57472756023	780.359985351563
2351.82214607327	780.640014648438
2354.06889403158	780.359985351563
2356.31497171337	780.960021972656
2358.56037939672	780.679992675781
2360.80511735953	780.200012207031
2363.04918587955	780.599975585938
2365.29258523439	780.719970703125
2367.5353157015	780.559997558594
2369.77737755817	780.719970703125
2372.01877108156	780.760009765625
2374.25949654865	780.440002441406
2376.49955423629	780.52001953125
2378.73894442115	780
2380.97766737977	780.47998046875
2383.21572338855	780.679992675781
2385.45311272369	780.239990234375
2387.68983566129	780.159973144531
2389.92589247727	780.840026855469
2392.1612834474	780.280029296875
2394.39600884731	780.880004882813
2396.63006895246	780.919982910156
2398.86346403818	780.559997558594
2401.09619437962	780.200012207031
2403.32826025182	780.47998046875
2405.55966192963	780.080017089844
2407.79039968777	780.440002441406
2410.0204738008	780.239990234375
2412.24988454313	780.359985351563
2414.47863218902	780.640014648438
2416.70671701258	780.679992675781
2418.93413928778	780.760009765625
2421.16089928842	780.039978027344
2423.38699728817	780.359985351563
2425.61243356052	780.039978027344
2427.83720837884	780.440002441406
2430.06132201633	780.679992675781
2432.28477474606	780.919982910156
2434.50756684093	780.840026855469
2436.72969857371	780.320007324219
2438.95117021699	780.039978027344
2441.17198204325	780.359985351563
2443.39213432478	780.760009765625
2445.61162733376	780.679992675781
2447.83046134218	780.599975585938
2450.04863662192	780.359985351563
2452.26615344468	780.599975585938
2454.48301208203	780.760009765625
2456.69921280539	780.320007324219
2458.91475588602	780.599975585938
2461.12964159504	780.599975585938
2463.34387020342	780.400024414063
2465.55744198198	780.200012207031
2467.77035720139	780.919982910156
2469.98261613217	780.159973144531
2472.1942190447	780.239990234375
2474.40516620922	780.440002441406
2476.6154578958	780.400024414063
2478.82509437436	780.159973144531
2481.03407591471	780.599975585938
2483.24240278646	780.47998046875
2485.45007525911	780.760009765625
2487.65709360202	780.960021972656
2489.86345808435	780.559997558594
2492.06916897518	780.400024414063
2494.27422654339	780.559997558594
2496.47863105774	780.679992675781
2498.68238278683	780.840026855469
2500.88548199912	780.47998046875
2503.08792896294	780.039978027344
2505.28972394643	780.599975585938
2507.49086721763	780.400024414063
2509.6913590444	780.559997558594
2511.89119969447	780.679992675781
2514.09038943543	780.52001953125
2516.2889285347	781.47998046875
2518.48681725957	780.47998046875
2520.6840558772	780.799987792969
2522.88064465456	780.640014648438
2525.07658385852	780.440002441406
2527.27187375578	780.599975585938
2529.4665146129	780.719970703125
2531.66050669629	780.47998046875
2533.85385027222	780.679992675781
2536.04654560681	780.440002441406
2538.23859296605	780.760009765625
2540.42999261577	780.159973144531
2542.62074482166	780.239990234375
2544.81084984925	780.679992675781
2547.00030796395	780.239990234375
2549.18911943101	780.400024414063
2551.37728451555	780.640014648438
2553.56480348252	780.400024414063
2555.75167659675	780.880004882813
2557.93790412292	781
2560.12348632556	780.280029296875
2562.30842346905	780.960021972656
2564.49271581764	780.919982910156
2566.67636363544	781.039978027344
2568.85936718639	780.679992675781
2571.04172673431	780.440002441406
2573.22344254288	780.080017089844
2575.40451487562	780.559997558594
2577.58494399591	780.559997558594
2579.76473016699	780.599975585938
2581.94387365196	780.719970703125
2584.12237471377	780.640014648438
2586.30023361523	781
2588.47745061901	780.47998046875
2590.65402598763	780.679992675781
2592.82995998348	780.840026855469
2595.0052528688	780.559997558594
2597.17990490568	780.679992675781
2599.35391635608	780.760009765625
2601.52728748181	780.840026855469
2603.70001854454	780.320007324219
2605.8721098058	780.200012207031
2608.04356152698	780.799987792969
2610.21437396931	780.960021972656
2612.3845473939	781.119995117188
2614.55408206173	780.840026855469
2616.72297823359	781
2618.89123617017	780.47998046875
2621.058856132	781.119995117188
2623.22583837949	780.719970703125
2625.39218317288	780.840026855469
2627.55789077229	780.760009765625
2629.72296143769	780.799987792969
2631.88739542891	780.960021972656
2634.05119300563	780.960021972656
2636.21435442742	781.159973144531
2638.37687995367	781.080017089844
2640.53876984365	780.47998046875
2642.70002435649	781.159973144531
2644.86064375119	781.440002441406
2647.02062828658	780.840026855469
2649.17997822137	781.359985351563
2651.33869381413	781
2653.49677532328	781
2655.65422300711	781.359985351563
2657.81103712378	781.239990234375
2659.96721793127	781
2662.12276568747	780.919982910156
2664.2776806501	780.47998046875
2666.43196307675	781.320007324219
2668.58561322486	781.200012207031
2670.73863135176	780.960021972656
2672.8910177146	780.880004882813
2675.04277257043	780.919982910156
2677.19389617612	780.52001953125
2679.34438878845	781.159973144531
2681.49425066402	780.599975585938
2683.64348205931	781
2685.79208323065	781.52001953125
2687.94005443425	780.880004882813
2690.08739592617	781.679992675781
2692.23410796233	781.599975585938
2694.38019079852	781
2696.52564469038	780.799987792969
2698.67046989342	781.359985351563
2700.81466666302	780.880004882813
2702.9582352544	781.320007324219
2705.10117592265	781.52001953125
2707.24348892275	781.400024414063
2709.3851745095	781.359985351563
2711.5262329376	781.119995117188
2713.66666446158	781.119995117188
2715.80646933585	781.559997558594
2717.94564781468	781.559997558594
2720.08420015222	781.679992675781
2722.22212660245	782.320007324219
2724.35942741923	781.919982910156
2726.49610285628	781.359985351563
2728.63215316721	782.080017089844
2730.76757860544	782.640014648438
2732.9023794243	781.919982910156
2735.03655587697	781.760009765625
2737.17010821648	782
2739.30303669573	781.960021972656
2741.4353415675	782.119995117188
2743.56702308442	782.159973144531
2745.69808149898	781.880004882813
2747.82851706355	781.840026855469
2749.95833003034	781.719970703125
2752.08752065145	781.599975585938
2754.21608917883	781.840026855469
2756.3440358643	781.679992675781
2758.47136095954	781.52001953125
2760.59806471609	782.119995117188
2762.72414738537	782.200012207031
2764.84960921865	782.239990234375
2766.97445046708	782.159973144531
2769.09867138166	782.039978027344
2771.22227221326	782.200012207031
2773.34525321263	781.799987792969
2775.46761463035	781.799987792969
2777.58935671691	782.119995117188
2779.71047972262	781.52001953125
2781.83098389771	781.960021972656
2783.95086949221	781.719970703125
2786.07013675607	782.080017089844
2788.18878593908	782.080017089844
2790.3068172909	781.679992675781
2792.42423106106	782.159973144531
2794.54102749895	782.239990234375
2796.65720685384	781.840026855469
2798.77276937486	782.280029296875
2800.88771531098	782.039978027344
2803.00204491107	782.280029296875
2805.11575842387	781.880004882813
2807.22885609796	782.159973144531
2809.34133818179	782.119995117188
2811.4532049237	782.039978027344
2813.56445657189	782.719970703125
2815.6750933744	782.280029296875
2817.78511557916	782.840026855469
2819.89452343398	783.280029296875
2822.00331718652	782.960021972656
2824.11149708429	783.039978027344
2826.2190633747	782.599975585938
2828.32601630502	783.559997558594
2830.43235612237	782.799987792969
2832.53808307375	783.919982910156
2834.64319740603	784.679992675781
2836.74769936595	785.559997558594
2838.85158920011	785.760009765625
2840.95486715497	785.799987792969
2843.05753347689	787.359985351563
2845.15958841206	788
2847.26103220657	789
2849.36186510636	790.200012207031
2851.46208735724	790.320007324219
2853.56169920488	790.440002441406
2855.66070089485	791.039978027344
2857.75909267257	792.599975585938
2859.85687478332	792.52001953125
2861.95404747225	793.159973144531
2864.05061098439	794.919982910156
2866.14656556464	795.200012207031
2868.24191145777	795.840026855469
2870.3366489084	795.039978027344
2872.43077816104	796.679992675781
2874.52429946006	797.880004882813
2876.61721304971	798.679992675781
2878.70951917409	798.880004882813
2880.8012180772	798.47998046875
2882.89231000287	798.400024414063
2884.98279519483	798.880004882813
2887.07267389667	798.719970703125
2889.16194635186	798.200012207031
2891.25061280373	799.960021972656
2893.33867349546	800.719970703125
2895.42612867015	799.599975585938
2897.51297857074	800.559997558594
2899.59922344003	800.52001953125
2901.68486352071	800.960021972656
2903.76989905533	801.47998046875
2905.85433028632	803.719970703125
2907.93815745598	805.679992675781
2910.02138080648	805.080017089844
2912.10400057985	805.119995117188
2914.186017018	804.440002441406
2916.26743036271	805.599975585938
2918.34824085563	806.159973144531
2920.4284487383	808.679992675781
2922.5080542521	808.440002441406
2924.58705763829	810.440002441406
2926.66545913802	809.880004882813
2928.74325899231	810.559997558594
2930.82045744202	812.359985351563
2932.89705472792	811.119995117188
2934.97305109062	812.200012207031
2937.04844677063	812.559997558594
2939.12324200832	810.640014648438
2941.19743704393	812.039978027344
2943.27103211757	810.280029296875
2945.34402746923	807.359985351563
2947.41642333876	806.039978027344
2949.48821996592	805.599975585938
2951.55941759028	805.119995117188
2953.63001645135	805.960021972656
2955.70001678845	804.400024414063
2957.76941884083	805
2959.83822284757	802.960021972656
2961.90642904764	804.440002441406
2963.97403767988	802.47998046875
2966.04104898302	801.239990234375
2968.10746319565	802.119995117188
2970.17328055621	801.280029296875
2972.23850130305	799.919982910156
2974.30312567438	800.159973144531
2976.36715390829	801.080017089844
2978.43058624273	801
2980.49342291553	799.440002441406
2982.55566416439	798.640014648438
2984.61731022691	798.799987792969
2986.67836134051	799
2988.73881774255	798.239990234375
2990.79867967021	797.679992675781
2992.85794736058	796.760009765625
2994.9166210506	796.799987792969
2996.97470097711	795.359985351563
2999.03218737679	795.52001953125
3001.08908048622	795.52001953125
3003.14538054186	795.679992675781
3005.20108778002	796.239990234375
3007.25620243691	794.159973144531
3009.3107247486	794.039978027344
3011.36465495104	793.840026855469
3013.41799328004	793.440002441406
3015.47073997133	793.840026855469
3017.52289526045	793.919982910156
3019.57445938288	793.599975585938
3021.62543257393	794.039978027344
3023.6758150688	793.760009765625
3025.72560710258	793.239990234375
3027.77480891021	793.320007324219
3029.82342072652	794.400024414063
3031.87144278622	795.080017089844
3033.91887532389	795
3035.96571857399	794.239990234375
3038.01197277084	796.159973144531
3040.05763814867	794.719970703125
3042.10271494154	794.080017089844
3044.14720338344	796.640014648438
3046.19110370818	797.280029296875
3048.2344161495	797.080017089844
3050.27714094097	796.559997558594
3052.31927831608	797.400024414063
3054.36082850816	798.799987792969
3056.40179175044	799.47998046875
3058.44216827602	797.760009765625
3060.48195831786	798.320007324219
3062.52116210884	798.320007324219
3064.55977988167	799.239990234375
3066.59781186897	800.119995117188
3068.63525830322	799.760009765625
3070.67211941678	801.599975585938
3072.7083954419	800.679992675781
3074.7440866107	800.52001953125
3076.77919315516	800.640014648438
3078.81371530716	800.119995117188
3080.84765329846	801.799987792969
3082.88100736068	801.119995117188
3084.91377772534	802.359985351563
3086.94596462381	802.119995117188
3088.97756828737	802.799987792969
3091.00858894714	802.239990234375
3093.03902683417	802.440002441406
3095.06888217933	803.320007324219
3097.09815521342	803.840026855469
3099.12684616709	805
3101.15495527087	805.760009765625
3103.18248275518	805.679992675781
3105.20942885031	806.679992675781
3107.23579378642	807.640014648438
3109.26157779358	808.400024414063
3111.28678110171	809.280029296875
3113.31140394062	808.400024414063
3115.33544654	808.200012207031
3117.35890912942	809.280029296875
3119.38179193832	810.47998046875
3121.40409519602	810.719970703125
3123.42581913174	812.640014648438
3125.44696397457	811.559997558594
3127.46752995345	813.640014648438
3129.48751729725	813.359985351563
3131.50692623469	812.52001953125
3133.52575699436	812.280029296875
3135.54400980476	815.320007324219
3137.56168489425	816.280029296875
3139.57878249108	816.400024414063
3141.59530282337	818.119995117188
3143.61124611913	815.679992675781
3145.62661260624	816.320007324219
3147.64140251247	817.159973144531
3149.65561606547	815.919982910156
3151.66925349277	817.280029296875
3153.68231502177	818.919982910156
3155.69480087977	819.200012207031
3157.70671129394	823.840026855469
3159.71804649132	824.320007324219
3161.72880669886	821.840026855469
3163.73899214336	822.119995117188
3165.74860305152	822.880004882813
3167.75763964991	822.400024414063
3169.766102165	825.599975585938
3171.77399082313	826.640014648438
3173.7813058505	825
3175.78804747323	824.280029296875
3177.79421591731	825.960021972656
3179.79981140859	827.280029296875
3181.80483417282	827.280029296875
3183.80928443564	829.880004882813
3185.81316242255	829.440002441406
3187.81646835896	828.039978027344
3189.81920247013	830.320007324219
3191.82136498122	832.599975585938
3193.82295611727	832.119995117188
3195.82397610321	833.119995117188
3197.82442516385	830.880004882813
3199.82430352386	833.400024414063
3201.82361140782	835.320007324219
3203.82234904018	836.679992675781
3205.82051664529	835.400024414063
3207.81811444735	833.599975585938
3209.81514267047	835.760009765625
3211.81160153863	834.119995117188
3213.80749127571	833.840026855469
3215.80281210545	833.640014648438
3217.79756425148	837.47998046875
3219.79174793733	834.559997558594
3221.7853633864	833.640014648438
3223.77841082196	836.919982910156
3225.77089046719	836.440002441406
3227.76280254513	838.52001953125
3229.75414727873	837.559997558594
3231.74492489081	840.039978027344
3233.73513560406	838
3235.72477964107	838.640014648438
3237.71385722431	840.760009765625
3239.70236857614	839.880004882813
3241.6903139188	836.239990234375
3243.6776934744	835.599975585938
3245.66450746496	837.200012207031
3247.65075611237	836.320007324219
3249.63643963841	835.400024414063
3251.62155826472	836.359985351563
3253.60611221287	835.440002441406
3255.59010170428	839.119995117188
3257.57352696026	843.47998046875
3259.55638820202	843.080017089844
3261.53868565064	840.52001953125
3263.52041952708	843.760009765625
3265.50159005221	843.960021972656
3267.48219744676	837.239990234375
3269.46224193136	838.559997558594
3271.44172372651	841.919982910156
3273.42064305262	840.799987792969
3275.39900012996	840.440002441406
3277.3767951787	838.47998046875
3279.35402841889	838.200012207031
3281.33070007047	839.840026855469
3283.30681035326	839.359985351563
3285.28235948698	840.640014648438
3287.25734769121	840.840026855469
3289.23177518544	845.47998046875
3291.20564218903	841.280029296875
3293.17894892124	841.799987792969
3295.1516956012	841.159973144531
3297.12388244795	838.799987792969
3299.09550968039	837.52001953125
3301.06657751732	836.760009765625
3303.03708617743	838.719970703125
3305.00703587929	845.080017089844
3306.97642684135	843.880004882813
3308.94525928196	841.200012207031
3310.91353341935	838.239990234375
3312.88124947164	839.840026855469
3314.84840765683	837.559997558594
3316.81500819282	835.799987792969
3318.78105129738	837.640014648438
3320.74653718818	837.039978027344
3322.71146608278	836.280029296875
3324.67583819861	837.640014648438
3326.639653753	839.880004882813
3328.60291296317	839.200012207031
3330.56561604621	840.880004882813
3332.52776321913	844.679992675781
3334.4893546988	843.799987792969
3336.45039070198	839.919982910156
3338.41087144533	837.52001953125
3340.37079714539	837.119995117188
3342.33016801859	834.239990234375
3344.28898428124	835.599975585938
3346.24724614955	840.679992675781
3348.20495383962	838.320007324219
3350.16210756742	838.200012207031
3352.11870754883	839.919982910156
3354.07475399961	836.719970703125
3356.03024713539	837.320007324219
3357.98518717173	837.799987792969
3359.93957432403	841.719970703125
3361.89340880761	840.679992675781
3363.84669083768	839.280029296875
3365.79942062933	837
3367.75159839753	836.679992675781
3369.70322435715	841.039978027344
3371.65429872295	842.200012207031
3373.60482170957	842.679992675781
3375.55479353155	844.840026855469
3377.50421440332	842.400024414063
3379.45308453918	839.200012207031
3381.40140415335	836.47998046875
3383.34917345991	838.159973144531
3385.29639267284	837.960021972656
3387.24306200602	839.799987792969
3389.18918167321	840.640014648438
3391.13475188806	842.159973144531
3393.07977286411	843.359985351563
3395.02424481479	846.200012207031
3396.96816795342	844.640014648438
3398.91154249322	841.159973144531
3400.85436864728	842.239990234375
3402.79664662859	840.679992675781
3404.73837665004	840.159973144531
3406.67955892439	840.239990234375
3408.62019366432	839.840026855469
3410.56028108236	841.400024414063
3412.49982139096	842.799987792969
3414.43881480247	844.400024414063
3416.37726152909	847.080017089844
3418.31516178295	844.080017089844
3420.25251577605	841.760009765625
3422.18932372029	841.400024414063
3424.12558582746	842.880004882813
3426.06130230922	843.400024414063
3427.99647337717	843.080017089844
3429.93109924274	842.840026855469
3431.8651801173	840.080017089844
3433.79871621209	838.440002441406
3435.73170773824	840.239990234375
3437.66415490678	840.359985351563
3439.59605792862	836.880004882813
3441.52741701458	836.559997558594
3443.45823237536	836.080017089844
3445.38850422154	836.559997558594
3447.31823276362	840.919982910156
3449.24741821196	840.039978027344
3451.17606077684	838.719970703125
3453.10416066842	837.400024414063
3455.03171809674	838.919982910156
3456.95873327175	836.200012207031
3458.88520640329	835.159973144531
3460.81113770109	834.320007324219
3462.73652737477	832.960021972656
3464.66137563383	833
3466.58568268769	832.919982910156
3468.50944874565	831.679992675781
3470.43267401689	833.080017089844
3472.3553587105	835.119995117188
3474.27750303545	828.119995117188
3476.19910720062	827.599975585938
3478.12017141476	832.52001953125
3480.04069588654	834.840026855469
3481.9606808245	834.960021972656
3483.88012643707	831.440002441406
3485.79903293259	829.799987792969
3487.7174005193	826.599975585938
3489.63522940532	826.119995117188
3491.55251979864	825.440002441406
3493.46927190719	824.159973144531
3495.38548593877	823.359985351563
3497.30116210107	823.039978027344
3499.21630060167	825.880004882813
3501.13090164807	825.080017089844
3503.04496544763	821.440002441406
3504.95849220763	822.400024414063
3506.87148213523	821.440002441406
3508.78393543748	822.239990234375
3510.69585232134	821.239990234375
3512.60723299365	820.919982910156
3514.51807766116	820.080017089844
3516.42838653049	822.400024414063
3518.33815980819	818.440002441406
3520.24739770066	817.280029296875
3522.15610041423	817.559997558594
3524.06426815511	815.919982910156
3525.9719011294	817.640014648438
3527.87899954311	819.080017089844
3529.78556360213	818.080017089844
3531.69159351225	817.280029296875
3533.59708947916	817.400024414063
3535.50205170844	814.919982910156
3537.40648040556	815.239990234375
3539.3103757759	812.200012207031
3541.21373802472	810.760009765625
3543.11656735717	809.239990234375
3545.01886397833	809.280029296875
3546.92062809313	810.119995117188
3548.82185990643	811.359985351563
3550.72255962297	810.719970703125
3552.62272744738	809.679992675781
3554.5223635842	809.799987792969
3556.42146823786	808.47998046875
3558.32004161268	807.47998046875
3560.21808391289	807.679992675781
3562.11559534259	807.200012207031
3564.01257610581	805.719970703125
3565.90902640645	805.47998046875
3567.80494644831	806.400024414063
3569.7003364351	806.640014648438
3571.59519657042	805.280029296875
3573.48952705774	803.760009765625
3575.38332810048	804.880004882813
3577.27659990191	806.080017089844
3579.16934266521	803.559997558594
3581.06155659346	803.760009765625
3582.95324188965	804.159973144531
3584.84439875663	802.880004882813
3586.73502739718	802.320007324219
3588.62512801397	802.320007324219
3590.51470080955	802.080017089844
3592.40374598639	800.840026855469
3594.29226374685	801.640014648438
3596.18025429317	802.679992675781
3598.06771782751	800
3599.95465455192	800
3601.84106466834	799.760009765625
3603.72694837861	799.880004882813
3605.61230588447	799.239990234375
3607.49713738756	799.880004882813
3609.38144308942	800.559997558594
3611.26522319148	798.799987792969
3613.14847789506	797.400024414063
3615.0312074014	796.840026855469
3616.91341191162	795.799987792969
3618.79509162674	795.52001953125
3620.67624674769	795.159973144531
3622.55687747528	795.640014648438
3624.43698401024	795.440002441406
3626.31656655317	796.280029296875
3628.1956253046	795.960021972656
3630.07416046492	795.039978027344
3631.95217223446	793.960021972656
3633.82966081342	793.359985351563
3635.70662640191	793.760009765625
3637.58306919993	793.679992675781
3639.45898940739	793.719970703125
3641.33438722409	792.840026855469
3643.20926284973	792.039978027344
3645.08361648392	792.080017089844
3646.95744832614	790.799987792969
3648.8307585758	791.719970703125
3650.7035474322	790.960021972656
3652.57581509452	790.880004882813
3654.44756176188	790.080017089844
3656.31878763324	789.200012207031
3658.18949290753	789.039978027344
3660.05967778352	787.880004882813
3661.9293424599	787.760009765625
3663.79848713527	789.159973144531
3665.66711200812	788.440002441406
3667.53521727684	787.840026855469
3669.40280313972	786.559997558594
3671.26986979494	786.359985351563
3673.13641744059	786.159973144531
3675.00244627468	786.559997558594
