-140.373595351881	779.239990234375
-137.335129063906	778.599975585938
-134.297686810867	778.719970703125
-131.261268103955	779.359985351563
-128.225872454677	779.200012207031
-125.191499374839	779.200012207031
-122.158148376567	779.119995117188
-119.125818972292	778.679992675781
-116.094510674759	778.799987792969
-113.064222997021	779.039978027344
-110.034955452443	779.320007324219
-107.006707554687	778.719970703125
-103.979478817741	778.599975585938
-100.95326875589	778.919982910156
-97.928076883731	779.119995117188
-94.9039027161698	778.799987792969
-91.8807457684175	778.760009765625
-88.8586055560018	778.080017089844
-85.8374815947384	778.960021972656
-82.8173734007715	779.239990234375
-79.7982804905411	779.400024414063
-76.7802023807988	779.080017089844
-73.7631385885914	779.52001953125
-70.7470886312892	779.039978027344
-67.732052026553	778.640014648438
-64.7180282923587	779
-61.7050169469884	778.799987792969
-58.6930175090183	778.760009765625
-55.6820294973386	779
-52.6720524311495	778.559997558594
-49.66308582994	778.640014648438
-46.6551292135171	778.760009765625
-43.6481821019882	778.840026855469
-40.6422440157577	779.280029296875
-37.6373144755424	778.960021972656
-34.6333930023594	778.760009765625
-31.630479117526	778.840026855469
-28.6285723426709	778.599975585938
-25.6276721997107	778.640014648438
-22.6277782108771	779.280029296875
-19.628889898701	778.799987792969
-16.6310067860081	780
-13.6341283959385	782.080017089844
-10.6382542519231	796
-7.64338387769432	833.599975585938
-4.64951679729502	856.47998046875
-1.65665253506141	841.559997558594
1.33520938438089	800.919982910156
4.32606943608095	781.119995117188
7.315928094803	779.239990234375
10.3047858350146	778.880004882813
13.2926431308747	779.119995117188
16.2795004562541	778.440002441406
19.2653582847118	779.119995117188
22.2502170895187	778.640014648438
25.2340773436344	779
28.216939519735	778.440002441406
31.1988040901939	778.719970703125
34.1796715270814	778.760009765625
37.1595423021732	779
40.1384168869468	778.640014648438
43.1162957525854	778.760009765625
46.0931793699786	779.159973144531
49.0690682097059	778.719970703125
52.0439627420619	778.960021972656
55.0178634370476	778.799987792969
57.9907707643592	778.919982910156
60.9626851933962	778.960021972656
63.9336071932735	778.679992675781
66.9035372328018	779.080017089844
69.8724757804959	778.640014648438
72.8404233045826	778.960021972656
75.8073802729932	778.760009765625
78.7733471533597	778.640014648438
81.738324413019	778.52001953125
84.702312519025	778.559997558594
87.665311938125	778.880004882813
90.6273231367761	778.960021972656
93.5883465811569	778.359985351563
96.5483827371242	778.679992675781
99.5074320702731	778.320007324219
102.465495045889	779.080017089844
105.422572128961	778.599975585938
108.378663784199	779.039978027344
111.333770476014	779
114.287892668528	778.719970703125
117.24103082557	779.080017089844
120.193185410674	779
123.144356887097	779.200012207031
126.094545717786	779.200012207031
129.043752365413	780.200012207031
131.991977292355	780.799987792969
134.939220960695	780.799987792969
137.885483832232	781
140.83076636847	781.47998046875
143.775069030632	781.47998046875
146.718392279644	781.640014648438
149.660736576149	782.760009765625
152.602102380488	782.679992675781
155.54249015274	783.52001953125
158.481900352672	783.960021972656
161.420333439765	784.679992675781
164.357789873227	785.280029296875
167.294270111968	786.080017089844
170.229774614617	787
173.164303839496	787.119995117188
176.097858244675	788.440002441406
179.030438287908	788.239990234375
181.962044426678	789.239990234375
184.89267711817	789.799987792969
187.822336819302	789.919982910156
190.751023986678	790.559997558594
193.678739076648	791.559997558594
196.605482545255	791.280029296875
199.531254848261	792.200012207031
202.456056441152	791.359985351563
205.379887779119	791.119995117188
208.30274931708	791.880004882813
211.224641509656	792.080017089844
214.145564811189	791.47998046875
217.06551967574	790.200012207031
219.984506557089	790.760009765625
222.902525908723	790
225.819578183856	790.440002441406
228.735663835415	791.359985351563
231.650783316047	790.119995117188
234.564937078107	790.840026855469
237.478125573679	790.200012207031
240.390349254566	790.960021972656
243.301608572278	792.039978027344
246.211903978051	791.960021972656
249.121235922839	792.080017089844
252.029604857321	792.679992675781
254.93701123188	793.599975585938
257.843455496632	793
260.748938101415	793.440002441406
263.653459495766	793.760009765625
266.557020128967	795.320007324219
269.459620450005	794.760009765625
272.361260907595	794.840026855469
275.261941950168	794.960021972656
278.161664025874	794.599975585938
281.060427582592	795.159973144531
283.958233067921	796.159973144531
286.855080929176	795.840026855469
289.750971613398	795.400024414063
292.645905567344	794.799987792969
295.539883237503	795.039978027344
298.432905070079	795.159973144531
301.324971511007	795.440002441406
304.216083005931	798.840026855469
307.10624000023	801.840026855469
309.995442939003	809.679992675781
312.883692267071	821.679992675781
315.770988428979	839.679992675781
318.657331869	851.159973144531
321.542723031127	848.919982910156
324.427162359076	831.679992675781
327.310650296293	817.280029296875
330.193187285945	806.719970703125
333.074773770929	801.159973144531
335.955410193855	796.880004882813
338.835096997075	795.200012207031
341.713834622655	795.239990234375
344.59162351239	793.760009765625
347.468464107802	793.760009765625
350.344356850137	792.840026855469
353.219302180373	792.640014648438
356.093300539208	791.919982910156
358.966352367073	791.960021972656
361.838458104123	792.679992675781
364.70961819024	791.039978027344
367.579833065031	792
370.449103167837	791.400024414063
373.317428937727	791.599975585938
376.184810813496	791.280029296875
379.051249233659	791.159973144531
381.916744636474	791.599975585938
384.78129745992	790.960021972656
387.644908141706	790.679992675781
390.50757711927	790.440002441406
393.36930482978	791.119995117188
396.23009171014	790.760009765625
399.089938196969	791.280029296875
401.948844726631	790.47998046875
404.806811735214	791.640014648438
407.66383965853	791.119995117188
410.519928932138	791.359985351563
413.375079991314	790.719970703125
416.229293271071	789.760009765625
419.082569206155	790.52001953125
421.934908231031	790.039978027344
424.786310779917	791.080017089844
427.636777286748	790.960021972656
430.486308185189	791.840026855469
433.334903908649	790.559997558594
436.182564890262	790.880004882813
439.029291562898	790.640014648438
441.875084359157	791.039978027344
444.719943711374	790.840026855469
447.563870051618	790.159973144531
450.406863811695	790.919982910156
453.248925423132	790.159973144531
456.090055317208	789.559997558594
458.93025392492	791.039978027344
461.76952167701	790.239990234375
464.60785900395	790.47998046875
467.44526633595	790.200012207031
470.281744102955	791.559997558594
473.117292734635	790.599975585938
475.951912660415	789.840026855469
478.785604309439	790.239990234375
481.618368110592	790.359985351563
484.450204492499	789.840026855469
487.281113883518	789.760009765625
490.111096711738	791
492.940153404999	790.359985351563
495.768284390864	790.799987792969
498.595490096635	791.200012207031
501.421770949366	790.200012207031
504.247127375825	790.440002441406
507.071559802537	789.840026855469
509.89506865575	790.840026855469
512.717654361473	789.599975585938
515.539317345424	790.640014648438
518.360058033083	790.239990234375
521.179876849652	791
523.998774220083	790.239990234375
526.816750569068	789.599975585938
529.633806321025	790.239990234375
532.44994190013	790.559997558594
535.265157730284	789.440002441406
538.079454235133	790
540.892831838066	790.47998046875
543.705290962208	790.280029296875
546.516832030424	790
549.32745546533	789.880004882813
552.137161689268	790.159973144531
554.945951124325	789.440002441406
557.753824192341	789.239990234375
560.560781314883	789.840026855469
563.36682291327	789.119995117188
566.171949408555	789.960021972656
568.976161221537	789.359985351563
571.779458772759	789.559997558594
574.5818424825	790.440002441406
577.383312770792	789.119995117188
580.183870057402	789
582.983514761843	789.679992675781
585.782247303363	789.159973144531
588.580068100976	790.320007324219
591.376977573414	789.359985351563
594.172976139164	789.559997558594
596.968064216463	789.280029296875
599.762242223282	788.960021972656
602.555510577335	788.679992675781
605.347869696099	788.359985351563
608.139319996771	788.359985351563
610.929861896313	788.280029296875
613.719495811421	788.719970703125
616.508222158541	789.039978027344
619.296041353863	789.47998046875
622.082953813324	789.359985351563
624.868959952607	789.200012207031
627.654060187137	788.760009765625
630.438254932094	788.159973144531
633.221544602397	788.400024414063
636.003929612719	788.960021972656
638.785410377468	787.880004882813
641.565987310814	788.840026855469
644.345660826665	788.840026855469
647.124431338674	788.440002441406
649.902299260252	788.039978027344
652.679265004552	788.039978027344
655.455328984475	787.840026855469
658.230491612671	788.799987792969
661.004753301541	788.47998046875
663.778114463229	788.400024414063
666.550575509631	788.960021972656
669.322136852395	788.719970703125
672.092798902916	789.52001953125
674.862562072336	789.080017089844
677.631426771548	789.280029296875
680.399393411204	788.960021972656
683.166462401689	787.799987792969
685.93263415315	789.119995117188
688.697909075486	789
691.462287578337	787.679992675781
694.225770071098	787.960021972656
696.988356962926	788.080017089844
699.750048662705	787.440002441406
702.5108455791	788.080017089844
705.270748120503	787.760009765625
708.029756695068	789.080017089844
710.787871710705	789.080017089844
713.545093575065	789.159973144531
716.301422695566	788.52001953125
719.056859479364	788.760009765625
721.811404333376	789.359985351563
724.56505766427	789.47998046875
727.317819878473	788.200012207031
730.069691382148	788.359985351563
732.820672581226	788.400024414063
735.570763881396	788.47998046875
738.319965688092	788.919982910156
741.068278406496	788.47998046875
743.815702441559	789.280029296875
746.562238197974	789.47998046875
749.307886080196	789.200012207031
752.052646492436	790.039978027344
754.796519838656	789.52001953125
757.539506522567	788.640014648438
760.28160694765	789.239990234375
763.022821517128	788.280029296875
765.76315063399	789.760009765625
768.502594700972	788.799987792969
771.241154120572	788.640014648438
773.978829295045	789.320007324219
776.715620626397	789.760009765625
779.451528516396	790.559997558594
782.186553366565	790.239990234375
784.920695578179	789.559997558594
787.653955552283	790.359985351563
790.386333689662	789.080017089844
793.117830390877	789.47998046875
795.848446056227	789.159973144531
798.578181085792	788.400024414063
801.307035879389	788.200012207031
804.035010836599	790.119995117188
806.762106356774	789.640014648438
809.488322839013	789.760009765625
812.213660682169	789.599975585938
814.938120284866	789.640014648438
817.661702045482	789.52001953125
820.384406362153	788.760009765625
823.10623363278	788.52001953125
825.827184255014	789.080017089844
828.547258626283	788.919982910156
831.266457143747	788.239990234375
833.984780204358	787.840026855469
836.702228204804	788.080017089844
839.418801541552	788.239990234375
842.134500610814	788.679992675781
844.849325808575	789.679992675781
847.563277530579	789.47998046875
850.276356172319	788.799987792969
852.988562129066	789.080017089844
855.69989579585	789.080017089844
858.410357567456	789.080017089844
861.119947838428	788.919982910156
863.828667003087	788.440002441406
866.536515455503	788.599975585938
869.243493589517	787.919982910156
871.949601798728	789
874.654840476504	787.960021972656
877.359210015961	788.52001953125
880.062710810003	788.239990234375
882.765343251273	789.200012207031
885.467107732191	788.119995117188
888.168004644938	788.239990234375
890.868034381467	787.679992675781
893.567197333476	788.440002441406
896.265493892445	789.159973144531
898.962924449614	788.239990234375
901.659489395985	788.359985351563
904.355189122325	788.599975585938
907.050024019165	787.679992675781
909.743994476809	788.119995117188
912.437100885322	788.039978027344
915.129343634532	787.719970703125
917.820723114032	788.080017089844
920.511239713189	788.760009765625
923.200893821127	788.47998046875
925.889685826744	788.679992675781
928.577616118699	788.799987792969
931.264685085419	789.039978027344
933.950893115098	789.320007324219
936.6362405957	788.880004882813
939.320727914956	788.47998046875
942.004355460359	788.47998046875
944.687123619173	789.320007324219
947.369032778431	788.760009765625
950.050083324934	789.039978027344
952.730275645247	788.679992675781
955.409610125711	787.799987792969
958.088087152423	787.919982910156
960.765707111263	788.280029296875
963.442470387871	788.880004882813
966.118377367657	787.840026855469
968.793428435798	788.440002441406
971.467623977254	788.080017089844
974.140964376739	788.159973144531
976.813450018737	788.239990234375
979.485081287511	788
982.155858567087	787.960021972656
984.825782241271	788.239990234375
987.494852693624	788.760009765625
990.163070307487	789
992.830435465978	789.359985351563
995.496948551973	788.880004882813
998.162609948122	789.880004882813
1000.82742003685	790.679992675781
1003.49137920036	791.760009765625
1006.15448782061	790.52001953125
1008.81674627934	788.599975585938
1011.47815495806	788.280029296875
1014.13871423805	787.359985351563
1016.79842450037	788.039978027344
1019.45728612586	787.640014648438
1022.11529949509	787
1024.77246498846	787.400024414063
1027.4287829861	787.880004882813
1030.08425386792	787.640014648438
1032.73887801363	788.400024414063
1035.3926558027	787.47998046875
1038.04558761435	787.840026855469
1040.69767382761	787.840026855469
1043.34891482125	787.359985351563
1045.99931097384	787.400024414063
1048.64886266371	787.679992675781
1051.29757026898	787.320007324219
1053.94543416753	787.080017089844
1056.59245473701	787.599975585938
1059.23863235486	787.719970703125
1061.8839673983	788
1064.5284602443	787.919982910156
1067.17211126962	788.159973144531
1069.8149208508	787.440002441406
1072.45688936415	788.039978027344
1075.09801718577	788.080017089844
1077.7383046915	787.919982910156
1080.377752257	787.960021972656
1083.01636025767	789.320007324219
1085.65412906872	789.080017089844
1088.2910590651	789.320007324219
1090.92715062157	788.840026855469
1093.56240411266	788.880004882813
1096.19681991265	789.119995117188
1098.83039839564	788.880004882813
1101.46313993547	788.919982910156
1104.09504490579	788.200012207031
1106.72611368	788.440002441406
1109.35634663129	787.799987792969
1111.98574413263	787.52001953125
1114.61430655677	786.559997558594
1117.24203427624	787.239990234375
1119.86892766333	786.840026855469
1122.49498709014	787.760009765625
1125.12021292851	787.239990234375
1127.74460555011	787.719970703125
1130.36816532634	787.440002441406
1132.99089262841	786.640014648438
1135.6127878273	785.880004882813
1138.23385129376	785.960021972656
1140.85408339834	785.919982910156
1143.47348451137	785.559997558594
1146.09205500294	786
1148.70979524293	785.760009765625
1151.326705601	786.039978027344
1153.9427864466	786.960021972656
1156.55803814896	786.440002441406
1159.17246107707	786.47998046875
1161.78605559974	787.039978027344
1164.39882208551	786.919982910156
1167.01076090276	787.159973144531
1169.6218724196	787.039978027344
1172.23215700396	787.200012207031
1174.84161502352	787.760009765625
1177.45024684578	787.52001953125
1180.05805283799	787
1182.66503336719	787.239990234375
1185.27118880021	786.880004882813
1187.87651950367	787.640014648438
1190.48102584395	786.679992675781
1193.08470818723	786.52001953125
1195.68756689948	786.599975585938
1198.28960234643	787.440002441406
1200.89081489363	787.599975585938
1203.49120490636	788.280029296875
1206.09077274974	787.960021972656
1208.68951878864	788.599975585938
1211.28744338773	788.320007324219
1213.88454691145	788.080017089844
1216.48082972404	788.52001953125
1219.07629218953	788.119995117188
1221.6709346717	789.239990234375
1224.26475753416	788.320007324219
1226.85776114028	789.440002441406
1229.44994585322	789.52001953125
1232.04131203592	789.280029296875
1234.63186005112	789.799987792969
1237.22159026133	790.640014648438
1239.81050302886	791.400024414063
1242.3985987158	790.960021972656
1244.98587768402	791.400024414063
1247.5723402952	791.239990234375
1250.15798691078	790.47998046875
1252.74281789199	790.640014648438
1255.32683359987	790.719970703125
1257.91003439523	790.799987792969
1260.49242063865	791
1263.07399269055	791.159973144531
1265.65475091108	790.47998046875
1268.23469566021	789.679992675781
1270.81382729769	789.559997558594
1273.39214618306	790.359985351563
1275.96965267566	789.799987792969
1278.54634713458	789.919982910156
1281.12222991875	789.799987792969
1283.69730138685	789.880004882813
1286.27156189737	790.039978027344
1288.84501180858	789.880004882813
1291.41765147853	789.679992675781
1293.98948126509	790.119995117188
1296.56050152589	790.359985351563
1299.13071261837	790.679992675781
1301.70011489973	791.080017089844
1304.268708727	790.799987792969
1306.83649445698	791.039978027344
1309.40347244625	792.080017089844
1311.96964305119	791.679992675781
1314.53500662799	791.47998046875
1317.0995635326	791.960021972656
1319.66331412077	791.039978027344
1322.22625874806	791.320007324219
1324.7883977698	791.320007324219
1327.34973154112	791.080017089844
1329.91026041694	791
1332.46998475197	790.52001953125
1335.0289049007	791.400024414063
1337.58702121746	790.880004882813
1340.14433405631	791.559997558594
1342.70084377115	791.159973144531
1345.25655071563	790.239990234375
1347.81145524323	789.840026855469
1350.36555770721	788.679992675781
1352.91885846062	789.719970703125
1355.47135785631	788.080017089844
1358.02305624691	788.320007324219
1360.57395398486	787.919982910156
1363.12405142237	788
1365.67334891148	788.239990234375
1368.22184680399	788.320007324219
1370.76954545151	786.719970703125
1373.31644520545	787.239990234375
1375.86254641699	786.960021972656
1378.40784943713	786.799987792969
1380.95235461666	787.280029296875
1383.49606230615	787.239990234375
1386.03897285598	787.799987792969
1388.58108661632	787.679992675781
1391.12240393713	787.320007324219
1393.66292516818	787.119995117188
1396.20265065903	786.960021972656
1398.74158075901	787.400024414063
1401.2797158173	786.640014648438
1403.81705618282	787.239990234375
1406.35360220431	786.799987792969
1408.88935423032	786.599975585938
1411.42431260919	786.719970703125
1413.95847768903	786.799987792969
1416.49184981777	787.239990234375
1419.02442934314	787.599975585938
1421.55621661266	786.799987792969
1424.08721197364	788.080017089844
1426.61741577321	787.320007324219
1429.14682835828	787.880004882813
1431.67545007555	787.679992675781
1434.20328127153	789.119995117188
1436.73032229253	789.799987792969
1439.25657348466	790.239990234375
1441.78203519381	790.640014648438
1444.3067077657	791.119995117188
1446.83059154581	792
1449.35368687944	791.52001953125
1451.8759941117	791.119995117188
1454.39751358748	791.719970703125
1456.91824565148	791
1459.43819064818	790.640014648438
1461.95734892189	790.280029296875
1464.4757208167	790.239990234375
1466.99330667649	789.840026855469
1469.51010684497	788.320007324219
1472.02612166564	787.919982910156
1474.54135148177	787.760009765625
1477.05579663646	787.880004882813
1479.56945747262	787.919982910156
1482.08233433293	787.599975585938
1484.59442755989	787.559997558594
1487.10573749579	786.400024414063
1489.61626448275	786.200012207031
1492.12600886264	785.960021972656
1494.63497097718	785.760009765625
1497.14315116786	785.159973144531
1499.65054977599	784.400024414063
1502.15716714267	784.039978027344
1504.66300360881	784.200012207031
1507.16805951512	784.52001953125
1509.67233520211	783.760009765625
1512.1758310101	783.919982910156
1514.67854727919	784.359985351563
1517.18048434931	783.799987792969
1519.68164256018	783.919982910156
1522.18202225132	784.599975585938
1524.68162376207	784.039978027344
1527.18044743155	784
1529.67849359869	783.840026855469
1532.17576260224	783.400024414063
1534.67225478072	783.599975585938
1537.1679704725	784.159973144531
1539.66291001572	784.320007324219
1542.15707374832	784.719970703125
1544.65046200807	784.440002441406
1547.14307513254	785
1549.63491345907	784.320007324219
1552.12597732485	785.320007324219
1554.61626706685	785.440002441406
1557.10578302185	785.760009765625
1559.59452552644	785.47998046875
1562.082494917	785.47998046875
1564.56969152973	786.080017089844
1567.05611570064	786.799987792969
1569.54176776552	787.640014648438
1572.02664806	787.200012207031
1574.51075691949	787.239990234375
1576.99409467921	786.719970703125
1579.4766616742	788.039978027344
1581.95845823929	787.440002441406
1584.43948470912	786.359985351563
1586.91974141815	787.200012207031
1589.39922870064	787.159973144531
1591.87794689064	786.440002441406
1594.35589632202	786.799987792969
1596.83307732848	786.280029296875
1599.30949024348	786.880004882813
1601.78513540033	788.119995117188
1604.26001313211	787.760009765625
1606.73412377175	787.679992675781
1609.20746765196	788.559997558594
1611.68004510526	788.960021972656
1614.15185646398	788.440002441406
1616.62290206026	788.679992675781
1619.09318222605	788.719970703125
1621.56269729311	788.320007324219
1624.031447593	787.719970703125
1626.4994334571	788.239990234375
1628.9666552166	788.320007324219
1631.43311320248	788.599975585938
1633.89880774554	789.440002441406
1636.3637391764	789.960021972656
1638.82790782548	789.880004882813
1641.29131402301	791.52001953125
1643.75395809903	790.47998046875
1646.21584038339	791.799987792969
1648.67696120575	792.400024414063
1651.13732089558	793.599975585938
1653.59691978216	792.200012207031
1656.05575819459	792
1658.51383646175	792.119995117188
1660.97115491238	793.039978027344
1663.42771387498	792.47998046875
1665.8835136779	792.760009765625
1668.33855464928	790.239990234375
1670.79283711708	790.52001953125
1673.24636140907	790.200012207031
1675.69912785282	790.200012207031
1678.15113677572	789.039978027344
1680.602388505	788.47998046875
1683.05288336764	788
1685.50262169049	786.919982910156
1687.95160380019	787
1690.39983002318	786.359985351563
1692.84730068573	786.119995117188
1695.29401611392	785
1697.73997663364	785.200012207031
1700.18518257059	784.159973144531
1702.6296342503	784
1705.07333199807	783.200012207031
1707.51627613907	783.359985351563
1709.95846699824	783.320007324219
1712.39990490036	783.400024414063
1714.84059017001	784.039978027344
1717.28052313159	783.119995117188
1719.7197041093	782.440002441406
1722.15813342718	782.119995117188
1724.59581140906	782.159973144531
1727.03273837859	782.840026855469
1729.46891465926	782.280029296875
1731.90434057432	782.280029296875
1734.3390164469	782.039978027344
1736.7729425999	781.840026855469
1739.20611935604	781.919982910156
1741.63854703787	782.039978027344
1744.07022596776	782.119995117188
1746.50115646787	781.799987792969
1748.93133886019	781.559997558594
1751.36077346652	781.840026855469
1753.7894606085	781.719970703125
1756.21740060755	781.599975585938
1758.64459378494	781.359985351563
1761.07104046172	781.039978027344
1763.49674095879	782.039978027344
1765.92169559684	780.679992675781
1768.3459046964	781.400024414063
1770.7693685778	781.080017089844
1773.1920875612	781
1775.61406196656	780.799987792969
1778.03529211367	781.640014648438
1780.45577832214	780.960021972656
1782.87552091138	781.039978027344
1785.29452020064	781.239990234375
1787.71277650897	780.960021972656
1790.13029015525	781
1792.54706145817	781.239990234375
1794.96309073625	780.640014648438
1797.3783783078	780.400024414063
1799.79292449097	781.280029296875
1802.20672960375	780.599975585938
1804.61979396389	781.039978027344
1807.03211788902	780.640014648438
1809.44370169655	780.799987792969
1811.85454570373	780.880004882813
1814.2646502276	780.119995117188
1816.67401558506	781.119995117188
1819.0826420928	780.200012207031
1821.49053006734	780.599975585938
1823.89767982501	781.239990234375
1826.30409168198	780.960021972656
1828.70976595422	781.039978027344
1831.11470295753	780.400024414063
1833.51890300752	780.359985351563
1835.92236641964	780.919982910156
1838.32509350914	780.679992675781
1840.72708459111	780.640014648438
1843.12833998044	780.159973144531
1845.52885999184	780.119995117188
1847.92864493987	780.840026855469
1850.32769513889	780.039978027344
1852.72601090307	780.239990234375
1855.12359254642	780.559997558594
1857.52044038278	780.039978027344
1859.91655472578	780.599975585938
1862.31193588889	780.599975585938
1864.70658418542	780.559997558594
1867.10049992847	780.679992675781
1869.49368343096	780.559997558594
1871.88613500568	780.640014648438
1874.27785496518	780.200012207031
1876.66884362188	780.840026855469
1879.059101288	780.559997558594
1881.44862827559	780.159973144531
1883.8374248965	780.919982910156
1886.22549146246	780.280029296875
1888.61282828495	780.200012207031
1890.99943567534	780.559997558594
1893.38531394477	780.799987792969
1895.77046340424	780.799987792969
1898.15488436455	780.799987792969
1900.53857713634	780.280029296875
1902.92154203006	780.599975585938
1905.303779356	780.599975585938
1907.68528942426	780.239990234375
1910.06607254477	780.760009765625
1912.44612902729	780.960021972656
1914.82545918139	780.320007324219
1917.20406331648	780.320007324219
1919.58194174178	780.679992675781
1921.95909476634	780.359985351563
1924.33552269905	780.679992675781
1926.71122584861	780.840026855469
1929.08620452353	780.400024414063
1931.46045903219	780.840026855469
1933.83398968275	780.440002441406
1936.20679678322	780.559997558594
1938.57888064142	780.559997558594
1940.95024156502	780.679992675781
1943.3208798615	780.919982910156
1945.69079583816	780.919982910156
1948.05998980213	781.119995117188
1950.42846206038	780.400024414063
1952.79621291969	780.080017089844
1955.16324268668	780.840026855469
1957.52955166778	780.880004882813
1959.89514016927	781.159973144531
1962.26000849723	780.719970703125
1964.62415695759	781.159973144531
1966.98758585609	780.559997558594
1969.3502954983	780.52001953125
1971.71228618964	780.719970703125
1974.07355823532	780.919982910156
1976.43411194042	781.280029296875
1978.79394760981	780.919982910156
1981.1530655482	781.359985351563
1983.51146606014	780.719970703125
1985.86914944999	781.400024414063
1988.22611602196	780.440002441406
1990.58236608007	781.47998046875
1992.93789992817	781
1995.29271786995	781.200012207031
1997.64682020892	780.440002441406
2000.00020724843	781.239990234375
2002.35287929162	781.440002441406
2004.70483664152	780.960021972656
2007.05607960095	781.119995117188
2009.40660847256	780.919982910156
2011.75642355884	781.280029296875
2014.1055251621	781.039978027344
2016.4539135845	780.599975585938
2018.80158912802	780.919982910156
2021.14855209444	781.239990234375
2023.49480278542	781.52001953125
2025.84034150242	781.440002441406
2028.18516854673	780.880004882813
2030.52928421948	781
2032.87268882163	781.039978027344
2035.21538265398	781.159973144531
2037.55736601713	781.200012207031
2039.89863921153	781.52001953125
2042.23920253747	780.760009765625
2044.57905629506	781.359985351563
2046.91820078425	781.320007324219
2049.2566363048	781.320007324219
2051.59436315633	781.599975585938
2053.93138163827	781.080017089844
2056.2676920499	780.840026855469
2058.6032946903	781.440002441406
2060.93818985843	781.359985351563
2063.27237785303	781.440002441406
2065.60585897272	781.880004882813
2067.93863351592	781.080017089844
2070.27070178089	780.799987792969
2072.60206406574	781.599975585938
2074.93272066838	781.440002441406
2077.26267188658	781.559997558594
2079.59191801793	781.440002441406
2081.92045935985	781.559997558594
2084.24829620962	780.799987792969
2086.57542886431	781.440002441406
2088.90185762087	781.47998046875
2091.22758277604	781.440002441406
2093.55260462643	781.239990234375
2095.87692346845	781.320007324219
2098.20053959837	781.200012207031
2100.52345331229	781.359985351563
2102.84566490614	781.200012207031
2105.16717467567	781.440002441406
2107.48798291649	780.719970703125
2109.80808992403	781.880004882813
2112.12749599355	781.320007324219
2114.44620142016	781.400024414063
2116.7642064988	781.47998046875
2119.08151152423	781.400024414063
2121.39811679106	781.440002441406
2123.71402259374	781.52001953125
2126.02922922653	781.359985351563
2128.34373698356	781.039978027344
2130.65754615876	781.47998046875
2132.97065704594	781.159973144531
2135.28306993869	781.400024414063
2137.59478513047	781.559997558594
2139.90580291459	781.400024414063
2142.21612358416	781.280029296875
2144.52574743214	781.200012207031
2146.83467475134	781.119995117188
2149.1429058344	781.359985351563
2151.45044097377	781.119995117188
2153.75728046178	781.47998046875
2156.06342459057	781.239990234375
2158.36887365212	781.679992675781
2160.67362793825	781.200012207031
2162.97768774061	781.559997558594
2165.28105335071	781.880004882813
2167.58372505987	781.559997558594
2169.88570315926	781.760009765625
2172.18698793988	781.640014648438
2174.48757969258	781.119995117188
2176.78747870805	781.119995117188
2179.08668527679	781.400024414063
2181.38519968917	781.159973144531
2183.68302223538	781.320007324219
2185.98015320547	781.280029296875
2188.27659288929	781.280029296875
2190.57234157656	781.239990234375
2192.86739955682	781.039978027344
2195.16176711948	781.159973144531
2197.45544455375	781.359985351563
2199.74843214869	781.239990234375
2202.04073019322	781.599975585938
2204.33233897607	781.559997558594
2206.62325878583	781.640014648438
2208.91348991093	781.039978027344
2211.20303263961	780.599975585938
2213.49188726	780.719970703125
2215.78005406001	781.280029296875
2218.06753332744	781.200012207031
2220.35432534991	781.400024414063
2222.64043041487	780.880004882813
2224.92584880964	781
2227.21058082134	780.640014648438
2229.49462673696	781
2231.77798684332	780.919982910156
2234.06066142709	781.239990234375
2236.34265077477	780.919982910156
2238.62395517269	780.840026855469
2240.90457490706	780.599975585938
2243.18451026388	780.760009765625
2245.46376152904	781.159973144531
2247.74232898823	780.840026855469
2250.02021292701	780.799987792969
2252.29741363077	780.880004882813
2254.57393138475	780.679992675781
2256.849766474	780.840026855469
2259.12491918346	780.960021972656
2261.39938979788	780.760009765625
2263.67317860185	780.760009765625
2265.94628587983	781.239990234375
2268.2187119161	780.840026855469
2270.49045699478	780.760009765625
2272.76152139985	780.280029296875
2275.03190541511	780.599975585938
2277.30160932421	780.760009765625
2279.57063341067	780.840026855469
2281.83897795781	780.200012207031
2284.10664324882	781.080017089844
2286.37362956672	780.359985351563
2288.63993719439	780.559997558594
2290.90556641454	780.799987792969
2293.17051750973	780.960021972656
2295.43479076235	780.760009765625
2297.69838645465	779.960021972656
2299.96130486871	780.719970703125
2302.22354628647	781.080017089844
2304.48511098971	781.200012207031
2306.74599926003	781
2309.00621137891	780.599975585938
2311.26574762765	780.359985351563
2313.52460828741	780.52001953125
2315.78279363917	780.799987792969
2318.04030396379	781
2320.29713954195	780.159973144531
2322.55330065418	780.599975585938
2324.80878758085	780.840026855469
2327.06360060219	780.52001953125
2329.31773999826	780.840026855469
2331.57120604897	780.640014648438
2333.82399903409	781.080017089844
2336.0761192332	780.080017089844
2338.32756692577	780.599975585938
2340.57834239108	780.760009765625
2342.82844590827	780.559997558594
2345.07787775633	780.359985351563
2347.32663821409	780.239990234375
2349.57472756023	780.599975585938
2351.82214607327	780.400024414063
2354.06889403158	780.280029296875
2356.31497171337	781.080017089844
2358.56037939672	780.960021972656
2360.80511735953	780.119995117188
2363.04918587955	780.599975585938
2365.29258523439	780.640014648438
2367.5353157015	780.599975585938
2369.77737755817	780.599975585938
2372.01877108156	780.119995117188
2374.25949654865	780.679992675781
2376.49955423629	781
2378.73894442115	780.599975585938
2380.97766737977	780.719970703125
2383.21572338855	780.840026855469
2385.45311272369	780.159973144531
2387.68983566129	780.760009765625
2389.92589247727	780.679992675781
2392.1612834474	780.679992675781
2394.39600884731	780.359985351563
2396.63006895246	780.359985351563
2398.86346403818	780.320007324219
2401.09619437962	780.719970703125
2403.32826025182	780.599975585938
2405.55966192963	780.52001953125
2407.79039968777	780.52001953125
2410.0204738008	780.159973144531
2412.24988454313	780.719970703125
2414.47863218902	780.159973144531
2416.70671701258	781.239990234375
2418.93413928778	780.239990234375
2421.16089928842	779.880004882813
2423.38699728817	780.119995117188
2425.61243356052	780.119995117188
2427.83720837884	780.320007324219
2430.06132201633	780.52001953125
2432.28477474606	780.799987792969
2434.50756684093	780.719970703125
2436.72969857371	780.47998046875
2438.95117021699	780.239990234375
2441.17198204325	780.599975585938
2443.39213432478	780.359985351563
2445.61162733376	780.440002441406
2447.83046134218	780.200012207031
2450.04863662192	780.080017089844
2452.26615344468	780.200012207031
2454.48301208203	780.359985351563
2456.69921280539	780.080017089844
2458.91475588602	779.799987792969
2461.12964159504	780.47998046875
2463.34387020342	780.080017089844
2465.55744198198	779.960021972656
2467.77035720139	780.280029296875
2469.98261613217	780.119995117188
2472.1942190447	780.760009765625
2474.40516620922	780.440002441406
2476.6154578958	780.400024414063
2478.82509437436	780.320007324219
2481.03407591471	780.599975585938
2483.24240278646	780.119995117188
2485.45007525911	780.47998046875
2487.65709360202	780.359985351563
2489.86345808435	780.320007324219
2492.06916897518	780.760009765625
2494.27422654339	780.840026855469
2496.47863105774	780.679992675781
2498.68238278683	780.47998046875
2500.88548199912	780.280029296875
2503.08792896294	780.47998046875
2505.28972394643	780.559997558594
2507.49086721763	780.200012207031
2509.6913590444	780.119995117188
2511.89119969447	780.119995117188
2514.09038943543	780.159973144531
2516.2889285347	780.400024414063
2518.48681725957	780.640014648438
2520.6840558772	780.159973144531
2522.88064465456	780.159973144531
2525.07658385852	780.159973144531
2527.27187375578	780.599975585938
2529.4665146129	780.400024414063
2531.66050669629	780.400024414063
2533.85385027222	780.359985351563
2536.04654560681	780.640014648438
2538.23859296605	780.159973144531
2540.42999261577	780.599975585938
2542.62074482166	780.440002441406
2544.81084984925	780.47998046875
2547.00030796395	780.320007324219
2549.18911943101	780.119995117188
2551.37728451555	780.679992675781
2553.56480348252	780.719970703125
2555.75167659675	780.559997558594
2557.93790412292	780.919982910156
2560.12348632556	780.320007324219
2562.30842346905	780.599975585938
2564.49271581764	780.640014648438
2566.67636363544	780.559997558594
2568.85936718639	780.359985351563
2571.04172673431	780.47998046875
2573.22344254288	780.840026855469
2575.40451487562	780.760009765625
2577.58494399591	780.599975585938
2579.76473016699	780.440002441406
2581.94387365196	780.359985351563
2584.12237471377	780.47998046875
2586.30023361523	780.760009765625
2588.47745061901	781.080017089844
2590.65402598763	780.159973144531
2592.82995998348	780.640014648438
2595.0052528688	781.400024414063
2597.17990490568	780.760009765625
2599.35391635608	780.359985351563
2601.52728748181	780.880004882813
2603.70001854454	780.919982910156
2605.8721098058	780.400024414063
2608.04356152698	780.799987792969
2610.21437396931	780.47998046875
2612.3845473939	780.320007324219
2614.55408206173	780.359985351563
2616.72297823359	780.52001953125
2618.89123617017	780.919982910156
2621.058856132	780.239990234375
2623.22583837949	780.799987792969
2625.39218317288	780.559997558594
2627.55789077229	780.760009765625
2629.72296143769	780.599975585938
2631.88739542891	780.919982910156
2634.05119300563	780.47998046875
2636.21435442742	781.080017089844
2638.37687995367	780.919982910156
2640.53876984365	780.719970703125
2642.70002435649	780.640014648438
2644.86064375119	780.559997558594
2647.02062828658	780.440002441406
2649.17997822137	780.47998046875
2651.33869381413	780.719970703125
2653.49677532328	780.960021972656
2655.65422300711	780.400024414063
2657.81103712378	780.760009765625
2659.96721793127	780.559997558594
2662.12276568747	781.440002441406
2664.2776806501	781.119995117188
2666.43196307675	780.799987792969
2668.58561322486	780.359985351563
2670.73863135176	781.200012207031
2672.8910177146	781
2675.04277257043	780.679992675781
2677.19389617612	780.760009765625
2679.34438878845	780.599975585938
2681.49425066402	781.039978027344
2683.64348205931	780.840026855469
2685.79208323065	780.880004882813
2687.94005443425	780.960021972656
2690.08739592617	780.799987792969
2692.23410796233	781.440002441406
2694.38019079852	780.880004882813
2696.52564469038	781.440002441406
2698.67046989342	781.400024414063
2700.81466666302	781.400024414063
2702.9582352544	780.960021972656
2705.10117592265	781.400024414063
2707.24348892275	781.719970703125
2709.3851745095	781.599975585938
2711.5262329376	781.280029296875
2713.66666446158	781.52001953125
2715.80646933585	781.200012207031
2717.94564781468	781.960021972656
2720.08420015222	781.799987792969
2722.22212660245	781.52001953125
2724.35942741923	781.880004882813
2726.49610285628	781.640014648438
2728.63215316721	782.159973144531
2730.76757860544	781.880004882813
2732.9023794243	782.159973144531
2735.03655587697	781.52001953125
2737.17010821648	781.960021972656
2739.30303669573	781.640014648438
2741.4353415675	781.880004882813
2743.56702308442	781.599975585938
2745.69808149898	781.960021972656
2747.82851706355	781.559997558594
2749.95833003034	782.119995117188
2752.08752065145	781.799987792969
2754.21608917883	781.47998046875
2756.3440358643	781.880004882813
2758.47136095954	781.719970703125
2760.59806471609	781.679992675781
2762.72414738537	781.679992675781
2764.84960921865	782
2766.97445046708	781.52001953125
2769.09867138166	782
2771.22227221326	782.200012207031
2773.34525321263	781.880004882813
2775.46761463035	782.239990234375
2777.58935671691	781.880004882813
2779.71047972262	781.47998046875
2781.83098389771	781.400024414063
2783.95086949221	781.440002441406
2786.07013675607	781.640014648438
2788.18878593908	781.47998046875
2790.3068172909	781.840026855469
2792.42423106106	781.919982910156
2794.54102749895	781.640014648438
2796.65720685384	781.719970703125
2798.77276937486	781.559997558594
2800.88771531098	781.960021972656
2803.00204491107	782.080017089844
2805.11575842387	781.840026855469
2807.22885609796	781.599975585938
2809.34133818179	782.159973144531
2811.4532049237	781.719970703125
2813.56445657189	782.320007324219
2815.6750933744	782.239990234375
2817.78511557916	782.280029296875
2819.89452343398	782.200012207031
2822.00331718652	782.880004882813
2824.11149708429	782.440002441406
2826.2190633747	783.200012207031
2828.32601630502	782.960021972656
2830.43235612237	783.559997558594
2832.53808307375	783.919982910156
2834.64319740603	784.52001953125
2836.74769936595	784.919982910156
2838.85158920011	785.52001953125
2840.95486715497	784.919982910156
2843.05753347689	786.440002441406
2845.15958841206	786.960021972656
2847.26103220657	787.840026855469
2849.36186510636	788.960021972656
2851.46208735724	789.159973144531
2853.56169920488	789.599975585938
2855.66070089485	789.799987792969
2857.75909267257	790.840026855469
2859.85687478332	791.52001953125
2861.95404747225	792.679992675781
2864.05061098439	793.200012207031
2866.14656556464	794.280029296875
2868.24191145777	793.919982910156
2870.3366489084	794.960021972656
2872.43077816104	794.679992675781
2874.52429946006	797
2876.61721304971	798.119995117188
2878.70951917409	796.960021972656
2880.8012180772	797.679992675781
2882.89231000287	796.760009765625
2884.98279519483	796.799987792969
2887.07267389667	798.359985351563
2889.16194635186	797.599975585938
2891.25061280373	798.359985351563
2893.33867349546	798.359985351563
2895.42612867015	798.640014648438
2897.51297857074	800.359985351563
2899.59922344003	801
2901.68486352071	799.760009765625
2903.76989905533	800.52001953125
2905.85433028632	802.159973144531
2907.93815745598	804.200012207031
2910.02138080648	802.239990234375
2912.10400057985	802.640014648438
2914.186017018	803.359985351563
2916.26743036271	805.440002441406
2918.34824085563	805.400024414063
2920.4284487383	806.640014648438
2922.5080542521	806.919982910156
2924.58705763829	808.320007324219
2926.66545913802	808.47998046875
2928.74325899231	809.400024414063
2930.82045744202	810.280029296875
2932.89705472792	810
2934.97305109062	810.599975585938
2937.04844677063	810.799987792969
2939.12324200832	810.52001953125
2941.19743704393	810.280029296875
2943.27103211757	809.119995117188
2945.34402746923	807.039978027344
2947.41642333876	805.599975585938
2949.48821996592	805.400024414063
2951.55941759028	805.320007324219
2953.63001645135	804.840026855469
2955.70001678845	803.320007324219
2957.76941884083	802.960021972656
2959.83822284757	803.039978027344
2961.90642904764	801.840026855469
2963.97403767988	802.599975585938
2966.04104898302	801.880004882813
2968.10746319565	801.52001953125
2970.17328055621	799.119995117188
2972.23850130305	799.359985351563
2974.30312567438	799.119995117188
2976.36715390829	799.880004882813
2978.43058624273	801.039978027344
2980.49342291553	800
2982.55566416439	799.039978027344
2984.61731022691	799.359985351563
2986.67836134051	798.440002441406
2988.73881774255	797.320007324219
2990.79867967021	797.159973144531
2992.85794736058	796.080017089844
2994.9166210506	794.760009765625
2996.97470097711	794.840026855469
2999.03218737679	793.760009765625
3001.08908048622	794.559997558594
3003.14538054186	795.440002441406
3005.20108778002	795.919982910156
3007.25620243691	793.400024414063
3009.3107247486	793.679992675781
3011.36465495104	793.400024414063
3013.41799328004	792.47998046875
3015.47073997133	793.47998046875
3017.52289526045	794.080017089844
3019.57445938288	792.640014648438
3021.62543257393	793.919982910156
3023.6758150688	793.840026855469
3025.72560710258	793.640014648438
3027.77480891021	792.880004882813
3029.82342072652	792.799987792969
3031.87144278622	794.239990234375
3033.91887532389	793.679992675781
3035.96571857399	793.960021972656
3038.01197277084	793.440002441406
3040.05763814867	794.840026855469
3042.10271494154	794.52001953125
3044.14720338344	795.320007324219
3046.19110370818	796.320007324219
3048.2344161495	795.880004882813
3050.27714094097	795.880004882813
3052.31927831608	796.880004882813
3054.36082850816	798.159973144531
3056.40179175044	798.280029296875
3058.44216827602	798.280029296875
3060.48195831786	799.52001953125
3062.52116210884	798.200012207031
3064.55977988167	798.599975585938
3066.59781186897	799.080017089844
3068.63525830322	799.159973144531
3070.67211941678	801.47998046875
3072.7083954419	799.679992675781
3074.7440866107	800.039978027344
3076.77919315516	800.039978027344
3078.81371530716	800.679992675781
3080.84765329846	801.679992675781
3082.88100736068	800.880004882813
3084.91377772534	801
3086.94596462381	802.200012207031
3088.97756828737	802.119995117188
3091.00858894714	802.320007324219
3093.03902683417	802.280029296875
3095.06888217933	803.400024414063
3097.09815521342	803.840026855469
3099.12684616709	804.799987792969
3101.15495527087	805.239990234375
3103.18248275518	804.679992675781
3105.20942885031	806.599975585938
3107.23579378642	805.47998046875
3109.26157779358	806.599975585938
3111.28678110171	807.919982910156
3113.31140394062	807.799987792969
3115.33544654	807.280029296875
3117.35890912942	808.679992675781
3119.38179193832	809.799987792969
3121.40409519602	810.320007324219
3123.42581913174	811.320007324219
3125.44696397457	810.559997558594
3127.46752995345	811.799987792969
3129.48751729725	813
3131.50692623469	812.840026855469
3133.52575699436	813.119995117188
3135.54400980476	814.559997558594
3137.56168489425	815.080017089844
3139.57878249108	816.320007324219
3141.59530282337	816.159973144531
3143.61124611913	816.440002441406
3145.62661260624	816.400024414063
3147.64140251247	816.440002441406
3149.65561606547	815.440002441406
3151.66925349277	816.960021972656
3153.68231502177	818.640014648438
3155.69480087977	818.840026855469
3157.70671129394	822.159973144531
3159.71804649132	823.239990234375
3161.72880669886	821.280029296875
3163.73899214336	820.599975585938
3165.74860305152	823.599975585938
3167.75763964991	821.52001953125
3169.766102165	823.599975585938
3171.77399082313	826.119995117188
3173.7813058505	824.039978027344
3175.78804747323	823.760009765625
3177.79421591731	823.880004882813
3179.79981140859	826.280029296875
3181.80483417282	825.280029296875
3183.80928443564	828.320007324219
3185.81316242255	828.159973144531
3187.81646835896	826
3189.81920247013	829.880004882813
3191.82136498122	831.47998046875
3193.82295611727	833.280029296875
3195.82397610321	831.679992675781
3197.82442516385	830.640014648438
3199.82430352386	830.840026855469
3201.82361140782	834.799987792969
3203.82234904018	835.239990234375
3205.82051664529	833.039978027344
3207.81811444735	833.559997558594
3209.81514267047	834.359985351563
3211.81160153863	832.919982910156
3213.80749127571	831.52001953125
3215.80281210545	832.239990234375
3217.79756425148	835.080017089844
3219.79174793733	835.640014648438
3221.7853633864	834.400024414063
3223.77841082196	837.320007324219
3225.77089046719	838.039978027344
3227.76280254513	838.200012207031
3229.75414727873	837.440002441406
3231.74492489081	838.440002441406
3233.73513560406	838
3235.72477964107	837.760009765625
3237.71385722431	838.159973144531
3239.70236857614	838.960021972656
3241.6903139188	835.960021972656
3243.6776934744	836.119995117188
3245.66450746496	837.760009765625
3247.65075611237	834.559997558594
3249.63643963841	832.880004882813
3251.62155826472	834.960021972656
3253.60611221287	834.599975585938
3255.59010170428	839.400024414063
3257.57352696026	842.159973144531
3259.55638820202	839.47998046875
3261.53868565064	839.599975585938
3263.52041952708	842.719970703125
3265.50159005221	841.400024414063
3267.48219744676	837.359985351563
3269.46224193136	837.760009765625
3271.44172372651	840.640014648438
3273.42064305262	840.599975585938
3275.39900012996	839.679992675781
3277.3767951787	836.599975585938
3279.35402841889	836.159973144531
3281.33070007047	837.919982910156
3283.30681035326	840.239990234375
3285.28235948698	838.47998046875
3287.25734769121	839.880004882813
3289.23177518544	843.119995117188
3291.20564218903	840.960021972656
3293.17894892124	840.880004882813
3295.1516956012	839.559997558594
3297.12388244795	836.960021972656
3299.09550968039	836.52001953125
3301.06657751732	837.400024414063
3303.03708617743	839.400024414063
3305.00703587929	842.960021972656
3306.97642684135	842.400024414063
3308.94525928196	837.440002441406
3310.91353341935	836.640014648438
3312.88124947164	840.239990234375
3314.84840765683	836.840026855469
3316.81500819282	834.880004882813
3318.78105129738	835.840026855469
3320.74653718818	837.200012207031
3322.71146608278	835.960021972656
3324.67583819861	839.039978027344
3326.639653753	840.719970703125
3328.60291296317	838.559997558594
3330.56561604621	841.440002441406
3332.52776321913	842.640014648438
3334.4893546988	840.320007324219
3336.45039070198	839
3338.41087144533	836.840026855469
3340.37079714539	836
3342.33016801859	833.840026855469
3344.28898428124	834.47998046875
3346.24724614955	839.440002441406
3348.20495383962	836.599975585938
3350.16210756742	837.080017089844
3352.11870754883	838.239990234375
3354.07475399961	835.400024414063
3356.03024713539	836.080017089844
3357.98518717173	837.359985351563
3359.93957432403	840.280029296875
3361.89340880761	839.039978027344
3363.84669083768	836.400024414063
3365.79942062933	834.320007324219
3367.75159839753	835.719970703125
3369.70322435715	839
3371.65429872295	839.960021972656
3373.60482170957	842.47998046875
3375.55479353155	844.440002441406
3377.50421440332	841.119995117188
3379.45308453918	838
3381.40140415335	834.119995117188
3383.34917345991	837.280029296875
3385.29639267284	837.719970703125
3387.24306200602	837.080017089844
3389.18918167321	838.159973144531
3391.13475188806	840.159973144531
3393.07977286411	842.719970703125
3395.02424481479	845.080017089844
3396.96816795342	843.799987792969
3398.91154249322	840.679992675781
3400.85436864728	841.239990234375
3402.79664662859	842.719970703125
3404.73837665004	839.320007324219
3406.67955892439	840.119995117188
3408.62019366432	838.880004882813
3410.56028108236	839.919982910156
3412.49982139096	842.440002441406
3414.43881480247	843.47998046875
3416.37726152909	845.200012207031
3418.31516178295	842.640014648438
3420.25251577605	839.599975585938
3422.18932372029	839.200012207031
3424.12558582746	839.840026855469
3426.06130230922	841.880004882813
3427.99647337717	841.559997558594
3429.93109924274	840.039978027344
3431.8651801173	838.119995117188
3433.79871621209	837.400024414063
3435.73170773824	837.280029296875
3437.66415490678	841.280029296875
3439.59605792862	837.760009765625
3441.52741701458	836.880004882813
3443.45823237536	835.799987792969
3445.38850422154	835.919982910156
3447.31823276362	839.559997558594
3449.24741821196	838.47998046875
3451.17606077684	838.640014648438
3453.10416066842	836.119995117188
3455.03171809674	839.320007324219
3456.95873327175	835.039978027344
3458.88520640329	833.880004882813
3460.81113770109	833.359985351563
3462.73652737477	832.840026855469
3464.66137563383	834.039978027344
3466.58568268769	834.119995117188
3468.50944874565	831.559997558594
3470.43267401689	831.52001953125
3472.3553587105	832.599975585938
3474.27750303545	827.880004882813
3476.19910720062	827.239990234375
3478.12017141476	832.880004882813
3480.04069588654	833.679992675781
3481.9606808245	831.880004882813
3483.88012643707	831.719970703125
3485.79903293259	828.320007324219
3487.7174005193	825.640014648438
3489.63522940532	823.599975585938
3491.55251979864	822.47998046875
3493.46927190719	823.440002441406
3495.38548593877	824.239990234375
3497.30116210107	823.960021972656
3499.21630060167	824.559997558594
3501.13090164807	823.599975585938
3503.04496544763	822.679992675781
3504.95849220763	820.760009765625
3506.87148213523	822.799987792969
3508.78393543748	820.320007324219
3510.69585232134	820.599975585938
3512.60723299365	820.119995117188
3514.51807766116	820.200012207031
3516.42838653049	819.080017089844
3518.33815980819	817.719970703125
3520.24739770066	815.679992675781
3522.15610041423	816.119995117188
3524.06426815511	815.719970703125
3525.9719011294	816.919982910156
3527.87899954311	818.52001953125
3529.78556360213	818.440002441406
3531.69159351225	815.880004882813
3533.59708947916	816.760009765625
3535.50205170844	815.52001953125
3537.40648040556	813.280029296875
3539.3103757759	812.320007324219
3541.21373802472	809.640014648438
3543.11656735717	809.039978027344
3545.01886397833	808.400024414063
3546.92062809313	810.919982910156
3548.82185990643	811.880004882813
3550.72255962297	810.239990234375
3552.62272744738	808.280029296875
3554.5223635842	807
3556.42146823786	807.840026855469
3558.32004161268	806.760009765625
3560.21808391289	807.280029296875
3562.11559534259	806.840026855469
3564.01257610581	805.440002441406
3565.90902640645	806.679992675781
3567.80494644831	805.760009765625
3569.7003364351	806.159973144531
3571.59519657042	804.719970703125
3573.48952705774	803.719970703125
3575.38332810048	804.440002441406
3577.27659990191	806.640014648438
3579.16934266521	803.919982910156
3581.06155659346	804
3582.95324188965	804
3584.84439875663	802.760009765625
3586.73502739718	800.039978027344
3588.62512801397	801.47998046875
3590.51470080955	800.919982910156
3592.40374598639	801.320007324219
3594.29226374685	801.599975585938
3596.18025429317	802.559997558594
3598.06771782751	800.200012207031
3599.95465455192	798.719970703125
3601.84106466834	799.440002441406
3603.72694837861	800.159973144531
3605.61230588447	798.840026855469
3607.49713738756	798.039978027344
3609.38144308942	799.960021972656
3611.26522319148	799.239990234375
3613.14847789506	797
3615.0312074014	797.239990234375
3616.91341191162	795.919982910156
3618.79509162674	795.400024414063
3620.67624674769	795.52001953125
3622.55687747528	794.320007324219
3624.43698401024	795.880004882813
3626.31656655317	796.559997558594
3628.1956253046	795.159973144531
3630.07416046492	794.960021972656
3631.95217223446	792.960021972656
3633.82966081342	793.159973144531
3635.70662640191	793.359985351563
3637.58306919993	793.880004882813
3639.45898940739	793.52001953125
3641.33438722409	792.719970703125
3643.20926284973	792.400024414063
3645.08361648392	791.400024414063
3646.95744832614	790.960021972656
3648.8307585758	791.400024414063
3650.7035474322	791.880004882813
3652.57581509452	790.880004882813
3654.44756176188	790.039978027344
3656.31878763324	789.440002441406
3658.18949290753	789.280029296875
3660.05967778352	787.719970703125
3661.9293424599	788.239990234375
3663.79848713527	788.159973144531
3665.66711200812	788.119995117188
3667.53521727684	787.760009765625
3669.40280313972	787.47998046875
3671.26986979494	786.559997558594
3673.13641744059	786.799987792969
3675.00244627468	785.640014648438
