-140.373595351881	778.760009765625
-137.335129063906	779.119995117188
-134.297686810867	779.599975585938
-131.261268103955	779.159973144531
-128.225872454677	779.039978027344
-125.191499374839	779.280029296875
-122.158148376567	779.159973144531
-119.125818972292	778.960021972656
-116.094510674759	779.159973144531
-113.064222997021	779.039978027344
-110.034955452443	779.440002441406
-107.006707554687	779
-103.979478817741	779.400024414063
-100.95326875589	779.200012207031
-97.928076883731	779.440002441406
-94.9039027161698	779.200012207031
-91.8807457684175	779.960021972656
-88.8586055560018	778.599975585938
-85.8374815947384	779.280029296875
-82.8173734007715	779.47998046875
-79.7982804905411	779.239990234375
-76.7802023807988	779.239990234375
-73.7631385885914	779.159973144531
-70.7470886312892	779.47998046875
-67.732052026553	779.400024414063
-64.7180282923587	779.640014648438
-61.7050169469884	779.359985351563
-58.6930175090183	778.880004882813
-55.6820294973386	779.599975585938
-52.6720524311495	779
-49.66308582994	779.080017089844
-46.6551292135171	779
-43.6481821019882	779.239990234375
-40.6422440157577	778.960021972656
-37.6373144755424	779.440002441406
-34.6333930023594	779.239990234375
-31.630479117526	778.919982910156
-28.6285723426709	779.119995117188
-25.6276721997107	779.719970703125
-22.6277782108771	779.440002441406
-19.628889898701	779.679992675781
-16.6310067860081	780.200012207031
-13.6341283959385	782.880004882813
-10.6382542519231	796.559997558594
-7.64338387769432	835
-4.64951679729502	860.960021972656
-1.65665253506141	837.080017089844
1.33520938438089	795.840026855469
4.32606943608095	780.919982910156
7.315928094803	779.320007324219
10.3047858350146	779.159973144531
13.2926431308747	779.400024414063
16.2795004562541	779.52001953125
19.2653582847118	779.280029296875
22.2502170895187	779.200012207031
25.2340773436344	779.239990234375
28.216939519735	779.679992675781
31.1988040901939	779.080017089844
34.1796715270814	779
37.1595423021732	779.200012207031
40.1384168869468	779.320007324219
43.1162957525854	779.320007324219
46.0931793699786	779.119995117188
49.0690682097059	779.239990234375
52.0439627420619	779.320007324219
55.0178634370476	779.640014648438
57.9907707643592	779.359985351563
60.9626851933962	779.400024414063
63.9336071932735	779.159973144531
66.9035372328018	779.440002441406
69.8724757804959	779.239990234375
72.8404233045826	779.119995117188
75.8073802729932	779.400024414063
78.7733471533597	779.159973144531
81.738324413019	779.599975585938
84.702312519025	779.52001953125
87.665311938125	779.239990234375
90.6273231367761	779.400024414063
93.5883465811569	779.239990234375
96.5483827371242	779.200012207031
99.5074320702731	779.119995117188
102.465495045889	778.640014648438
105.422572128961	779.200012207031
108.378663784199	778.760009765625
111.333770476014	779.080017089844
114.287892668528	778.960021972656
117.24103082557	779.52001953125
120.193185410674	779.679992675781
123.144356887097	780.039978027344
126.094545717786	780.200012207031
129.043752365413	780.440002441406
131.991977292355	780.880004882813
134.939220960695	780.640014648438
137.885483832232	781
140.83076636847	781.679992675781
143.775069030632	781.919982910156
146.718392279644	782.039978027344
149.660736576149	783
152.602102380488	783.239990234375
155.54249015274	784.280029296875
158.481900352672	785.200012207031
161.420333439765	785.239990234375
164.357789873227	785.880004882813
167.294270111968	786.400024414063
170.229774614617	787.799987792969
173.164303839496	787.679992675781
176.097858244675	789.039978027344
179.030438287908	789.320007324219
181.962044426678	789.880004882813
184.89267711817	790.719970703125
187.822336819302	791.559997558594
190.751023986678	791.679992675781
193.678739076648	791.440002441406
196.605482545255	791.760009765625
199.531254848261	792.159973144531
202.456056441152	792.840026855469
205.379887779119	792.559997558594
208.30274931708	792.640014648438
211.224641509656	793.119995117188
214.145564811189	791.599975585938
217.06551967574	792.280029296875
219.984506557089	791.320007324219
222.902525908723	791.280029296875
225.819578183856	792.239990234375
228.735663835415	792.039978027344
231.650783316047	792.039978027344
234.564937078107	792.039978027344
237.478125573679	792.159973144531
240.390349254566	792.760009765625
243.301608572278	793.919982910156
246.211903978051	792.599975585938
249.121235922839	793.840026855469
252.029604857321	793.640014648438
254.93701123188	794.47998046875
257.843455496632	795
260.748938101415	794.440002441406
263.653459495766	796.719970703125
266.557020128967	796.200012207031
269.459620450005	796.679992675781
272.361260907595	797.280029296875
275.261941950168	797.280029296875
278.161664025874	796.200012207031
281.060427582592	795.52001953125
283.958233067921	796.440002441406
286.855080929176	797.280029296875
289.750971613398	797.47998046875
292.645905567344	796.559997558594
295.539883237503	797.599975585938
298.432905070079	796
301.324971511007	796.840026855469
304.216083005931	799.719970703125
307.10624000023	802.52001953125
309.995442939003	807.919982910156
312.883692267071	818.559997558594
315.770988428979	834.440002441406
318.657331869	846.960021972656
321.542723031127	847.960021972656
324.427162359076	835.320007324219
327.310650296293	821.359985351563
330.193187285945	810.039978027344
333.074773770929	804.400024414063
335.955410193855	800.440002441406
338.835096997075	798.559997558594
341.713834622655	797.080017089844
344.59162351239	796
347.468464107802	795.880004882813
350.344356850137	795.400024414063
353.219302180373	793.719970703125
356.093300539208	793.960021972656
358.966352367073	794.039978027344
361.838458104123	794.119995117188
364.70961819024	792.599975585938
367.579833065031	792.679992675781
370.449103167837	792.719970703125
373.317428937727	791.799987792969
376.184810813496	792.400024414063
379.051249233659	792.159973144531
381.916744636474	792.760009765625
384.78129745992	792.760009765625
387.644908141706	792.400024414063
390.50757711927	792.52001953125
393.36930482978	792.760009765625
396.23009171014	792.840026855469
399.089938196969	792.119995117188
401.948844726631	792.599975585938
404.806811735214	793.280029296875
407.66383965853	792.159973144531
410.519928932138	792.559997558594
413.375079991314	792.719970703125
416.229293271071	792.400024414063
419.082569206155	791.400024414063
421.934908231031	792.320007324219
424.786310779917	792.840026855469
427.636777286748	792.640014648438
430.486308185189	792.599975585938
433.334903908649	792.760009765625
436.182564890262	793.239990234375
439.029291562898	792.799987792969
441.875084359157	792
444.719943711374	791.640014648438
447.563870051618	790.919982910156
450.406863811695	791.52001953125
453.248925423132	791.239990234375
456.090055317208	792.200012207031
458.93025392492	791.760009765625
461.76952167701	792
464.60785900395	790.400024414063
467.44526633595	791.359985351563
470.281744102955	792.440002441406
473.117292734635	790.599975585938
475.951912660415	791.320007324219
478.785604309439	791.159973144531
481.618368110592	790.440002441406
484.450204492499	791.039978027344
487.281113883518	791.679992675781
490.111096711738	791.159973144531
492.940153404999	791.080017089844
495.768284390864	791.719970703125
498.595490096635	790.719970703125
501.421770949366	791.719970703125
504.247127375825	791.919982910156
507.071559802537	792.039978027344
509.89506865575	791.599975585938
512.717654361473	792.440002441406
515.539317345424	792.159973144531
518.360058033083	791.880004882813
521.179876849652	791.960021972656
523.998774220083	791.200012207031
526.816750569068	791.679992675781
529.633806321025	790.960021972656
532.44994190013	791.960021972656
535.265157730284	791.359985351563
538.079454235133	791.080017089844
540.892831838066	791.039978027344
543.705290962208	791.080017089844
546.516832030424	791.960021972656
549.32745546533	791.919982910156
552.137161689268	791.599975585938
554.945951124325	791.559997558594
557.753824192341	790.280029296875
560.560781314883	792.320007324219
563.36682291327	791.320007324219
566.171949408555	791.080017089844
568.976161221537	791
571.779458772759	791.080017089844
574.5818424825	791.239990234375
577.383312770792	791.239990234375
580.183870057402	791.52001953125
582.983514761843	791.599975585938
585.782247303363	790.640014648438
588.580068100976	791.200012207031
591.376977573414	790.47998046875
594.172976139164	791.400024414063
596.968064216463	790.840026855469
599.762242223282	790.200012207031
602.555510577335	789.840026855469
605.347869696099	790.239990234375
608.139319996771	790.080017089844
610.929861896313	789.719970703125
613.719495811421	790.119995117188
616.508222158541	790.039978027344
619.296041353863	790.919982910156
622.082953813324	790.880004882813
624.868959952607	790.080017089844
627.654060187137	789.640014648438
630.438254932094	790.440002441406
633.221544602397	790.080017089844
636.003929612719	790.679992675781
638.785410377468	789.799987792969
641.565987310814	790.039978027344
644.345660826665	790.080017089844
647.124431338674	790.760009765625
649.902299260252	790.080017089844
652.679265004552	790.359985351563
655.455328984475	789.880004882813
658.230491612671	791.080017089844
661.004753301541	790.799987792969
663.778114463229	791.200012207031
666.550575509631	791.359985351563
669.322136852395	789.919982910156
672.092798902916	790.400024414063
674.862562072336	790.400024414063
677.631426771548	790.359985351563
680.399393411204	790.119995117188
683.166462401689	789.799987792969
685.93263415315	790.200012207031
688.697909075486	789.960021972656
691.462287578337	790.320007324219
694.225770071098	789.559997558594
696.988356962926	790.280029296875
699.750048662705	789.840026855469
702.5108455791	789.640014648438
705.270748120503	790.359985351563
708.029756695068	790.080017089844
710.787871710705	790.239990234375
713.545093575065	790.400024414063
716.301422695566	791.359985351563
719.056859479364	789.760009765625
721.811404333376	790.919982910156
724.56505766427	791.080017089844
727.317819878473	790.599975585938
730.069691382148	790.47998046875
732.820672581226	790.320007324219
735.570763881396	790.320007324219
738.319965688092	790
741.068278406496	790.559997558594
743.815702441559	790.840026855469
746.562238197974	791.200012207031
749.307886080196	791.599975585938
752.052646492436	791.400024414063
754.796519838656	791.599975585938
757.539506522567	791.239990234375
760.28160694765	791.239990234375
763.022821517128	791.159973144531
765.76315063399	791.200012207031
768.502594700972	790.640014648438
771.241154120572	790.799987792969
773.978829295045	790.840026855469
776.715620626397	792.039978027344
779.451528516396	792.440002441406
782.186553366565	793.239990234375
784.920695578179	792.880004882813
787.653955552283	792.880004882813
790.386333689662	792.080017089844
793.117830390877	791.039978027344
795.848446056227	791.280029296875
798.578181085792	790.760009765625
801.307035879389	790.119995117188
804.035010836599	791.200012207031
806.762106356774	790.239990234375
809.488322839013	790.880004882813
812.213660682169	791.159973144531
814.938120284866	790.280029296875
817.661702045482	790.200012207031
820.384406362153	790.47998046875
823.10623363278	790.52001953125
825.827184255014	790.840026855469
828.547258626283	790.799987792969
831.266457143747	790.719970703125
833.984780204358	790.440002441406
836.702228204804	789.640014648438
839.418801541552	789.559997558594
842.134500610814	790.599975585938
844.849325808575	790.239990234375
847.563277530579	790.359985351563
850.276356172319	790.440002441406
852.988562129066	790.039978027344
855.69989579585	791.080017089844
858.410357567456	790.960021972656
861.119947838428	790.599975585938
863.828667003087	790.359985351563
866.536515455503	789.559997558594
869.243493589517	789.239990234375
871.949601798728	790.080017089844
874.654840476504	790.320007324219
877.359210015961	790.280029296875
880.062710810003	790.440002441406
882.765343251273	790.039978027344
885.467107732191	790.52001953125
888.168004644938	790.119995117188
890.868034381467	790.840026855469
893.567197333476	790.320007324219
896.265493892445	790.080017089844
898.962924449614	789.679992675781
901.659489395985	790.960021972656
904.355189122325	790.359985351563
907.050024019165	789.320007324219
909.743994476809	790.200012207031
912.437100885322	789.919982910156
915.129343634532	790.200012207031
917.820723114032	789.880004882813
920.511239713189	790.440002441406
923.200893821127	790.559997558594
925.889685826744	789.799987792969
928.577616118699	791.200012207031
931.264685085419	790.559997558594
933.950893115098	790.719970703125
936.6362405957	790.840026855469
939.320727914956	790.799987792969
942.004355460359	790.919982910156
944.687123619173	790.200012207031
947.369032778431	790.760009765625
950.050083324934	790.280029296875
952.730275645247	789.559997558594
955.409610125711	790.760009765625
958.088087152423	790.359985351563
960.765707111263	791.200012207031
963.442470387871	790
966.118377367657	790.719970703125
968.793428435798	789.960021972656
971.467623977254	790.640014648438
974.140964376739	789.840026855469
976.813450018737	790.52001953125
979.485081287511	789.799987792969
982.155858567087	789.799987792969
984.825782241271	789.960021972656
987.494852693624	790.679992675781
990.163070307487	790.47998046875
992.830435465978	791.200012207031
995.496948551973	790.52001953125
998.162609948122	791.880004882813
1000.82742003685	793.919982910156
1003.49137920036	794.52001953125
1006.15448782061	792.799987792969
1008.81674627934	790.280029296875
1011.47815495806	789.559997558594
1014.13871423805	789.679992675781
1016.79842450037	789.200012207031
1019.45728612586	789.47998046875
1022.11529949509	789.400024414063
1024.77246498846	789.880004882813
1027.4287829861	790.400024414063
1030.08425386792	790.559997558594
1032.73887801363	790.039978027344
1035.3926558027	790.400024414063
1038.04558761435	790.400024414063
1040.69767382761	789.359985351563
1043.34891482125	788.640014648438
1045.99931097384	789.039978027344
1048.64886266371	789.440002441406
1051.29757026898	789.280029296875
1053.94543416753	789.880004882813
1056.59245473701	789.919982910156
1059.23863235486	789.919982910156
1061.8839673983	789.960021972656
1064.5284602443	791.039978027344
1067.17211126962	790.239990234375
1069.8149208508	790.039978027344
1072.45688936415	789.919982910156
1075.09801718577	790.280029296875
1077.7383046915	789.960021972656
1080.377752257	790.880004882813
1083.01636025767	790.919982910156
1085.65412906872	790.719970703125
1088.2910590651	791.359985351563
1090.92715062157	791.039978027344
1093.56240411266	791.52001953125
1096.19681991265	791.760009765625
1098.83039839564	791.239990234375
1101.46313993547	791.119995117188
1104.09504490579	789.640014648438
1106.72611368	790.039978027344
1109.35634663129	790.559997558594
1111.98574413263	789.880004882813
1114.61430655677	788.840026855469
1117.24203427624	789.599975585938
1119.86892766333	789.039978027344
1122.49498709014	789.119995117188
1125.12021292851	790.359985351563
1127.74460555011	790.200012207031
1130.36816532634	789.719970703125
1132.99089262841	789.159973144531
1135.6127878273	788.239990234375
1138.23385129376	788.119995117188
1140.85408339834	787.359985351563
1143.47348451137	787.719970703125
1146.09205500294	787.880004882813
1148.70979524293	787.719970703125
1151.326705601	787.679992675781
1153.9427864466	788.239990234375
1156.55803814896	788.119995117188
1159.17246107707	788.280029296875
1161.78605559974	789.080017089844
1164.39882208551	788.919982910156
1167.01076090276	788.400024414063
1169.6218724196	788.47998046875
1172.23215700396	788.960021972656
1174.84161502352	788.960021972656
1177.45024684578	789.359985351563
1180.05805283799	787.880004882813
1182.66503336719	788.52001953125
1185.27118880021	788.239990234375
1187.87651950367	787.679992675781
1190.48102584395	788.440002441406
1193.08470818723	788.919982910156
1195.68756689948	788.679992675781
1198.28960234643	788.760009765625
1200.89081489363	789.919982910156
1203.49120490636	790.559997558594
1206.09077274974	790.119995117188
1208.68951878864	790.280029296875
1211.28744338773	789.960021972656
1213.88454691145	790.080017089844
1216.48082972404	790.039978027344
1219.07629218953	790.559997558594
1221.6709346717	790.640014648438
1224.26475753416	791.119995117188
1226.85776114028	792.200012207031
1229.44994585322	792.559997558594
1232.04131203592	791.679992675781
1234.63186005112	792.919982910156
1237.22159026133	793.080017089844
1239.81050302886	793.52001953125
1242.3985987158	794.640014648438
1244.98587768402	794.119995117188
1247.5723402952	794.359985351563
1250.15798691078	793.280029296875
1252.74281789199	793.919982910156
1255.32683359987	792.799987792969
1257.91003439523	794.200012207031
1260.49242063865	794.640014648438
1263.07399269055	792.599975585938
1265.65475091108	793.200012207031
1268.23469566021	792.320007324219
1270.81382729769	791.599975585938
1273.39214618306	791.599975585938
1275.96965267566	792.239990234375
1278.54634713458	792.799987792969
1281.12222991875	791.960021972656
1283.69730138685	791.359985351563
1286.27156189737	791.840026855469
1288.84501180858	792.719970703125
1291.41765147853	793.119995117188
1293.98948126509	792.960021972656
1296.56050152589	792.760009765625
1299.13071261837	793.52001953125
1301.70011489973	793.440002441406
1304.268708727	793.559997558594
1306.83649445698	793.880004882813
1309.40347244625	793.960021972656
1311.96964305119	794.960021972656
1314.53500662799	795
1317.0995635326	795.039978027344
1319.66331412077	794.359985351563
1322.22625874806	793.960021972656
1324.7883977698	793.760009765625
1327.34973154112	793.320007324219
1329.91026041694	793.919982910156
1332.46998475197	793.47998046875
1335.0289049007	793.280029296875
1337.58702121746	794.119995117188
1340.14433405631	794.200012207031
1342.70084377115	793.52001953125
1345.25655071563	792.960021972656
1347.81145524323	792.239990234375
1350.36555770721	791.679992675781
1352.91885846062	790.799987792969
1355.47135785631	791.119995117188
1358.02305624691	790.960021972656
1360.57395398486	789.960021972656
1363.12405142237	790.440002441406
1365.67334891148	790.599975585938
1368.22184680399	790
1370.76954545151	789.52001953125
1373.31644520545	790.119995117188
1375.86254641699	789.760009765625
1378.40784943713	788.960021972656
1380.95235461666	789.880004882813
1383.49606230615	788.880004882813
1386.03897285598	790.400024414063
1388.58108661632	788.599975585938
1391.12240393713	788.719970703125
1393.66292516818	789.599975585938
1396.20265065903	789.039978027344
1398.74158075901	789.080017089844
1401.2797158173	789.239990234375
1403.81705618282	789.719970703125
1406.35360220431	790.159973144531
1408.88935423032	788.960021972656
1411.42431260919	789
1413.95847768903	789.239990234375
1416.49184981777	789.119995117188
1419.02442934314	789.039978027344
1421.55621661266	789.200012207031
1424.08721197364	789.719970703125
1426.61741577321	789.760009765625
1429.14682835828	789.47998046875
1431.67545007555	789.799987792969
1434.20328127153	790.760009765625
1436.73032229253	792.080017089844
1439.25657348466	792.960021972656
1441.78203519381	793.400024414063
1444.3067077657	793.640014648438
1446.83059154581	794.919982910156
1449.35368687944	794.760009765625
1451.8759941117	795.200012207031
1454.39751358748	795.039978027344
1456.91824565148	793.840026855469
1459.43819064818	793.039978027344
1461.95734892189	793.159973144531
1464.4757208167	792.159973144531
1466.99330667649	792.760009765625
1469.51010684497	791.359985351563
1472.02612166564	790.440002441406
1474.54135148177	790.280029296875
1477.05579663646	789.840026855469
1479.56945747262	790.119995117188
1482.08233433293	789.159973144531
1484.59442755989	790.119995117188
1487.10573749579	789.159973144531
1489.61626448275	788.640014648438
1492.12600886264	787.640014648438
1494.63497097718	786.559997558594
1497.14315116786	786.679992675781
1499.65054977599	785.919982910156
1502.15716714267	786.239990234375
1504.66300360881	785.559997558594
1507.16805951512	785.880004882813
1509.67233520211	785.840026855469
1512.1758310101	786
1514.67854727919	785.359985351563
1517.18048434931	785.400024414063
1519.68164256018	785.359985351563
1522.18202225132	785.320007324219
1524.68162376207	785.159973144531
1527.18044743155	785.200012207031
1529.67849359869	785.47998046875
1532.17576260224	785.320007324219
1534.67225478072	786.080017089844
1537.1679704725	785.599975585938
1539.66291001572	785.400024414063
1542.15707374832	785.52001953125
1544.65046200807	786.159973144531
1547.14307513254	785.960021972656
1549.63491345907	787.080017089844
1552.12597732485	787.559997558594
1554.61626706685	786.719970703125
1557.10578302185	786.719970703125
1559.59452552644	786.960021972656
1562.082494917	787.159973144531
1564.56969152973	787.960021972656
1567.05611570064	788.840026855469
1569.54176776552	789.440002441406
1572.02664806	790.080017089844
1574.51075691949	789.679992675781
1576.99409467921	790.200012207031
1579.4766616742	789.039978027344
1581.95845823929	789.320007324219
1584.43948470912	789.719970703125
1586.91974141815	789
1589.39922870064	788.320007324219
1591.87794689064	788.719970703125
1594.35589632202	788.119995117188
1596.83307732848	788.799987792969
1599.30949024348	789.119995117188
1601.78513540033	788.840026855469
1604.26001313211	789.280029296875
1606.73412377175	789.640014648438
1609.20746765196	789.320007324219
1611.68004510526	789.599975585938
1614.15185646398	790.719970703125
1616.62290206026	789.719970703125
1619.09318222605	790.640014648438
1621.56269729311	790.52001953125
1624.031447593	789.599975585938
1626.4994334571	790.280029296875
1628.9666552166	789.919982910156
1631.43311320248	790.159973144531
1633.89880774554	791.280029296875
1636.3637391764	792.039978027344
1638.82790782548	791.47998046875
1641.29131402301	792.200012207031
1643.75395809903	793.359985351563
1646.21584038339	792.880004882813
1648.67696120575	793.52001953125
1651.13732089558	794.559997558594
1653.59691978216	795.159973144531
1656.05575819459	794.719970703125
1658.51383646175	793.52001953125
1660.97115491238	795.080017089844
1663.42771387498	794.640014648438
1665.8835136779	794.280029296875
1668.33855464928	793.559997558594
1670.79283711708	793.919982910156
1673.24636140907	792.679992675781
1675.69912785282	792.280029296875
1678.15113677572	792.039978027344
1680.602388505	790.679992675781
1683.05288336764	789.880004882813
1685.50262169049	789.200012207031
1687.95160380019	788.47998046875
1690.39983002318	788.760009765625
1692.84730068573	787.599975585938
1695.29401611392	787.159973144531
1697.73997663364	786.640014648438
1700.18518257059	786.159973144531
1702.6296342503	785.119995117188
1705.07333199807	785.599975585938
1707.51627613907	784.760009765625
1709.95846699824	784.599975585938
1712.39990490036	784.799987792969
1714.84059017001	784.52001953125
1717.28052313159	784
1719.7197041093	784.239990234375
1722.15813342718	784
1724.59581140906	783.599975585938
1727.03273837859	783.47998046875
1729.46891465926	782.960021972656
1731.90434057432	783.52001953125
1734.3390164469	783.039978027344
1736.7729425999	783.359985351563
1739.20611935604	783.080017089844
1741.63854703787	782.359985351563
1744.07022596776	782.760009765625
1746.50115646787	782.679992675781
1748.93133886019	783.119995117188
1751.36077346652	782.400024414063
1753.7894606085	782.359985351563
1756.21740060755	782.039978027344
1758.64459378494	782.039978027344
1761.07104046172	782.640014648438
1763.49674095879	782.320007324219
1765.92169559684	782.280029296875
1768.3459046964	782.239990234375
1770.7693685778	782.159973144531
1773.1920875612	782.440002441406
1775.61406196656	782.200012207031
1778.03529211367	781.919982910156
1780.45577832214	782.47998046875
1782.87552091138	782.320007324219
1785.29452020064	782.359985351563
1787.71277650897	782.280029296875
1790.13029015525	782.52001953125
1792.54706145817	782
1794.96309073625	782.359985351563
1797.3783783078	781.919982910156
1799.79292449097	781.679992675781
1802.20672960375	782.719970703125
1804.61979396389	781.52001953125
1807.03211788902	782.080017089844
1809.44370169655	782.200012207031
1811.85454570373	781.960021972656
1814.2646502276	781.679992675781
1816.67401558506	782.280029296875
1819.0826420928	781.559997558594
1821.49053006734	781.760009765625
1823.89767982501	782.080017089844
1826.30409168198	782.159973144531
1828.70976595422	781.280029296875
1831.11470295753	781.679992675781
1833.51890300752	781.760009765625
1835.92236641964	781.760009765625
1838.32509350914	781.799987792969
1840.72708459111	781.840026855469
1843.12833998044	781.119995117188
1845.52885999184	781.320007324219
1847.92864493987	781.880004882813
1850.32769513889	781.799987792969
1852.72601090307	781.919982910156
1855.12359254642	781.640014648438
1857.52044038278	781.880004882813
1859.91655472578	781.679992675781
1862.31193588889	781.47998046875
1864.70658418542	781.840026855469
1867.10049992847	781.840026855469
1869.49368343096	782.280029296875
1871.88613500568	781.599975585938
1874.27785496518	782
1876.66884362188	781.559997558594
1879.059101288	781.640014648438
1881.44862827559	781.559997558594
1883.8374248965	782.080017089844
1886.22549146246	781.880004882813
1888.61282828495	781.760009765625
1890.99943567534	782.47998046875
1893.38531394477	782.119995117188
1895.77046340424	781.880004882813
1898.15488436455	782.119995117188
1900.53857713634	782.400024414063
1902.92154203006	782.239990234375
1905.303779356	781.840026855469
1907.68528942426	781.559997558594
1910.06607254477	781.960021972656
1912.44612902729	782.039978027344
1914.82545918139	781.919982910156
1917.20406331648	781.679992675781
1919.58194174178	781.400024414063
1921.95909476634	781.359985351563
1924.33552269905	781.960021972656
1926.71122584861	781.559997558594
1929.08620452353	781
1931.46045903219	781.559997558594
1933.83398968275	781.760009765625
1936.20679678322	782.119995117188
1938.57888064142	782.239990234375
1940.95024156502	781.679992675781
1943.3208798615	781.880004882813
1945.69079583816	781.799987792969
1948.05998980213	782.320007324219
1950.42846206038	781.760009765625
1952.79621291969	782
1955.16324268668	781.47998046875
1957.52955166778	781.719970703125
1959.89514016927	782
1962.26000849723	782.080017089844
1964.62415695759	782.200012207031
1966.98758585609	782.320007324219
1969.3502954983	781.320007324219
1971.71228618964	782
1974.07355823532	781.919982910156
1976.43411194042	781.960021972656
1978.79394760981	781.47998046875
1981.1530655482	781.719970703125
1983.51146606014	782.080017089844
1985.86914944999	782.200012207031
1988.22611602196	782.239990234375
1990.58236608007	782.159973144531
1992.93789992817	782
1995.29271786995	782.119995117188
1997.64682020892	782.080017089844
2000.00020724843	782.280029296875
2002.35287929162	782.440002441406
2004.70483664152	782.119995117188
2007.05607960095	782.200012207031
2009.40660847256	782.400024414063
2011.75642355884	782.159973144531
2014.1055251621	782
2016.4539135845	781.799987792969
2018.80158912802	782.52001953125
2021.14855209444	782.599975585938
2023.49480278542	782.52001953125
2025.84034150242	782.440002441406
2028.18516854673	782.200012207031
2030.52928421948	782.599975585938
2032.87268882163	782.320007324219
2035.21538265398	782.200012207031
2037.55736601713	782.320007324219
2039.89863921153	782.640014648438
2042.23920253747	782.52001953125
2044.57905629506	782.280029296875
2046.91820078425	782.799987792969
2049.2566363048	782.280029296875
2051.59436315633	782.679992675781
2053.93138163827	782.440002441406
2056.2676920499	783
2058.6032946903	782.400024414063
2060.93818985843	782.359985351563
2063.27237785303	782.280029296875
2065.60585897272	782.440002441406
2067.93863351592	782.440002441406
2070.27070178089	782.359985351563
2072.60206406574	782.320007324219
2074.93272066838	782.679992675781
2077.26267188658	782
2079.59191801793	782.080017089844
2081.92045935985	782.47998046875
2084.24829620962	782.119995117188
2086.57542886431	782.280029296875
2088.90185762087	782.840026855469
2091.22758277604	782.760009765625
2093.55260462643	782.799987792969
2095.87692346845	782.679992675781
2098.20053959837	782.640014648438
2100.52345331229	782.880004882813
2102.84566490614	782.440002441406
2105.16717467567	782.559997558594
2107.48798291649	782.47998046875
2109.80808992403	783
2112.12749599355	782.640014648438
2114.44620142016	782.840026855469
2116.7642064988	782.159973144531
2119.08151152423	782.559997558594
2121.39811679106	782.159973144531
2123.71402259374	783.159973144531
2126.02922922653	782.080017089844
2128.34373698356	782.440002441406
2130.65754615876	782.599975585938
2132.97065704594	782.47998046875
2135.28306993869	782.799987792969
2137.59478513047	783.200012207031
2139.90580291459	782.400024414063
2142.21612358416	782.280029296875
2144.52574743214	782.799987792969
2146.83467475134	783.080017089844
2149.1429058344	782.799987792969
2151.45044097377	782.760009765625
2153.75728046178	782.400024414063
2156.06342459057	782.840026855469
2158.36887365212	782.880004882813
2160.67362793825	782.679992675781
2162.97768774061	783
2165.28105335071	783.119995117188
2167.58372505987	782.880004882813
2169.88570315926	782.400024414063
2172.18698793988	782.440002441406
2174.48757969258	782.039978027344
2176.78747870805	782.47998046875
2179.08668527679	783
2181.38519968917	782.559997558594
2183.68302223538	782.359985351563
2185.98015320547	783
2188.27659288929	782.440002441406
2190.57234157656	782.400024414063
2192.86739955682	782.640014648438
2195.16176711948	782.599975585938
2197.45544455375	781.960021972656
2199.74843214869	782.440002441406
2202.04073019322	781.880004882813
2204.33233897607	782.760009765625
2206.62325878583	783.159973144531
2208.91348991093	782.159973144531
2211.20303263961	782.440002441406
2213.49188726	782.200012207031
2215.78005406001	782.880004882813
2218.06753332744	782.440002441406
2220.35432534991	782.880004882813
2222.64043041487	782.080017089844
2224.92584880964	782.599975585938
2227.21058082134	781.559997558594
2229.49462673696	781.960021972656
2231.77798684332	781.599975585938
2234.06066142709	782.400024414063
2236.34265077477	782.119995117188
2238.62395517269	782.320007324219
2240.90457490706	782.080017089844
2243.18451026388	781.760009765625
2245.46376152904	782.440002441406
2247.74232898823	782.280029296875
2250.02021292701	781.400024414063
2252.29741363077	782.119995117188
2254.57393138475	782.080017089844
2256.849766474	781.799987792969
2259.12491918346	782.119995117188
2261.39938979788	781.919982910156
2263.67317860185	782.080017089844
2265.94628587983	781.880004882813
2268.2187119161	781.880004882813
2270.49045699478	781.960021972656
2272.76152139985	782.719970703125
2275.03190541511	782.039978027344
2277.30160932421	782.559997558594
2279.57063341067	781.919982910156
2281.83897795781	781.599975585938
2284.10664324882	781.679992675781
2286.37362956672	781.880004882813
2288.63993719439	781.640014648438
2290.90556641454	782.080017089844
2293.17051750973	781.919982910156
2295.43479076235	782.039978027344
2297.69838645465	782.440002441406
2299.96130486871	782.47998046875
2302.22354628647	781.119995117188
2304.48511098971	781.52001953125
2306.74599926003	782.320007324219
2309.00621137891	781.640014648438
2311.26574762765	781.679992675781
2313.52460828741	781.880004882813
2315.78279363917	782.039978027344
2318.04030396379	781.760009765625
2320.29713954195	781.280029296875
2322.55330065418	781.880004882813
2324.80878758085	782
2327.06360060219	781.599975585938
2329.31773999826	781.880004882813
2331.57120604897	782.440002441406
2333.82399903409	781.760009765625
2336.0761192332	782.039978027344
2338.32756692577	781.640014648438
2340.57834239108	781.559997558594
2342.82844590827	781.400024414063
2345.07787775633	781.400024414063
2347.32663821409	781.880004882813
2349.57472756023	781.679992675781
2351.82214607327	782.080017089844
2354.06889403158	781.599975585938
2356.31497171337	781.559997558594
2358.56037939672	781.599975585938
2360.80511735953	781.359985351563
2363.04918587955	781.960021972656
2365.29258523439	781.719970703125
2367.5353157015	781.599975585938
2369.77737755817	781.760009765625
2372.01877108156	781.52001953125
2374.25949654865	781.280029296875
2376.49955423629	781.640014648438
2378.73894442115	781.119995117188
2380.97766737977	781.880004882813
2383.21572338855	781.799987792969
2385.45311272369	781.719970703125
2387.68983566129	781.280029296875
2389.92589247727	781.559997558594
2392.1612834474	781.320007324219
2394.39600884731	781.760009765625
2396.63006895246	781.559997558594
2398.86346403818	781.159973144531
2401.09619437962	781.359985351563
2403.32826025182	781.52001953125
2405.55966192963	782.039978027344
2407.79039968777	781.400024414063
2410.0204738008	781.799987792969
2412.24988454313	781.640014648438
2414.47863218902	781.840026855469
2416.70671701258	781.559997558594
2418.93413928778	782.080017089844
2421.16089928842	781.320007324219
2423.38699728817	781.400024414063
2425.61243356052	781.47998046875
2427.83720837884	781.760009765625
2430.06132201633	781.599975585938
2432.28477474606	781.159973144531
2434.50756684093	781.200012207031
2436.72969857371	781.359985351563
2438.95117021699	781.400024414063
2441.17198204325	781.280029296875
2443.39213432478	780.919982910156
2445.61162733376	781.359985351563
2447.83046134218	782.159973144531
2450.04863662192	781.960021972656
2452.26615344468	782
2454.48301208203	781.359985351563
2456.69921280539	781.400024414063
2458.91475588602	781.239990234375
2461.12964159504	781.880004882813
2463.34387020342	781.559997558594
2465.55744198198	781.840026855469
2467.77035720139	781.119995117188
2469.98261613217	781.47998046875
2472.1942190447	781.919982910156
2474.40516620922	781.799987792969
2476.6154578958	781.320007324219
2478.82509437436	781.52001953125
2481.03407591471	781.52001953125
2483.24240278646	781.760009765625
2485.45007525911	781.400024414063
2487.65709360202	781.719970703125
2489.86345808435	781.440002441406
2492.06916897518	781.760009765625
2494.27422654339	781.52001953125
2496.47863105774	780.719970703125
2498.68238278683	781.640014648438
2500.88548199912	781.640014648438
2503.08792896294	781.47998046875
2505.28972394643	781.47998046875
2507.49086721763	781.640014648438
2509.6913590444	781.919982910156
2511.89119969447	781.47998046875
2514.09038943543	781.359985351563
2516.2889285347	781.47998046875
2518.48681725957	781.320007324219
2520.6840558772	782.159973144531
2522.88064465456	782.039978027344
2525.07658385852	781.840026855469
2527.27187375578	781.440002441406
2529.4665146129	781.400024414063
2531.66050669629	781.960021972656
2533.85385027222	781.280029296875
2536.04654560681	781.640014648438
2538.23859296605	781.119995117188
2540.42999261577	781.47998046875
2542.62074482166	781.960021972656
2544.81084984925	781.760009765625
2547.00030796395	781.640014648438
2549.18911943101	781.559997558594
2551.37728451555	781.880004882813
2553.56480348252	781.919982910156
2555.75167659675	781.119995117188
2557.93790412292	781.599975585938
2560.12348632556	782.119995117188
2562.30842346905	782.039978027344
2564.49271581764	781.52001953125
2566.67636363544	781.799987792969
2568.85936718639	782.080017089844
2571.04172673431	781.880004882813
2573.22344254288	781.320007324219
2575.40451487562	781.960021972656
2577.58494399591	781.679992675781
2579.76473016699	782.320007324219
2581.94387365196	781.52001953125
2584.12237471377	781.960021972656
2586.30023361523	781.47998046875
2588.47745061901	781.280029296875
2590.65402598763	781.559997558594
2592.82995998348	781.840026855469
2595.0052528688	781.599975585938
2597.17990490568	782.080017089844
2599.35391635608	781.280029296875
2601.52728748181	781.52001953125
2603.70001854454	781.760009765625
2605.8721098058	782.200012207031
2608.04356152698	782.080017089844
2610.21437396931	782.239990234375
2612.3845473939	781.559997558594
2614.55408206173	782.080017089844
2616.72297823359	782.320007324219
2618.89123617017	781.919982910156
2621.058856132	782.359985351563
2623.22583837949	781.799987792969
2625.39218317288	781.679992675781
2627.55789077229	781.719970703125
2629.72296143769	781.679992675781
2631.88739542891	781.679992675781
2634.05119300563	781.760009765625
2636.21435442742	782.159973144531
2638.37687995367	781.760009765625
2640.53876984365	781.760009765625
2642.70002435649	782.359985351563
2644.86064375119	781.799987792969
2647.02062828658	782.039978027344
2649.17997822137	781.840026855469
2651.33869381413	781.799987792969
2653.49677532328	782.119995117188
2655.65422300711	782.280029296875
2657.81103712378	781.719970703125
2659.96721793127	781.599975585938
2662.12276568747	782.119995117188
2664.2776806501	781.52001953125
2666.43196307675	781.840026855469
2668.58561322486	782.47998046875
2670.73863135176	782.559997558594
2672.8910177146	782.400024414063
2675.04277257043	781.880004882813
2677.19389617612	782.440002441406
2679.34438878845	781.400024414063
2681.49425066402	782.239990234375
2683.64348205931	782.840026855469
2685.79208323065	781.880004882813
2687.94005443425	782.559997558594
2690.08739592617	781.52001953125
2692.23410796233	782.239990234375
2694.38019079852	781.880004882813
2696.52564469038	782.359985351563
2698.67046989342	782.359985351563
2700.81466666302	782.52001953125
2702.9582352544	782.159973144531
2705.10117592265	782.679992675781
2707.24348892275	782.440002441406
2709.3851745095	782.960021972656
2711.5262329376	782.880004882813
2713.66666446158	782.719970703125
2715.80646933585	782.679992675781
2717.94564781468	782.840026855469
2720.08420015222	783.280029296875
2722.22212660245	783
2724.35942741923	783.080017089844
2726.49610285628	782.559997558594
2728.63215316721	782.960021972656
2730.76757860544	783.47998046875
2732.9023794243	783.039978027344
2735.03655587697	782.47998046875
2737.17010821648	782.840026855469
2739.30303669573	783.280029296875
2741.4353415675	783
2743.56702308442	783.239990234375
2745.69808149898	782.840026855469
2747.82851706355	783.52001953125
2749.95833003034	783.200012207031
2752.08752065145	783.080017089844
2754.21608917883	783.039978027344
2756.3440358643	783.239990234375
2758.47136095954	782.840026855469
2760.59806471609	783.400024414063
2762.72414738537	783.039978027344
2764.84960921865	782.679992675781
2766.97445046708	783.320007324219
2769.09867138166	783.359985351563
2771.22227221326	782.719970703125
2773.34525321263	783.400024414063
2775.46761463035	783.400024414063
2777.58935671691	783.239990234375
2779.71047972262	783.200012207031
2781.83098389771	783.159973144531
2783.95086949221	783.200012207031
2786.07013675607	782.400024414063
2788.18878593908	783.239990234375
2790.3068172909	782.440002441406
2792.42423106106	782.840026855469
2794.54102749895	782.719970703125
2796.65720685384	783.080017089844
2798.77276937486	783.559997558594
2800.88771531098	782.719970703125
2803.00204491107	783.599975585938
2805.11575842387	783.119995117188
2807.22885609796	783.320007324219
2809.34133818179	783.200012207031
2811.4532049237	783.239990234375
2813.56445657189	783.080017089844
2815.6750933744	783.159973144531
2817.78511557916	783.52001953125
2819.89452343398	784.119995117188
2822.00331718652	783.880004882813
2824.11149708429	784.159973144531
2826.2190633747	784.719970703125
2828.32601630502	785.159973144531
2830.43235612237	785
2832.53808307375	785.760009765625
2834.64319740603	786.359985351563
2836.74769936595	786.719970703125
2838.85158920011	787.280029296875
2840.95486715497	787.200012207031
2843.05753347689	788.599975585938
2845.15958841206	789.440002441406
2847.26103220657	790.880004882813
2849.36186510636	791.919982910156
2851.46208735724	791.47998046875
2853.56169920488	792.200012207031
2855.66070089485	793.440002441406
2857.75909267257	792.320007324219
2859.85687478332	794.840026855469
2861.95404747225	796.119995117188
2864.05061098439	796.799987792969
2866.14656556464	797.159973144531
2868.24191145777	797.47998046875
2870.3366489084	796.679992675781
2872.43077816104	798.679992675781
2874.52429946006	801.239990234375
2876.61721304971	800.880004882813
2878.70951917409	802.119995117188
2880.8012180772	801.280029296875
2882.89231000287	800.919982910156
2884.98279519483	802.280029296875
2887.07267389667	801.640014648438
2889.16194635186	801.080017089844
2891.25061280373	802.799987792969
2893.33867349546	801.919982910156
2895.42612867015	801.919982910156
2897.51297857074	803.719970703125
2899.59922344003	802.880004882813
2901.68486352071	803
2903.76989905533	805.320007324219
2905.85433028632	806.640014648438
2907.93815745598	807.47998046875
2910.02138080648	806.320007324219
2912.10400057985	807.679992675781
2914.186017018	808.599975585938
2916.26743036271	808.280029296875
2918.34824085563	808.599975585938
2920.4284487383	810.919982910156
2922.5080542521	811.52001953125
2924.58705763829	813.559997558594
2926.66545913802	812.880004882813
2928.74325899231	814.320007324219
2930.82045744202	813.760009765625
2932.89705472792	813.52001953125
2934.97305109062	815.400024414063
2937.04844677063	815.359985351563
2939.12324200832	815.760009765625
2941.19743704393	815.52001953125
2943.27103211757	814.200012207031
2945.34402746923	811.960021972656
2947.41642333876	811.080017089844
2949.48821996592	809.599975585938
2951.55941759028	808.799987792969
2953.63001645135	808.719970703125
2955.70001678845	807.47998046875
2957.76941884083	806.599975585938
2959.83822284757	807.119995117188
2961.90642904764	806.359985351563
2963.97403767988	805.599975585938
2966.04104898302	804.599975585938
2968.10746319565	803.799987792969
2970.17328055621	802.280029296875
2972.23850130305	802.47998046875
2974.30312567438	803.159973144531
2976.36715390829	803.719970703125
2978.43058624273	804.200012207031
2980.49342291553	802.080017089844
2982.55566416439	801.799987792969
2984.61731022691	800.919982910156
2986.67836134051	801.119995117188
2988.73881774255	800.400024414063
2990.79867967021	799.200012207031
2992.85794736058	799.559997558594
2994.9166210506	797.52001953125
2996.97470097711	796.47998046875
2999.03218737679	797.719970703125
3001.08908048622	796.799987792969
3003.14538054186	797.200012207031
3005.20108778002	797
3007.25620243691	796.719970703125
3009.3107247486	796.640014648438
3011.36465495104	796.080017089844
3013.41799328004	794.200012207031
3015.47073997133	795.039978027344
3017.52289526045	795.039978027344
3019.57445938288	794.960021972656
3021.62543257393	795.440002441406
3023.6758150688	795.760009765625
3025.72560710258	794.599975585938
3027.77480891021	795.200012207031
3029.82342072652	795.559997558594
3031.87144278622	796.640014648438
3033.91887532389	795.559997558594
3035.96571857399	796.080017089844
3038.01197277084	796.159973144531
3040.05763814867	796
3042.10271494154	795.799987792969
3044.14720338344	796.919982910156
3046.19110370818	798.400024414063
3048.2344161495	797.200012207031
3050.27714094097	798.239990234375
3052.31927831608	798.880004882813
3054.36082850816	802
3056.40179175044	800.47998046875
3058.44216827602	799.159973144531
3060.48195831786	800.400024414063
3062.52116210884	799.919982910156
3064.55977988167	800.280029296875
3066.59781186897	800.960021972656
3068.63525830322	802.640014648438
3070.67211941678	802.799987792969
3072.7083954419	802.080017089844
3074.7440866107	801.679992675781
3076.77919315516	802
3078.81371530716	801.200012207031
3080.84765329846	802.599975585938
3082.88100736068	802.52001953125
3084.91377772534	802.119995117188
3086.94596462381	803.760009765625
3088.97756828737	804.239990234375
3091.00858894714	804.239990234375
3093.03902683417	803.919982910156
3095.06888217933	802.640014648438
3097.09815521342	804.840026855469
3099.12684616709	806.52001953125
3101.15495527087	806.080017089844
3103.18248275518	806.559997558594
3105.20942885031	806.880004882813
3107.23579378642	808.52001953125
3109.26157779358	808.760009765625
3111.28678110171	811.440002441406
3113.31140394062	809.47998046875
3115.33544654	808.200012207031
3117.35890912942	810.960021972656
3119.38179193832	812.400024414063
3121.40409519602	812.919982910156
3123.42581913174	813.760009765625
3125.44696397457	813.359985351563
3127.46752995345	813.880004882813
3129.48751729725	814.119995117188
3131.50692623469	813.960021972656
3133.52575699436	815.52001953125
3135.54400980476	816.679992675781
3137.56168489425	817.679992675781
3139.57878249108	819.280029296875
3141.59530282337	817.719970703125
3143.61124611913	819.52001953125
3145.62661260624	818.599975585938
3147.64140251247	818.840026855469
3149.65561606547	818.159973144531
3151.66925349277	817.599975585938
3153.68231502177	820.840026855469
3155.69480087977	820.559997558594
3157.70671129394	824.400024414063
3159.71804649132	825.400024414063
3161.72880669886	823.960021972656
3163.73899214336	823.200012207031
3165.74860305152	825.559997558594
3167.75763964991	824.080017089844
3169.766102165	827.400024414063
3171.77399082313	828.919982910156
3173.7813058505	825.640014648438
3175.78804747323	826.159973144531
3177.79421591731	828.359985351563
3179.79981140859	828.400024414063
3181.80483417282	828.760009765625
3183.80928443564	830.760009765625
3185.81316242255	832.080017089844
3187.81646835896	830.799987792969
3189.81920247013	831.799987792969
3191.82136498122	835.719970703125
3193.82295611727	836.679992675781
3195.82397610321	835.239990234375
3197.82442516385	834.119995117188
3199.82430352386	834.239990234375
3201.82361140782	837.159973144531
3203.82234904018	838.599975585938
3205.82051664529	835.440002441406
3207.81811444735	835.47998046875
3209.81514267047	837.320007324219
3211.81160153863	837.47998046875
3213.80749127571	835.640014648438
3215.80281210545	836.359985351563
3217.79756425148	837.760009765625
3219.79174793733	837.719970703125
3221.7853633864	835.440002441406
3223.77841082196	837.640014648438
3225.77089046719	838.400024414063
3227.76280254513	841.039978027344
3229.75414727873	842.280029296875
3231.74492489081	841.200012207031
3233.73513560406	839.880004882813
3235.72477964107	843.400024414063
3237.71385722431	842.080017089844
3239.70236857614	842.679992675781
3241.6903139188	839.760009765625
3243.6776934744	838.440002441406
3245.66450746496	838.599975585938
3247.65075611237	837.200012207031
3249.63643963841	837.880004882813
3251.62155826472	839.559997558594
3253.60611221287	839.719970703125
3255.59010170428	841.599975585938
3257.57352696026	842.640014648438
3259.55638820202	843.679992675781
3261.53868565064	844.159973144531
3263.52041952708	846.239990234375
3265.50159005221	845.039978027344
3267.48219744676	841.200012207031
3269.46224193136	838.840026855469
3271.44172372651	843.080017089844
3273.42064305262	843.440002441406
3275.39900012996	843.52001953125
3277.3767951787	839.280029296875
3279.35402841889	840.200012207031
3281.33070007047	842.159973144531
3283.30681035326	843.640014648438
3285.28235948698	841.239990234375
3287.25734769121	842.280029296875
3289.23177518544	847.239990234375
3291.20564218903	843.080017089844
3293.17894892124	843.400024414063
3295.1516956012	841.599975585938
3297.12388244795	840.719970703125
3299.09550968039	840.320007324219
3301.06657751732	842.080017089844
3303.03708617743	841.960021972656
3305.00703587929	846.880004882813
3306.97642684135	845.119995117188
3308.94525928196	839.640014648438
3310.91353341935	840.320007324219
3312.88124947164	842.880004882813
3314.84840765683	839.52001953125
3316.81500819282	839.320007324219
3318.78105129738	841.400024414063
3320.74653718818	840.960021972656
3322.71146608278	836.760009765625
3324.67583819861	842.080017089844
3326.639653753	842.359985351563
3328.60291296317	843.840026855469
3330.56561604621	843.320007324219
3332.52776321913	843.719970703125
3334.4893546988	841.960021972656
3336.45039070198	841.919982910156
3338.41087144533	839
3340.37079714539	839.400024414063
3342.33016801859	836.880004882813
3344.28898428124	838.080017089844
3346.24724614955	841.119995117188
3348.20495383962	839.679992675781
3350.16210756742	838.440002441406
3352.11870754883	840.200012207031
3354.07475399961	837.559997558594
3356.03024713539	836.640014648438
3357.98518717173	839.039978027344
3359.93957432403	841.359985351563
3361.89340880761	841.760009765625
3363.84669083768	840.880004882813
3365.79942062933	836.719970703125
3367.75159839753	839.760009765625
3369.70322435715	840.679992675781
3371.65429872295	841.47998046875
3373.60482170957	845.47998046875
3375.55479353155	846.47998046875
3377.50421440332	842.599975585938
3379.45308453918	842.47998046875
3381.40140415335	840
3383.34917345991	840.840026855469
3385.29639267284	839.47998046875
3387.24306200602	839.719970703125
3389.18918167321	841.159973144531
3391.13475188806	844.640014648438
3393.07977286411	844.760009765625
3395.02424481479	848.200012207031
3396.96816795342	847
3398.91154249322	844.960021972656
3400.85436864728	844.599975585938
3402.79664662859	843.159973144531
3404.73837665004	842.640014648438
3406.67955892439	840.760009765625
3408.62019366432	842.919982910156
3410.56028108236	842.960021972656
3412.49982139096	845.559997558594
3414.43881480247	846.440002441406
3416.37726152909	847.239990234375
3418.31516178295	844.119995117188
3420.25251577605	842.559997558594
3422.18932372029	843.599975585938
3424.12558582746	844.640014648438
3426.06130230922	845.840026855469
3427.99647337717	845.799987792969
3429.93109924274	842.200012207031
3431.8651801173	840.960021972656
3433.79871621209	840.200012207031
3435.73170773824	842.880004882813
3437.66415490678	845.559997558594
3439.59605792862	840.359985351563
3441.52741701458	839.599975585938
3443.45823237536	840.760009765625
3445.38850422154	839.080017089844
3447.31823276362	842
3449.24741821196	842.039978027344
3451.17606077684	841.320007324219
3453.10416066842	840.679992675781
3455.03171809674	841.119995117188
3456.95873327175	837.760009765625
3458.88520640329	836
3460.81113770109	837.119995117188
3462.73652737477	835.039978027344
3464.66137563383	835.280029296875
3466.58568268769	836.320007324219
3468.50944874565	834.239990234375
3470.43267401689	834.880004882813
3472.3553587105	833.719970703125
3474.27750303545	829.159973144531
3476.19910720062	830.239990234375
3478.12017141476	834.320007324219
3480.04069588654	835
3481.9606808245	836.080017089844
3483.88012643707	835.559997558594
3485.79903293259	831.52001953125
3487.7174005193	828.039978027344
3489.63522940532	829.039978027344
3491.55251979864	825.919982910156
3493.46927190719	826.039978027344
3495.38548593877	825.440002441406
3497.30116210107	824.960021972656
3499.21630060167	827.080017089844
3501.13090164807	824.719970703125
3503.04496544763	824.440002441406
3504.95849220763	825.119995117188
3506.87148213523	825.200012207031
3508.78393543748	823.719970703125
3510.69585232134	821.760009765625
3512.60723299365	823.280029296875
3514.51807766116	822.200012207031
3516.42838653049	822.919982910156
3518.33815980819	819.799987792969
3520.24739770066	818.280029296875
3522.15610041423	819.039978027344
3524.06426815511	817.719970703125
3525.9719011294	819.559997558594
3527.87899954311	820.880004882813
3529.78556360213	819.119995117188
3531.69159351225	818.919982910156
3533.59708947916	818.280029296875
3535.50205170844	817.919982910156
3537.40648040556	814.960021972656
3539.3103757759	814.919982910156
3541.21373802472	811.200012207031
3543.11656735717	810
3545.01886397833	810.719970703125
3546.92062809313	811.200012207031
3548.82185990643	814.119995117188
3550.72255962297	813.359985351563
3552.62272744738	810.799987792969
3554.5223635842	809.679992675781
3556.42146823786	809.640014648438
3558.32004161268	808.200012207031
3560.21808391289	807.719970703125
3562.11559534259	807.159973144531
3564.01257610581	806.799987792969
3565.90902640645	809.679992675781
3567.80494644831	808.679992675781
3569.7003364351	807.799987792969
3571.59519657042	807.159973144531
3573.48952705774	804.880004882813
3575.38332810048	805.320007324219
3577.27659990191	807.359985351563
3579.16934266521	805.840026855469
3581.06155659346	804.52001953125
3582.95324188965	805.760009765625
3584.84439875663	802.960021972656
3586.73502739718	802.080017089844
3588.62512801397	802.039978027344
3590.51470080955	803.280029296875
3592.40374598639	802.400024414063
3594.29226374685	803.440002441406
3596.18025429317	803.440002441406
3598.06771782751	800.760009765625
3599.95465455192	800.559997558594
3601.84106466834	801.280029296875
3603.72694837861	800.200012207031
3605.61230588447	800.880004882813
3607.49713738756	799.719970703125
3609.38144308942	800.159973144531
3611.26522319148	799.400024414063
3613.14847789506	798.119995117188
3615.0312074014	798.880004882813
3616.91341191162	797.280029296875
3618.79509162674	796.719970703125
3620.67624674769	796.960021972656
3622.55687747528	796.52001953125
3624.43698401024	796.960021972656
3626.31656655317	797
3628.1956253046	797.159973144531
3630.07416046492	795.599975585938
3631.95217223446	795.47998046875
3633.82966081342	793.640014648438
3635.70662640191	793.919982910156
3637.58306919993	794.799987792969
3639.45898940739	794.679992675781
3641.33438722409	794.119995117188
3643.20926284973	793.440002441406
3645.08361648392	792.559997558594
3646.95744832614	792.359985351563
3648.8307585758	792.559997558594
3650.7035474322	792.239990234375
3652.57581509452	791.840026855469
3654.44756176188	790.679992675781
3656.31878763324	790.719970703125
3658.18949290753	789.760009765625
3660.05967778352	789.559997558594
3661.9293424599	790
3663.79848713527	789.679992675781
3665.66711200812	789.320007324219
3667.53521727684	788.599975585938
3669.40280313972	788.47998046875
3671.26986979494	787.119995117188
3673.13641744059	787.52001953125
3675.00244627468	787.719970703125
