-140.373595351881	777.679992675781
-137.335129063906	778.080017089844
-134.297686810867	777.47998046875
-131.261268103955	777.559997558594
-128.225872454677	777.640014648438
-125.191499374839	777.52001953125
-122.158148376567	777.880004882813
-119.125818972292	777.840026855469
-116.094510674759	776.960021972656
-113.064222997021	777.679992675781
-110.034955452443	777.280029296875
-107.006707554687	777.679992675781
-103.979478817741	777.960021972656
-100.95326875589	777.719970703125
-97.928076883731	777.559997558594
-94.9039027161698	777.559997558594
-91.8807457684175	777.559997558594
-88.8586055560018	777.559997558594
-85.8374815947384	777.239990234375
-82.8173734007715	777.52001953125
-79.7982804905411	777.640014648438
-76.7802023807988	777.719970703125
-73.7631385885914	777.799987792969
-70.7470886312892	777.880004882813
-67.732052026553	777.760009765625
-64.7180282923587	777.559997558594
-61.7050169469884	777.679992675781
-58.6930175090183	778
-55.6820294973386	777.640014648438
-52.6720524311495	777.799987792969
-49.66308582994	777.559997558594
-46.6551292135171	777.840026855469
-43.6481821019882	777.760009765625
-40.6422440157577	777.559997558594
-37.6373144755424	778
-34.6333930023594	777.599975585938
-31.630479117526	778.080017089844
-28.6285723426709	777.880004882813
-25.6276721997107	777.719970703125
-22.6277782108771	777.919982910156
-19.628889898701	777.919982910156
-16.6310067860081	778.52001953125
-13.6341283959385	780.679992675781
-10.6382542519231	793.840026855469
-7.64338387769432	833.52001953125
-4.64951679729502	856.760009765625
-1.65665253506141	840.840026855469
1.33520938438089	797.760009765625
4.32606943608095	779.280029296875
7.315928094803	778.159973144531
10.3047858350146	777.159973144531
13.2926431308747	777.559997558594
16.2795004562541	777.880004882813
19.2653582847118	777.799987792969
22.2502170895187	777.320007324219
25.2340773436344	777.400024414063
28.216939519735	777.679992675781
31.1988040901939	777.280029296875
34.1796715270814	778
37.1595423021732	777.440002441406
40.1384168869468	777.280029296875
43.1162957525854	777.559997558594
46.0931793699786	777.840026855469
49.0690682097059	777.47998046875
52.0439627420619	777.47998046875
55.0178634370476	777.760009765625
57.9907707643592	777.919982910156
60.9626851933962	777.400024414063
63.9336071932735	777.119995117188
66.9035372328018	777.080017089844
69.8724757804959	777.840026855469
72.8404233045826	777.719970703125
75.8073802729932	777.919982910156
78.7733471533597	777.440002441406
81.738324413019	777.880004882813
84.702312519025	777.320007324219
87.665311938125	777.47998046875
90.6273231367761	777.719970703125
93.5883465811569	777.159973144531
96.5483827371242	777.840026855469
99.5074320702731	777.47998046875
102.465495045889	777.679992675781
105.422572128961	777.440002441406
108.378663784199	777.52001953125
111.333770476014	777.47998046875
114.287892668528	777.679992675781
117.24103082557	777.760009765625
120.193185410674	777.47998046875
123.144356887097	777.880004882813
126.094545717786	778.080017089844
129.043752365413	777.760009765625
131.991977292355	778.200012207031
134.939220960695	778.559997558594
137.885483832232	778.52001953125
140.83076636847	778.719970703125
143.775069030632	779.200012207031
146.718392279644	779.559997558594
149.660736576149	779.919982910156
152.602102380488	779.799987792969
155.54249015274	780.280029296875
158.481900352672	780.640014648438
161.420333439765	780.919982910156
164.357789873227	781.200012207031
167.294270111968	781.320007324219
170.229774614617	782.080017089844
173.164303839496	782.080017089844
176.097858244675	782.679992675781
179.030438287908	783.280029296875
181.962044426678	783.640014648438
184.89267711817	784.039978027344
187.822336819302	784.080017089844
190.751023986678	784.239990234375
193.678739076648	784.280029296875
196.605482545255	784.239990234375
199.531254848261	785.039978027344
202.456056441152	784.799987792969
205.379887779119	784.760009765625
208.30274931708	784.52001953125
211.224641509656	784.960021972656
214.145564811189	784.47998046875
217.06551967574	784
219.984506557089	784.719970703125
222.902525908723	784.559997558594
225.819578183856	783.719970703125
228.735663835415	784.640014648438
231.650783316047	784.320007324219
234.564937078107	784.080017089844
237.478125573679	783.919982910156
240.390349254566	784.320007324219
243.301608572278	784.719970703125
246.211903978051	784.679992675781
249.121235922839	785
252.029604857321	784.960021972656
254.93701123188	785.599975585938
257.843455496632	785.880004882813
260.748938101415	785.919982910156
263.653459495766	785.359985351563
266.557020128967	786.280029296875
269.459620450005	786.559997558594
272.361260907595	787.080017089844
275.261941950168	786.280029296875
278.161664025874	786.599975585938
281.060427582592	786.719970703125
283.958233067921	787.159973144531
286.855080929176	787.200012207031
289.750971613398	786.559997558594
292.645905567344	786.880004882813
295.539883237503	787.119995117188
298.432905070079	786.52001953125
301.324971511007	787.159973144531
304.216083005931	788.799987792969
307.10624000023	791.159973144531
309.995442939003	795.559997558594
312.883692267071	801.760009765625
315.770988428979	812.559997558594
318.657331869	819.880004882813
321.542723031127	819.080017089844
324.427162359076	809.599975585938
327.310650296293	799.200012207031
330.193187285945	794.039978027344
333.074773770929	790.760009765625
335.955410193855	788.960021972656
338.835096997075	786.919982910156
341.713834622655	786.840026855469
344.59162351239	786.640014648438
347.468464107802	785.719970703125
350.344356850137	785.559997558594
353.219302180373	785.159973144531
356.093300539208	785.440002441406
358.966352367073	785.599975585938
361.838458104123	784.840026855469
364.70961819024	785.880004882813
367.579833065031	784.320007324219
370.449103167837	785.320007324219
373.317428937727	785.280029296875
376.184810813496	784.679992675781
379.051249233659	784.599975585938
381.916744636474	784.840026855469
384.78129745992	784.599975585938
387.644908141706	785.119995117188
390.50757711927	784.719970703125
393.36930482978	785.119995117188
396.23009171014	785.039978027344
399.089938196969	784.320007324219
401.948844726631	784.320007324219
404.806811735214	785.280029296875
407.66383965853	784.200012207031
410.519928932138	784.640014648438
413.375079991314	784.559997558594
416.229293271071	783.960021972656
419.082569206155	784.840026855469
421.934908231031	783.719970703125
424.786310779917	784.359985351563
427.636777286748	784.599975585938
430.486308185189	785.119995117188
433.334903908649	783.919982910156
436.182564890262	784.440002441406
439.029291562898	784.400024414063
441.875084359157	785.039978027344
444.719943711374	784.039978027344
447.563870051618	783.960021972656
450.406863811695	784.400024414063
453.248925423132	784
456.090055317208	784.679992675781
458.93025392492	784.400024414063
461.76952167701	784.359985351563
464.60785900395	783.840026855469
467.44526633595	784.119995117188
470.281744102955	783.919982910156
473.117292734635	784.159973144531
475.951912660415	783.760009765625
478.785604309439	783.559997558594
481.618368110592	783.719970703125
484.450204492499	783.440002441406
487.281113883518	783.679992675781
490.111096711738	784.239990234375
492.940153404999	783.52001953125
495.768284390864	783.799987792969
498.595490096635	783.52001953125
501.421770949366	784.280029296875
504.247127375825	783.840026855469
507.071559802537	784.119995117188
509.89506865575	783.760009765625
512.717654361473	783.400024414063
515.539317345424	783.719970703125
518.360058033083	784.559997558594
521.179876849652	783.760009765625
523.998774220083	784.159973144531
526.816750569068	784.200012207031
529.633806321025	783.599975585938
532.44994190013	783.799987792969
535.265157730284	783.799987792969
538.079454235133	783.760009765625
540.892831838066	783.919982910156
543.705290962208	783.799987792969
546.516832030424	784.159973144531
549.32745546533	784.119995117188
552.137161689268	783.919982910156
554.945951124325	783.919982910156
557.753824192341	784
560.560781314883	783.960021972656
563.36682291327	784
566.171949408555	783.679992675781
568.976161221537	783.159973144531
571.779458772759	783.719970703125
574.5818424825	784.080017089844
577.383312770792	784.159973144531
580.183870057402	783.440002441406
582.983514761843	783.840026855469
585.782247303363	784.039978027344
588.580068100976	783.159973144531
591.376977573414	783.919982910156
594.172976139164	783.400024414063
596.968064216463	782.760009765625
599.762242223282	784
602.555510577335	783.559997558594
605.347869696099	784.080017089844
608.139319996771	782.880004882813
610.929861896313	783.52001953125
613.719495811421	783.400024414063
616.508222158541	783.159973144531
619.296041353863	783.840026855469
622.082953813324	783.119995117188
624.868959952607	782.799987792969
627.654060187137	783.359985351563
630.438254932094	783.080017089844
633.221544602397	783
636.003929612719	783.239990234375
638.785410377468	783.400024414063
641.565987310814	782.960021972656
644.345660826665	782.799987792969
647.124431338674	783.239990234375
649.902299260252	782.359985351563
652.679265004552	783.080017089844
655.455328984475	783.159973144531
658.230491612671	783.200012207031
661.004753301541	783.200012207031
663.778114463229	783.47998046875
666.550575509631	783.200012207031
669.322136852395	783.280029296875
672.092798902916	783.039978027344
674.862562072336	783.200012207031
677.631426771548	783
680.399393411204	783.840026855469
683.166462401689	783.200012207031
685.93263415315	782.440002441406
688.697909075486	783.400024414063
691.462287578337	782.52001953125
694.225770071098	782.919982910156
696.988356962926	782.880004882813
699.750048662705	783.400024414063
702.5108455791	782.679992675781
705.270748120503	782.640014648438
708.029756695068	783.400024414063
710.787871710705	783.400024414063
713.545093575065	783.719970703125
716.301422695566	783.719970703125
719.056859479364	784.080017089844
721.811404333376	783.799987792969
724.56505766427	782.919982910156
727.317819878473	783.080017089844
730.069691382148	783.760009765625
732.820672581226	783.719970703125
735.570763881396	783.559997558594
738.319965688092	784
741.068278406496	783.119995117188
743.815702441559	783.119995117188
746.562238197974	783.320007324219
749.307886080196	783.760009765625
752.052646492436	783.799987792969
754.796519838656	783.840026855469
757.539506522567	783.679992675781
760.28160694765	783.559997558594
763.022821517128	783.320007324219
765.76315063399	782.640014648438
768.502594700972	783.440002441406
771.241154120572	782.880004882813
773.978829295045	783.760009765625
776.715620626397	784.200012207031
779.451528516396	784.840026855469
782.186553366565	784.719970703125
784.920695578179	784.359985351563
787.653955552283	783.840026855469
790.386333689662	782.960021972656
793.117830390877	783.359985351563
795.848446056227	783.119995117188
798.578181085792	783.119995117188
801.307035879389	783.679992675781
804.035010836599	782.960021972656
806.762106356774	783.640014648438
809.488322839013	783.960021972656
812.213660682169	783.039978027344
814.938120284866	783.159973144531
817.661702045482	783.119995117188
820.384406362153	783.440002441406
823.10623363278	783.400024414063
825.827184255014	782.880004882813
828.547258626283	783.239990234375
831.266457143747	782.719970703125
833.984780204358	783.400024414063
836.702228204804	783.599975585938
839.418801541552	782.880004882813
842.134500610814	783.359985351563
844.849325808575	783.52001953125
847.563277530579	783.559997558594
850.276356172319	783.799987792969
852.988562129066	783.52001953125
855.69989579585	783.200012207031
858.410357567456	783.320007324219
861.119947838428	783.52001953125
863.828667003087	783.320007324219
866.536515455503	783.200012207031
869.243493589517	783.080017089844
871.949601798728	782.679992675781
874.654840476504	783.080017089844
877.359210015961	783
880.062710810003	782.919982910156
882.765343251273	782.280029296875
885.467107732191	783
888.168004644938	782.880004882813
890.868034381467	783.119995117188
893.567197333476	782.880004882813
896.265493892445	783.320007324219
898.962924449614	783.599975585938
901.659489395985	782.799987792969
904.355189122325	782.719970703125
907.050024019165	783.280029296875
909.743994476809	782.760009765625
912.437100885322	782.840026855469
915.129343634532	782.919982910156
917.820723114032	782.840026855469
920.511239713189	782.880004882813
923.200893821127	783.359985351563
925.889685826744	783.080017089844
928.577616118699	782.919982910156
931.264685085419	783
933.950893115098	783.52001953125
936.6362405957	783.880004882813
939.320727914956	783.400024414063
942.004355460359	783.52001953125
944.687123619173	782.719970703125
947.369032778431	783.840026855469
950.050083324934	782.919982910156
952.730275645247	782.760009765625
955.409610125711	782.760009765625
958.088087152423	783.159973144531
960.765707111263	783.880004882813
963.442470387871	783.359985351563
966.118377367657	782.880004882813
968.793428435798	782.919982910156
971.467623977254	783
974.140964376739	783.080017089844
976.813450018737	783.320007324219
979.485081287511	783.320007324219
982.155858567087	782.760009765625
984.825782241271	782.400024414063
987.494852693624	782.359985351563
990.163070307487	783.200012207031
992.830435465978	782.919982910156
995.496948551973	782.559997558594
998.162609948122	783.559997558594
1000.82742003685	784.599975585938
1003.49137920036	785.47998046875
1006.15448782061	784.320007324219
1008.81674627934	783.559997558594
1011.47815495806	783.080017089844
1014.13871423805	783
1016.79842450037	782.080017089844
1019.45728612586	783.159973144531
1022.11529949509	782.760009765625
1024.77246498846	782.440002441406
1027.4287829861	783.039978027344
1030.08425386792	783.080017089844
1032.73887801363	782.52001953125
1035.3926558027	783
1038.04558761435	782.47998046875
1040.69767382761	782.559997558594
1043.34891482125	783
1045.99931097384	783.039978027344
1048.64886266371	782.960021972656
1051.29757026898	782.679992675781
1053.94543416753	782.799987792969
1056.59245473701	782.52001953125
1059.23863235486	782.559997558594
1061.8839673983	783.080017089844
1064.5284602443	782.960021972656
1067.17211126962	783.400024414063
1069.8149208508	782.919982910156
1072.45688936415	783.760009765625
1075.09801718577	783.440002441406
1077.7383046915	783.52001953125
1080.377752257	783.039978027344
1083.01636025767	783.679992675781
1085.65412906872	782.52001953125
1088.2910590651	783.359985351563
1090.92715062157	783.119995117188
1093.56240411266	783.440002441406
1096.19681991265	783.640014648438
1098.83039839564	783.080017089844
1101.46313993547	783.559997558594
1104.09504490579	783.559997558594
1106.72611368	783.239990234375
1109.35634663129	782.919982910156
1111.98574413263	782.280029296875
1114.61430655677	782.640014648438
1117.24203427624	782.200012207031
1119.86892766333	783.039978027344
1122.49498709014	782.640014648438
1125.12021292851	782.880004882813
1127.74460555011	782.559997558594
1130.36816532634	782.280029296875
1132.99089262841	781.679992675781
1135.6127878273	781.919982910156
1138.23385129376	780.880004882813
1140.85408339834	781.599975585938
1143.47348451137	781.559997558594
1146.09205500294	781.679992675781
1148.70979524293	780.760009765625
1151.326705601	781.919982910156
1153.9427864466	781.799987792969
1156.55803814896	782.080017089844
1159.17246107707	781.880004882813
1161.78605559974	781.799987792969
1164.39882208551	782.599975585938
1167.01076090276	781.919982910156
1169.6218724196	782.440002441406
1172.23215700396	782.559997558594
1174.84161502352	782.47998046875
1177.45024684578	781.52001953125
1180.05805283799	782.280029296875
1182.66503336719	782.440002441406
1185.27118880021	781.919982910156
1187.87651950367	782.280029296875
1190.48102584395	782.080017089844
1193.08470818723	782.039978027344
1195.68756689948	781.880004882813
1198.28960234643	782.280029296875
1200.89081489363	782.119995117188
1203.49120490636	783.119995117188
1206.09077274974	783
1208.68951878864	782.880004882813
1211.28744338773	782.799987792969
1213.88454691145	782.719970703125
1216.48082972404	782.200012207031
1219.07629218953	782.200012207031
1221.6709346717	783.239990234375
1224.26475753416	782.880004882813
1226.85776114028	783.599975585938
1229.44994585322	783.599975585938
1232.04131203592	783.640014648438
1234.63186005112	784.080017089844
1237.22159026133	784.239990234375
1239.81050302886	784.880004882813
1242.3985987158	784.280029296875
1244.98587768402	784.200012207031
1247.5723402952	783.919982910156
1250.15798691078	784.440002441406
1252.74281789199	784.47998046875
1255.32683359987	784.080017089844
1257.91003439523	784.679992675781
1260.49242063865	784.47998046875
1263.07399269055	784.719970703125
1265.65475091108	784.559997558594
1268.23469566021	783.599975585938
1270.81382729769	784.080017089844
1273.39214618306	782.919982910156
1275.96965267566	783.359985351563
1278.54634713458	784.320007324219
1281.12222991875	783.47998046875
1283.69730138685	783.799987792969
1286.27156189737	783.440002441406
1288.84501180858	783.760009765625
1291.41765147853	783.760009765625
1293.98948126509	784.239990234375
1296.56050152589	784.119995117188
1299.13071261837	784.239990234375
1301.70011489973	783.960021972656
1304.268708727	783.840026855469
1306.83649445698	784.320007324219
1309.40347244625	784.52001953125
1311.96964305119	784.719970703125
1314.53500662799	785
1317.0995635326	784.960021972656
1319.66331412077	784.52001953125
1322.22625874806	784.200012207031
1324.7883977698	784.52001953125
1327.34973154112	784.679992675781
1329.91026041694	784
1332.46998475197	783.719970703125
1335.0289049007	784.280029296875
1337.58702121746	784.159973144531
1340.14433405631	784.440002441406
1342.70084377115	785.039978027344
1345.25655071563	784.280029296875
1347.81145524323	783.320007324219
1350.36555770721	783.359985351563
1352.91885846062	782.840026855469
1355.47135785631	782.640014648438
1358.02305624691	782.559997558594
1360.57395398486	783.080017089844
1363.12405142237	782.760009765625
1365.67334891148	782.599975585938
1368.22184680399	782.52001953125
1370.76954545151	782.559997558594
1373.31644520545	781.880004882813
1375.86254641699	782.280029296875
1378.40784943713	782.239990234375
1380.95235461666	782.080017089844
1383.49606230615	782.440002441406
1386.03897285598	783.039978027344
1388.58108661632	782.559997558594
1391.12240393713	782.559997558594
1393.66292516818	782.320007324219
1396.20265065903	781.960021972656
1398.74158075901	782.359985351563
1401.2797158173	782.640014648438
1403.81705618282	782.719970703125
1406.35360220431	782.400024414063
1408.88935423032	781.919982910156
1411.42431260919	782.159973144531
1413.95847768903	782.200012207031
1416.49184981777	782.239990234375
1419.02442934314	782.440002441406
1421.55621661266	782.559997558594
1424.08721197364	782.400024414063
1426.61741577321	783.119995117188
1429.14682835828	782.599975585938
1431.67545007555	782.880004882813
1434.20328127153	783.52001953125
1436.73032229253	783.119995117188
1439.25657348466	784.359985351563
1441.78203519381	784.440002441406
1444.3067077657	784.880004882813
1446.83059154581	785.119995117188
1449.35368687944	785
1451.8759941117	784.440002441406
1454.39751358748	784.359985351563
1456.91824565148	784.960021972656
1459.43819064818	784.200012207031
1461.95734892189	783.840026855469
1464.4757208167	783.47998046875
1466.99330667649	783.679992675781
1469.51010684497	782.880004882813
1472.02612166564	782.760009765625
1474.54135148177	782.719970703125
1477.05579663646	783.359985351563
1479.56945747262	782.400024414063
1482.08233433293	782.080017089844
1484.59442755989	781.960021972656
1487.10573749579	781.679992675781
1489.61626448275	781.919982910156
1492.12600886264	781.440002441406
1494.63497097718	781.47998046875
1497.14315116786	780.960021972656
1499.65054977599	780.640014648438
1502.15716714267	781.200012207031
1504.66300360881	779.960021972656
1507.16805951512	780.599975585938
1509.67233520211	780.640014648438
1512.1758310101	780.679992675781
1514.67854727919	780.960021972656
1517.18048434931	780.559997558594
1519.68164256018	780.239990234375
1522.18202225132	780.679992675781
1524.68162376207	780.640014648438
1527.18044743155	780.760009765625
1529.67849359869	780.320007324219
1532.17576260224	780.359985351563
1534.67225478072	780.880004882813
1537.1679704725	780
1539.66291001572	780.52001953125
1542.15707374832	780.840026855469
1544.65046200807	781.159973144531
1547.14307513254	781.119995117188
1549.63491345907	780.960021972656
1552.12597732485	781.320007324219
1554.61626706685	780.799987792969
1557.10578302185	781.119995117188
1559.59452552644	781.440002441406
1562.082494917	781.880004882813
1564.56969152973	781.719970703125
1567.05611570064	782.039978027344
1569.54176776552	782.320007324219
1572.02664806	782.640014648438
1574.51075691949	782.320007324219
1576.99409467921	782.080017089844
1579.4766616742	782.52001953125
1581.95845823929	781.960021972656
1584.43948470912	781.960021972656
1586.91974141815	782.200012207031
1589.39922870064	782.039978027344
1591.87794689064	782.320007324219
1594.35589632202	781.960021972656
1596.83307732848	781.799987792969
1599.30949024348	782.320007324219
1601.78513540033	782.52001953125
1604.26001313211	782.280029296875
1606.73412377175	782.280029296875
1609.20746765196	783.159973144531
1611.68004510526	783.440002441406
1614.15185646398	783.359985351563
1616.62290206026	783.239990234375
1619.09318222605	783.47998046875
1621.56269729311	782.47998046875
1624.031447593	783.080017089844
1626.4994334571	782.440002441406
1628.9666552166	783.239990234375
1631.43311320248	782.880004882813
1633.89880774554	783.559997558594
1636.3637391764	783.280029296875
1638.82790782548	783.239990234375
1641.29131402301	783.760009765625
1643.75395809903	784
1646.21584038339	784.52001953125
1648.67696120575	784.47998046875
1651.13732089558	784.52001953125
1653.59691978216	784.719970703125
1656.05575819459	784.640014648438
1658.51383646175	785.200012207031
1660.97115491238	785.080017089844
1663.42771387498	784.400024414063
1665.8835136779	784.080017089844
1668.33855464928	784.400024414063
1670.79283711708	784.039978027344
1673.24636140907	784.119995117188
1675.69912785282	783.280029296875
1678.15113677572	783.200012207031
1680.602388505	782.919982910156
1683.05288336764	782.760009765625
1685.50262169049	782.239990234375
1687.95160380019	782.039978027344
1690.39983002318	782
1692.84730068573	781.679992675781
1695.29401611392	781.47998046875
1697.73997663364	781.039978027344
1700.18518257059	781.320007324219
1702.6296342503	781.119995117188
1705.07333199807	780.799987792969
1707.51627613907	780.159973144531
1709.95846699824	780.159973144531
1712.39990490036	780.080017089844
1714.84059017001	779.880004882813
1717.28052313159	779.880004882813
1719.7197041093	779.799987792969
1722.15813342718	779.919982910156
1724.59581140906	780.080017089844
1727.03273837859	779.599975585938
1729.46891465926	779.760009765625
1731.90434057432	779.880004882813
1734.3390164469	779.679992675781
1736.7729425999	779.200012207031
1739.20611935604	779.119995117188
1741.63854703787	779.280029296875
1744.07022596776	779.039978027344
1746.50115646787	779.080017089844
1748.93133886019	778.799987792969
1751.36077346652	779.080017089844
1753.7894606085	778.919982910156
1756.21740060755	778.840026855469
1758.64459378494	779.119995117188
1761.07104046172	779.159973144531
1763.49674095879	779.200012207031
1765.92169559684	779.239990234375
1768.3459046964	779.039978027344
1770.7693685778	779.400024414063
1773.1920875612	779.320007324219
1775.61406196656	778.880004882813
1778.03529211367	779.080017089844
1780.45577832214	778.719970703125
1782.87552091138	778.960021972656
1785.29452020064	779.039978027344
1787.71277650897	779.239990234375
1790.13029015525	779.159973144531
1792.54706145817	778.799987792969
1794.96309073625	778.52001953125
1797.3783783078	779.039978027344
1799.79292449097	778.760009765625
1802.20672960375	779.159973144531
1804.61979396389	779.359985351563
1807.03211788902	779
1809.44370169655	779
1811.85454570373	778.799987792969
1814.2646502276	779
1816.67401558506	779.119995117188
1819.0826420928	778.919982910156
1821.49053006734	778.840026855469
1823.89767982501	778.840026855469
1826.30409168198	779.080017089844
1828.70976595422	778.919982910156
1831.11470295753	778.679992675781
1833.51890300752	778.599975585938
1835.92236641964	778.599975585938
1838.32509350914	778.840026855469
1840.72708459111	779.400024414063
1843.12833998044	779.200012207031
1845.52885999184	779.159973144531
1847.92864493987	778.640014648438
1850.32769513889	778.760009765625
1852.72601090307	778.719970703125
1855.12359254642	778.440002441406
1857.52044038278	778.840026855469
1859.91655472578	779.119995117188
1862.31193588889	778.679992675781
1864.70658418542	778.679992675781
1867.10049992847	778.880004882813
1869.49368343096	778.719970703125
1871.88613500568	778.840026855469
1874.27785496518	779.119995117188
1876.66884362188	778.799987792969
1879.059101288	778.719970703125
1881.44862827559	778.799987792969
1883.8374248965	778.760009765625
1886.22549146246	778.320007324219
1888.61282828495	778.599975585938
1890.99943567534	778.679992675781
1893.38531394477	778.760009765625
1895.77046340424	778.47998046875
1898.15488436455	778.880004882813
1900.53857713634	778.679992675781
1902.92154203006	778.559997558594
1905.303779356	779
1907.68528942426	778.52001953125
1910.06607254477	778.919982910156
1912.44612902729	778.559997558594
1914.82545918139	779.080017089844
1917.20406331648	778.400024414063
1919.58194174178	778.919982910156
1921.95909476634	778.840026855469
1924.33552269905	778.799987792969
1926.71122584861	779.159973144531
1929.08620452353	778.919982910156
1931.46045903219	778.52001953125
1933.83398968275	778.840026855469
1936.20679678322	778.599975585938
1938.57888064142	779.119995117188
1940.95024156502	778.880004882813
1943.3208798615	779
1945.69079583816	779.400024414063
1948.05998980213	778.840026855469
1950.42846206038	779.119995117188
1952.79621291969	778.280029296875
1955.16324268668	779.039978027344
1957.52955166778	779.080017089844
1959.89514016927	778.880004882813
1962.26000849723	779.239990234375
1964.62415695759	778.47998046875
1966.98758585609	779.280029296875
1969.3502954983	779.159973144531
1971.71228618964	778.960021972656
1974.07355823532	778.719970703125
1976.43411194042	778.880004882813
1978.79394760981	778.640014648438
1981.1530655482	778.840026855469
1983.51146606014	778.640014648438
1985.86914944999	778.960021972656
1988.22611602196	779.039978027344
1990.58236608007	779.239990234375
1992.93789992817	778.640014648438
1995.29271786995	778.880004882813
1997.64682020892	779
2000.00020724843	778.679992675781
2002.35287929162	778.799987792969
2004.70483664152	779.719970703125
2007.05607960095	778.559997558594
2009.40660847256	779.080017089844
2011.75642355884	778.760009765625
2014.1055251621	779
2016.4539135845	779.47998046875
2018.80158912802	779.200012207031
2021.14855209444	779.119995117188
2023.49480278542	779.159973144531
2025.84034150242	778.799987792969
2028.18516854673	779.080017089844
2030.52928421948	778.840026855469
2032.87268882163	779.039978027344
2035.21538265398	779.039978027344
2037.55736601713	778.960021972656
2039.89863921153	778.880004882813
2042.23920253747	779.159973144531
2044.57905629506	779.359985351563
2046.91820078425	779.239990234375
2049.2566363048	779.280029296875
2051.59436315633	778.880004882813
2053.93138163827	778.47998046875
2056.2676920499	779.200012207031
2058.6032946903	779.119995117188
2060.93818985843	778.719970703125
2063.27237785303	779
2065.60585897272	779.280029296875
2067.93863351592	779.47998046875
2070.27070178089	778.760009765625
2072.60206406574	778.880004882813
2074.93272066838	778.840026855469
2077.26267188658	779.119995117188
2079.59191801793	778.919982910156
2081.92045935985	778.679992675781
2084.24829620962	779.320007324219
2086.57542886431	779.080017089844
2088.90185762087	779.080017089844
2091.22758277604	779.47998046875
2093.55260462643	779.200012207031
2095.87692346845	779.440002441406
2098.20053959837	779.760009765625
2100.52345331229	778.599975585938
2102.84566490614	779.200012207031
2105.16717467567	779.080017089844
2107.48798291649	779.039978027344
2109.80808992403	779.159973144531
2112.12749599355	779.280029296875
2114.44620142016	779.359985351563
2116.7642064988	779.239990234375
2119.08151152423	779.039978027344
2121.39811679106	778.960021972656
2123.71402259374	779.119995117188
2126.02922922653	779.239990234375
2128.34373698356	779.039978027344
2130.65754615876	779.440002441406
2132.97065704594	778.919982910156
2135.28306993869	778.880004882813
2137.59478513047	779.47998046875
2139.90580291459	779.159973144531
2142.21612358416	779.440002441406
2144.52574743214	779.239990234375
2146.83467475134	779.080017089844
2149.1429058344	779.440002441406
2151.45044097377	779.52001953125
2153.75728046178	778.840026855469
2156.06342459057	779.159973144531
2158.36887365212	778.640014648438
2160.67362793825	779
2162.97768774061	778.880004882813
2165.28105335071	779
2167.58372505987	779.440002441406
2169.88570315926	778.919982910156
2172.18698793988	778.919982910156
2174.48757969258	778.880004882813
2176.78747870805	779.200012207031
2179.08668527679	778.880004882813
2181.38519968917	779.119995117188
2183.68302223538	779.080017089844
2185.98015320547	779.400024414063
2188.27659288929	779.200012207031
2190.57234157656	779.359985351563
2192.86739955682	779.400024414063
2195.16176711948	778.919982910156
2197.45544455375	779.119995117188
2199.74843214869	779.080017089844
2202.04073019322	778.799987792969
2204.33233897607	779.119995117188
2206.62325878583	779.559997558594
2208.91348991093	779.080017089844
2211.20303263961	779.159973144531
2213.49188726	779.119995117188
2215.78005406001	779.039978027344
2218.06753332744	779
2220.35432534991	779.080017089844
2222.64043041487	779.200012207031
2224.92584880964	778.919982910156
2227.21058082134	779
2229.49462673696	778.679992675781
2231.77798684332	779.039978027344
2234.06066142709	778.799987792969
2236.34265077477	778.919982910156
2238.62395517269	778.840026855469
2240.90457490706	778.719970703125
2243.18451026388	778.880004882813
2245.46376152904	779.280029296875
2247.74232898823	779.080017089844
2250.02021292701	778.880004882813
2252.29741363077	778.960021972656
2254.57393138475	779.039978027344
2256.849766474	778.919982910156
2259.12491918346	779.239990234375
2261.39938979788	778.799987792969
2263.67317860185	778.919982910156
2265.94628587983	778.919982910156
2268.2187119161	778.640014648438
2270.49045699478	779.119995117188
2272.76152139985	779.039978027344
2275.03190541511	778.840026855469
2277.30160932421	778.47998046875
2279.57063341067	778.719970703125
2281.83897795781	778.320007324219
2284.10664324882	779.039978027344
2286.37362956672	778.400024414063
2288.63993719439	778.960021972656
2290.90556641454	778.719970703125
2293.17051750973	779
2295.43479076235	778.880004882813
2297.69838645465	778.919982910156
2299.96130486871	778.840026855469
2302.22354628647	779.359985351563
2304.48511098971	778.599975585938
2306.74599926003	778.799987792969
2309.00621137891	778.960021972656
2311.26574762765	778.880004882813
2313.52460828741	779
2315.78279363917	778.679992675781
2318.04030396379	778.640014648438
2320.29713954195	778.52001953125
2322.55330065418	778.640014648438
2324.80878758085	778.719970703125
2327.06360060219	778.280029296875
2329.31773999826	778.440002441406
2331.57120604897	778.840026855469
2333.82399903409	778.799987792969
2336.0761192332	778.559997558594
2338.32756692577	778.840026855469
2340.57834239108	778.599975585938
2342.82844590827	778.840026855469
2345.07787775633	778.640014648438
2347.32663821409	778.880004882813
2349.57472756023	779.039978027344
2351.82214607327	778.599975585938
2354.06889403158	779.119995117188
2356.31497171337	778.52001953125
2358.56037939672	778.320007324219
2360.80511735953	778.320007324219
2363.04918587955	778.599975585938
2365.29258523439	779.159973144531
2367.5353157015	778.52001953125
2369.77737755817	778.440002441406
2372.01877108156	778.760009765625
2374.25949654865	778.799987792969
2376.49955423629	779
2378.73894442115	778.919982910156
2380.97766737977	778.47998046875
2383.21572338855	778.840026855469
2385.45311272369	778.640014648438
2387.68983566129	778.919982910156
2389.92589247727	778.679992675781
2392.1612834474	778.440002441406
2394.39600884731	778.840026855469
2396.63006895246	778.440002441406
2398.86346403818	778.52001953125
2401.09619437962	778.719970703125
2403.32826025182	778.599975585938
2405.55966192963	778.640014648438
2407.79039968777	778.719970703125
2410.0204738008	778.52001953125
2412.24988454313	778.640014648438
2414.47863218902	778.440002441406
2416.70671701258	778.880004882813
2418.93413928778	778.719970703125
2421.16089928842	778.719970703125
2423.38699728817	778.799987792969
2425.61243356052	779.239990234375
2427.83720837884	778.559997558594
2430.06132201633	778.440002441406
2432.28477474606	778.679992675781
2434.50756684093	778.880004882813
2436.72969857371	778.47998046875
2438.95117021699	778.840026855469
2441.17198204325	778.960021972656
2443.39213432478	778.239990234375
2445.61162733376	778.52001953125
2447.83046134218	778.960021972656
2450.04863662192	778.799987792969
2452.26615344468	778.47998046875
2454.48301208203	778.47998046875
2456.69921280539	778.640014648438
2458.91475588602	778.119995117188
2461.12964159504	778.52001953125
2463.34387020342	778.880004882813
2465.55744198198	778.52001953125
2467.77035720139	778.559997558594
2469.98261613217	778.52001953125
2472.1942190447	778.320007324219
2474.40516620922	779.080017089844
2476.6154578958	778.080017089844
2478.82509437436	778.119995117188
2481.03407591471	778.719970703125
2483.24240278646	778.640014648438
2485.45007525911	778.359985351563
2487.65709360202	778.719970703125
2489.86345808435	778.719970703125
2492.06916897518	778.719970703125
2494.27422654339	778.960021972656
2496.47863105774	778.719970703125
2498.68238278683	778.719970703125
2500.88548199912	778.440002441406
2503.08792896294	778.599975585938
2505.28972394643	778.799987792969
2507.49086721763	778.359985351563
2509.6913590444	778.719970703125
2511.89119969447	778.559997558594
2514.09038943543	778.400024414063
2516.2889285347	779
2518.48681725957	778.599975585938
2520.6840558772	779.200012207031
2522.88064465456	778.880004882813
2525.07658385852	778.400024414063
2527.27187375578	778.559997558594
2529.4665146129	778.919982910156
2531.66050669629	778.760009765625
2533.85385027222	779.039978027344
2536.04654560681	778.080017089844
2538.23859296605	778.840026855469
2540.42999261577	778.799987792969
2542.62074482166	778.719970703125
2544.81084984925	778.679992675781
2547.00030796395	778.840026855469
2549.18911943101	778.52001953125
2551.37728451555	778.400024414063
2553.56480348252	778.840026855469
2555.75167659675	778.919982910156
2557.93790412292	778.280029296875
2560.12348632556	779.039978027344
2562.30842346905	778.280029296875
2564.49271581764	778.960021972656
2566.67636363544	778.52001953125
2568.85936718639	778.280029296875
2571.04172673431	778.52001953125
2573.22344254288	779
2575.40451487562	779.359985351563
2577.58494399591	778.679992675781
2579.76473016699	778.239990234375
2581.94387365196	778.200012207031
2584.12237471377	779.080017089844
2586.30023361523	778.719970703125
2588.47745061901	778.559997558594
2590.65402598763	778.52001953125
2592.82995998348	778.320007324219
2595.0052528688	778.679992675781
2597.17990490568	779.280029296875
2599.35391635608	778.559997558594
2601.52728748181	778.280029296875
2603.70001854454	778.880004882813
2605.8721098058	778.799987792969
2608.04356152698	778.760009765625
2610.21437396931	778.559997558594
2612.3845473939	778.799987792969
2614.55408206173	778.919982910156
2616.72297823359	778.559997558594
2618.89123617017	779.239990234375
2621.058856132	778.640014648438
2623.22583837949	778.320007324219
2625.39218317288	778.400024414063
2627.55789077229	778.919982910156
2629.72296143769	778.840026855469
2631.88739542891	778.799987792969
2634.05119300563	779.52001953125
2636.21435442742	778.52001953125
2638.37687995367	778.640014648438
2640.53876984365	778.799987792969
2642.70002435649	778.880004882813
2644.86064375119	778.760009765625
2647.02062828658	778.400024414063
2649.17997822137	778.919982910156
2651.33869381413	778.200012207031
2653.49677532328	778.919982910156
2655.65422300711	778.960021972656
2657.81103712378	778.840026855469
2659.96721793127	778.880004882813
2662.12276568747	779.039978027344
2664.2776806501	778.719970703125
2666.43196307675	778.960021972656
2668.58561322486	778.679992675781
2670.73863135176	778.880004882813
2672.8910177146	779
2675.04277257043	778.799987792969
2677.19389617612	779.119995117188
2679.34438878845	779.280029296875
2681.49425066402	778.599975585938
2683.64348205931	778.599975585938
2685.79208323065	778.640014648438
2687.94005443425	778.840026855469
2690.08739592617	778.679992675781
2692.23410796233	778.52001953125
2694.38019079852	778.880004882813
2696.52564469038	779.440002441406
2698.67046989342	779.400024414063
2700.81466666302	779.280029296875
2702.9582352544	779.359985351563
2705.10117592265	778.960021972656
2707.24348892275	778.880004882813
2709.3851745095	779.239990234375
2711.5262329376	779.320007324219
2713.66666446158	778.960021972656
2715.80646933585	779.080017089844
2717.94564781468	779.200012207031
2720.08420015222	779
2722.22212660245	779.119995117188
2724.35942741923	779.119995117188
2726.49610285628	779.280029296875
2728.63215316721	779.039978027344
2730.76757860544	779.47998046875
2732.9023794243	779.159973144531
2735.03655587697	779.960021972656
2737.17010821648	779.559997558594
2739.30303669573	779.440002441406
2741.4353415675	779.440002441406
2743.56702308442	778.799987792969
2745.69808149898	779.400024414063
2747.82851706355	779.52001953125
2749.95833003034	779.599975585938
2752.08752065145	779.039978027344
2754.21608917883	779.119995117188
2756.3440358643	779.47998046875
2758.47136095954	779.47998046875
2760.59806471609	779.280029296875
2762.72414738537	779.320007324219
2764.84960921865	779
2766.97445046708	779.52001953125
2769.09867138166	779.320007324219
2771.22227221326	779.47998046875
2773.34525321263	779.239990234375
2775.46761463035	778.960021972656
2777.58935671691	779.359985351563
2779.71047972262	778.880004882813
2781.83098389771	779.359985351563
2783.95086949221	779
2786.07013675607	779.760009765625
2788.18878593908	779.400024414063
2790.3068172909	779.400024414063
2792.42423106106	779.440002441406
2794.54102749895	779.400024414063
2796.65720685384	779.159973144531
2798.77276937486	779.359985351563
2800.88771531098	779.719970703125
2803.00204491107	778.880004882813
2805.11575842387	779.400024414063
2807.22885609796	779.400024414063
2809.34133818179	779.679992675781
2811.4532049237	779.760009765625
2813.56445657189	779.400024414063
2815.6750933744	779.719970703125
2817.78511557916	780.52001953125
2819.89452343398	780.159973144531
2822.00331718652	779.440002441406
2824.11149708429	780.159973144531
2826.2190633747	779.719970703125
2828.32601630502	779.640014648438
2830.43235612237	780.400024414063
2832.53808307375	780.280029296875
2834.64319740603	780.760009765625
2836.74769936595	781.200012207031
2838.85158920011	781.119995117188
2840.95486715497	781.919982910156
2843.05753347689	781.719970703125
2845.15958841206	782.440002441406
2847.26103220657	782.840026855469
2849.36186510636	783.599975585938
2851.46208735724	783.400024414063
2853.56169920488	783.359985351563
2855.66070089485	783.599975585938
2857.75909267257	783.760009765625
2859.85687478332	784.280029296875
2861.95404747225	784.960021972656
2864.05061098439	784.840026855469
2866.14656556464	786
2868.24191145777	786.080017089844
2870.3366489084	785.719970703125
2872.43077816104	786.200012207031
2874.52429946006	786.47998046875
2876.61721304971	786.599975585938
2878.70951917409	787.280029296875
2880.8012180772	787.320007324219
2882.89231000287	786.640014648438
2884.98279519483	787.679992675781
2887.07267389667	788.559997558594
2889.16194635186	787.239990234375
2891.25061280373	787.559997558594
2893.33867349546	787.280029296875
2895.42612867015	788.080017089844
2897.51297857074	788.799987792969
2899.59922344003	788.119995117188
2901.68486352071	787.880004882813
2903.76989905533	789.200012207031
2905.85433028632	789.080017089844
2907.93815745598	789.200012207031
2910.02138080648	789.679992675781
2912.10400057985	789.320007324219
2914.186017018	790.080017089844
2916.26743036271	790.760009765625
2918.34824085563	790.760009765625
2920.4284487383	791.599975585938
2922.5080542521	791.359985351563
2924.58705763829	792.159973144531
2926.66545913802	793.239990234375
2928.74325899231	792.080017089844
2930.82045744202	793.359985351563
2932.89705472792	793.320007324219
2934.97305109062	793.239990234375
2937.04844677063	794.159973144531
2939.12324200832	792.679992675781
2941.19743704393	792.799987792969
2943.27103211757	792.599975585938
2945.34402746923	791.400024414063
2947.41642333876	790.039978027344
2949.48821996592	790.760009765625
2951.55941759028	789.440002441406
2953.63001645135	789.47998046875
2955.70001678845	789.640014648438
2957.76941884083	789.200012207031
2959.83822284757	788.799987792969
2961.90642904764	789.840026855469
2963.97403767988	789.200012207031
2966.04104898302	788.080017089844
2968.10746319565	788.159973144531
2970.17328055621	788.679992675781
2972.23850130305	788.719970703125
2974.30312567438	787.039978027344
2976.36715390829	787.840026855469
2978.43058624273	788.239990234375
2980.49342291553	787.719970703125
2982.55566416439	787.47998046875
2984.61731022691	787.599975585938
2986.67836134051	787.679992675781
2988.73881774255	786.799987792969
2990.79867967021	786.440002441406
2992.85794736058	786.320007324219
2994.9166210506	785.799987792969
2996.97470097711	785.559997558594
2999.03218737679	785.559997558594
3001.08908048622	785.52001953125
3003.14538054186	786.080017089844
3005.20108778002	784.919982910156
3007.25620243691	785.280029296875
3009.3107247486	784.760009765625
3011.36465495104	784.679992675781
3013.41799328004	784.719970703125
3015.47073997133	784.880004882813
3017.52289526045	785.039978027344
3019.57445938288	785.239990234375
3021.62543257393	785.880004882813
3023.6758150688	785.320007324219
3025.72560710258	784.719970703125
3027.77480891021	784.880004882813
3029.82342072652	785.280029296875
3031.87144278622	785.080017089844
3033.91887532389	786.280029296875
3035.96571857399	785.840026855469
3038.01197277084	786.52001953125
3040.05763814867	785.760009765625
3042.10271494154	786.080017089844
3044.14720338344	786.799987792969
3046.19110370818	786.880004882813
3048.2344161495	787.159973144531
3050.27714094097	787.200012207031
3052.31927831608	787.320007324219
3054.36082850816	787.840026855469
3056.40179175044	787.239990234375
3058.44216827602	788.039978027344
3060.48195831786	788.599975585938
3062.52116210884	787.880004882813
3064.55977988167	787.919982910156
3066.59781186897	788.119995117188
3068.63525830322	788.440002441406
3070.67211941678	789.080017089844
3072.7083954419	788.239990234375
3074.7440866107	788.760009765625
3076.77919315516	789.200012207031
3078.81371530716	789.679992675781
3080.84765329846	789.320007324219
3082.88100736068	789.239990234375
3084.91377772534	790.159973144531
3086.94596462381	790.280029296875
3088.97756828737	789.47998046875
3091.00858894714	790.47998046875
3093.03902683417	790.359985351563
3095.06888217933	790.400024414063
3097.09815521342	790.400024414063
3099.12684616709	791.559997558594
3101.15495527087	791.400024414063
3103.18248275518	791.200012207031
3105.20942885031	791.719970703125
3107.23579378642	792.47998046875
3109.26157779358	792.400024414063
3111.28678110171	793.359985351563
3113.31140394062	792.119995117188
3115.33544654	792.679992675781
3117.35890912942	793.400024414063
3119.38179193832	793.359985351563
3121.40409519602	794.760009765625
3123.42581913174	795.119995117188
3125.44696397457	794.559997558594
3127.46752995345	795.440002441406
3129.48751729725	795.880004882813
3131.50692623469	795.200012207031
3133.52575699436	795.320007324219
3135.54400980476	795.840026855469
3137.56168489425	796.599975585938
3139.57878249108	797.919982910156
3141.59530282337	796.960021972656
3143.61124611913	798.039978027344
3145.62661260624	797.47998046875
3147.64140251247	797.440002441406
3149.65561606547	796.440002441406
3151.66925349277	799.400024414063
3153.68231502177	798.559997558594
3155.69480087977	798.919982910156
3157.70671129394	799.599975585938
3159.71804649132	800.919982910156
3161.72880669886	800.159973144531
3163.73899214336	801.280029296875
3165.74860305152	801.239990234375
3167.75763964991	800.52001953125
3169.766102165	801.799987792969
3171.77399082313	802
3173.7813058505	800.52001953125
3175.78804747323	801.840026855469
3177.79421591731	801.52001953125
3179.79981140859	801.840026855469
3181.80483417282	802.880004882813
3183.80928443564	803.679992675781
3185.81316242255	804.599975585938
3187.81646835896	802.47998046875
3189.81920247013	804.359985351563
3191.82136498122	807.359985351563
3193.82295611727	805.159973144531
3195.82397610321	805.159973144531
3197.82442516385	805.119995117188
3199.82430352386	804.880004882813
3201.82361140782	807.719970703125
3203.82234904018	807.280029296875
3205.82051664529	806.320007324219
3207.81811444735	805.799987792969
3209.81514267047	808.159973144531
3211.81160153863	806.359985351563
3213.80749127571	806.640014648438
3215.80281210545	807.440002441406
3217.79756425148	807.960021972656
3219.79174793733	807.200012207031
3221.7853633864	806.719970703125
3223.77841082196	808.080017089844
3225.77089046719	808.200012207031
3227.76280254513	807.960021972656
3229.75414727873	809
3231.74492489081	808.080017089844
3233.73513560406	807.039978027344
3235.72477964107	808.52001953125
3237.71385722431	809.119995117188
3239.70236857614	809.239990234375
3241.6903139188	808.200012207031
3243.6776934744	808.400024414063
3245.66450746496	807.559997558594
3247.65075611237	808
3249.63643963841	806.400024414063
3251.62155826472	807.719970703125
3253.60611221287	808.280029296875
3255.59010170428	808.559997558594
3257.57352696026	810.559997558594
3259.55638820202	809.919982910156
3261.53868565064	808.719970703125
3263.52041952708	809.799987792969
3265.50159005221	810.359985351563
3267.48219744676	808.559997558594
3269.46224193136	809.440002441406
3271.44172372651	808.760009765625
3273.42064305262	810.840026855469
3275.39900012996	810.239990234375
3277.3767951787	808.440002441406
3279.35402841889	808.280029296875
3281.33070007047	809.919982910156
3283.30681035326	808.200012207031
3285.28235948698	809.440002441406
3287.25734769121	809.280029296875
3289.23177518544	812.119995117188
3291.20564218903	810.280029296875
3293.17894892124	810.960021972656
3295.1516956012	809.640014648438
3297.12388244795	809.47998046875
3299.09550968039	808.47998046875
3301.06657751732	807.960021972656
3303.03708617743	808.799987792969
3305.00703587929	810.239990234375
3306.97642684135	810.760009765625
3308.94525928196	810.239990234375
3310.91353341935	810.280029296875
3312.88124947164	809.359985351563
3314.84840765683	809.239990234375
3316.81500819282	807.359985351563
3318.78105129738	808.440002441406
3320.74653718818	808.52001953125
3322.71146608278	806.719970703125
3324.67583819861	808.119995117188
3326.639653753	809.440002441406
3328.60291296317	808.400024414063
3330.56561604621	810.119995117188
3332.52776321913	811.039978027344
3334.4893546988	809.239990234375
3336.45039070198	808.440002441406
3338.41087144533	807.799987792969
3340.37079714539	807
3342.33016801859	807.080017089844
3344.28898428124	806.320007324219
3346.24724614955	809.52001953125
3348.20495383962	807.719970703125
3350.16210756742	808.119995117188
3352.11870754883	808.599975585938
3354.07475399961	809.119995117188
3356.03024713539	808.359985351563
3357.98518717173	808.119995117188
3359.93957432403	808.840026855469
3361.89340880761	808.679992675781
3363.84669083768	808.200012207031
3365.79942062933	807.840026855469
3367.75159839753	807.159973144531
3369.70322435715	810.359985351563
3371.65429872295	811.400024414063
3373.60482170957	811.119995117188
3375.55479353155	810.840026855469
3377.50421440332	809.52001953125
3379.45308453918	806.919982910156
3381.40140415335	806.679992675781
3383.34917345991	807.400024414063
3385.29639267284	808.320007324219
3387.24306200602	809.799987792969
3389.18918167321	811.039978027344
3391.13475188806	809.919982910156
3393.07977286411	809.919982910156
3395.02424481479	812.239990234375
3396.96816795342	811.679992675781
3398.91154249322	809.760009765625
3400.85436864728	809.719970703125
3402.79664662859	809.52001953125
3404.73837665004	809.440002441406
3406.67955892439	809.640014648438
3408.62019366432	808.719970703125
3410.56028108236	809.400024414063
3412.49982139096	810.359985351563
3414.43881480247	810.359985351563
3416.37726152909	811.719970703125
3418.31516178295	810.200012207031
3420.25251577605	809.320007324219
3422.18932372029	810.559997558594
3424.12558582746	809.359985351563
3426.06130230922	810.47998046875
3427.99647337717	812.47998046875
3429.93109924274	809.039978027344
3431.8651801173	808.159973144531
3433.79871621209	806.840026855469
3435.73170773824	808.559997558594
3437.66415490678	809.200012207031
3439.59605792862	807.200012207031
3441.52741701458	808.52001953125
3443.45823237536	808
3445.38850422154	805.799987792969
3447.31823276362	808.880004882813
3449.24741821196	809.359985351563
3451.17606077684	808.960021972656
3453.10416066842	809.080017089844
3455.03171809674	809
3456.95873327175	807.400024414063
3458.88520640329	808.039978027344
3460.81113770109	807.679992675781
3462.73652737477	805.280029296875
3464.66137563383	804.559997558594
3466.58568268769	805.52001953125
3468.50944874565	805.200012207031
3470.43267401689	806
3472.3553587105	806.760009765625
3474.27750303545	805.119995117188
3476.19910720062	804.239990234375
3478.12017141476	804.960021972656
3480.04069588654	806.960021972656
3481.9606808245	806.119995117188
3483.88012643707	804.52001953125
3485.79903293259	803.799987792969
3487.7174005193	802
3489.63522940532	802
3491.55251979864	800.440002441406
3493.46927190719	799.840026855469
3495.38548593877	801.359985351563
3497.30116210107	801.359985351563
3499.21630060167	802.080017089844
3501.13090164807	800.880004882813
3503.04496544763	800.239990234375
3504.95849220763	799.799987792969
3506.87148213523	799.840026855469
3508.78393543748	799.599975585938
3510.69585232134	800.52001953125
3512.60723299365	799.359985351563
3514.51807766116	800.679992675781
3516.42838653049	799.559997558594
3518.33815980819	797.400024414063
3520.24739770066	797.239990234375
3522.15610041423	796.200012207031
3524.06426815511	797.200012207031
3525.9719011294	797.440002441406
3527.87899954311	798.919982910156
3529.78556360213	798.440002441406
3531.69159351225	797.080017089844
3533.59708947916	797.52001953125
3535.50205170844	795.960021972656
3537.40648040556	794.919982910156
3539.3103757759	794.760009765625
3541.21373802472	794.799987792969
3543.11656735717	794.599975585938
3545.01886397833	794.599975585938
3546.92062809313	794.47998046875
3548.82185990643	794.200012207031
3550.72255962297	793.719970703125
3552.62272744738	792.960021972656
3554.5223635842	792.919982910156
3556.42146823786	792.840026855469
3558.32004161268	792.719970703125
3560.21808391289	793.080017089844
3562.11559534259	793.880004882813
3564.01257610581	791.840026855469
3565.90902640645	791.880004882813
3567.80494644831	790.960021972656
3569.7003364351	791.440002441406
3571.59519657042	791.799987792969
3573.48952705774	790.960021972656
3575.38332810048	791.599975585938
3577.27659990191	791
3579.16934266521	791.320007324219
3581.06155659346	791
3582.95324188965	790.919982910156
3584.84439875663	789.840026855469
3586.73502739718	790.039978027344
3588.62512801397	789.559997558594
3590.51470080955	789.799987792969
3592.40374598639	789.159973144531
3594.29226374685	788.799987792969
3596.18025429317	789
3598.06771782751	788.840026855469
3599.95465455192	788.760009765625
3601.84106466834	787.840026855469
3603.72694837861	788.039978027344
3605.61230588447	787.599975585938
3607.49713738756	788.400024414063
3609.38144308942	787.960021972656
3611.26522319148	786.840026855469
3613.14847789506	786.880004882813
3615.0312074014	786.400024414063
3616.91341191162	786.320007324219
3618.79509162674	787.080017089844
3620.67624674769	786.52001953125
3622.55687747528	785.799987792969
3624.43698401024	786.47998046875
3626.31656655317	785.640014648438
3628.1956253046	786.320007324219
3630.07416046492	785.960021972656
3631.95217223446	785.359985351563
3633.82966081342	785.559997558594
3635.70662640191	784.640014648438
3637.58306919993	785.52001953125
3639.45898940739	785.039978027344
3641.33438722409	785.080017089844
3643.20926284973	785.039978027344
3645.08361648392	785.039978027344
3646.95744832614	784.359985351563
3648.8307585758	784.080017089844
3650.7035474322	784.52001953125
3652.57581509452	784.559997558594
3654.44756176188	784.280029296875
3656.31878763324	782.840026855469
3658.18949290753	783.119995117188
3660.05967778352	783.440002441406
3661.9293424599	782.960021972656
3663.79848713527	782.799987792969
3665.66711200812	782.359985351563
3667.53521727684	782.440002441406
3669.40280313972	782.239990234375
3671.26986979494	782
3673.13641744059	782.159973144531
3675.00244627468	781.719970703125
