-140.373595351881	779.559997558594
-137.335129063906	779.119995117188
-134.297686810867	779.760009765625
-131.261268103955	779.320007324219
-128.225872454677	779.719970703125
-125.191499374839	779.679992675781
-122.158148376567	779.239990234375
-119.125818972292	779.280029296875
-116.094510674759	779.679992675781
-113.064222997021	779.640014648438
-110.034955452443	779.47998046875
-107.006707554687	779.840026855469
-103.979478817741	779.599975585938
-100.95326875589	779.599975585938
-97.928076883731	778.919982910156
-94.9039027161698	779.599975585938
-91.8807457684175	778.880004882813
-88.8586055560018	779.400024414063
-85.8374815947384	779.400024414063
-82.8173734007715	779.599975585938
-79.7982804905411	779.280029296875
-76.7802023807988	779.799987792969
-73.7631385885914	779.400024414063
-70.7470886312892	779.799987792969
-67.732052026553	779.280029296875
-64.7180282923587	779.280029296875
-61.7050169469884	779.559997558594
-58.6930175090183	779.599975585938
-55.6820294973386	779.280029296875
-52.6720524311495	779.719970703125
-49.66308582994	779.359985351563
-46.6551292135171	779.719970703125
-43.6481821019882	779.880004882813
-40.6422440157577	779.52001953125
-37.6373144755424	779.320007324219
-34.6333930023594	779.400024414063
-31.630479117526	779.719970703125
-28.6285723426709	779.080017089844
-25.6276721997107	779.559997558594
-22.6277782108771	779.799987792969
-19.628889898701	779.47998046875
-16.6310067860081	779.799987792969
-13.6341283959385	782.559997558594
-10.6382542519231	795.440002441406
-7.64338387769432	829.440002441406
-4.64951679729502	855.440002441406
-1.65665253506141	836.840026855469
1.33520938438089	798.400024414063
4.32606943608095	781.760009765625
7.315928094803	779.760009765625
10.3047858350146	779.400024414063
13.2926431308747	779.119995117188
16.2795004562541	779.440002441406
19.2653582847118	779.320007324219
22.2502170895187	779
25.2340773436344	779.640014648438
28.216939519735	779.47998046875
31.1988040901939	779.400024414063
34.1796715270814	779.200012207031
37.1595423021732	778.840026855469
40.1384168869468	779.119995117188
43.1162957525854	779.239990234375
46.0931793699786	779.200012207031
49.0690682097059	779.400024414063
52.0439627420619	779.440002441406
55.0178634370476	779.47998046875
57.9907707643592	778.880004882813
60.9626851933962	779.200012207031
63.9336071932735	779.080017089844
66.9035372328018	779.280029296875
69.8724757804959	779.320007324219
72.8404233045826	779.280029296875
75.8073802729932	779.239990234375
78.7733471533597	779.359985351563
81.738324413019	779.320007324219
84.702312519025	779.159973144531
87.665311938125	778.880004882813
90.6273231367761	779.47998046875
93.5883465811569	779.440002441406
96.5483827371242	779.080017089844
99.5074320702731	779.080017089844
102.465495045889	779.239990234375
105.422572128961	779.359985351563
108.378663784199	778.919982910156
111.333770476014	779.440002441406
114.287892668528	779.640014648438
117.24103082557	779.440002441406
120.193185410674	779.760009765625
123.144356887097	779.559997558594
126.094545717786	780.080017089844
129.043752365413	779.960021972656
131.991977292355	780.640014648438
134.939220960695	780.760009765625
137.885483832232	780.840026855469
140.83076636847	781.359985351563
143.775069030632	781.960021972656
146.718392279644	781.960021972656
149.660736576149	782.960021972656
152.602102380488	782.359985351563
155.54249015274	784.280029296875
158.481900352672	784.200012207031
161.420333439765	784.760009765625
164.357789873227	785.400024414063
167.294270111968	785.440002441406
170.229774614617	786.559997558594
173.164303839496	786.919982910156
176.097858244675	787.039978027344
179.030438287908	788.080017089844
181.962044426678	788.559997558594
184.89267711817	790.039978027344
187.822336819302	789.840026855469
190.751023986678	789.760009765625
193.678739076648	790.359985351563
196.605482545255	790.400024414063
199.531254848261	791.400024414063
202.456056441152	790.760009765625
205.379887779119	790.440002441406
208.30274931708	791.280029296875
211.224641509656	791
214.145564811189	791.039978027344
217.06551967574	790.640014648438
219.984506557089	790.559997558594
222.902525908723	790.200012207031
225.819578183856	790.599975585938
228.735663835415	790.599975585938
231.650783316047	789.359985351563
234.564937078107	790.359985351563
237.478125573679	791.080017089844
240.390349254566	790.919982910156
243.301608572278	790.200012207031
246.211903978051	791.880004882813
249.121235922839	792.119995117188
252.029604857321	792.239990234375
254.93701123188	792.799987792969
257.843455496632	793.440002441406
260.748938101415	792.52001953125
263.653459495766	794.320007324219
266.557020128967	794.200012207031
269.459620450005	794.919982910156
272.361260907595	795.239990234375
275.261941950168	795.159973144531
278.161664025874	794.47998046875
281.060427582592	795.440002441406
283.958233067921	795.640014648438
286.855080929176	795.359985351563
289.750971613398	795.440002441406
292.645905567344	794.679992675781
295.539883237503	795
298.432905070079	796.359985351563
301.324971511007	797.880004882813
304.216083005931	799.47998046875
307.10624000023	804.640014648438
309.995442939003	813.080017089844
312.883692267071	830
315.770988428979	853.200012207031
318.657331869	870.719970703125
321.542723031127	867.679992675781
324.427162359076	848.47998046875
327.310650296293	825.599975585938
330.193187285945	812.320007324219
333.074773770929	805.359985351563
335.955410193855	799.679992675781
338.835096997075	796.440002441406
341.713834622655	797.119995117188
344.59162351239	795.840026855469
347.468464107802	794.440002441406
350.344356850137	794.280029296875
353.219302180373	791.919982910156
356.093300539208	792.679992675781
358.966352367073	793.280029296875
361.838458104123	791.919982910156
364.70961819024	791.599975585938
367.579833065031	792.159973144531
370.449103167837	791.440002441406
373.317428937727	791.239990234375
376.184810813496	792.159973144531
379.051249233659	791.760009765625
381.916744636474	791.960021972656
384.78129745992	790.47998046875
387.644908141706	791.840026855469
390.50757711927	791
393.36930482978	791.119995117188
396.23009171014	791.47998046875
399.089938196969	791.080017089844
401.948844726631	791.719970703125
404.806811735214	790.840026855469
407.66383965853	790.679992675781
410.519928932138	791.080017089844
413.375079991314	792.119995117188
416.229293271071	791.359985351563
419.082569206155	791.039978027344
421.934908231031	790.760009765625
424.786310779917	790.280029296875
427.636777286748	791.119995117188
430.486308185189	790.440002441406
433.334903908649	791.880004882813
436.182564890262	791.159973144531
439.029291562898	791.679992675781
441.875084359157	790.320007324219
444.719943711374	790.359985351563
447.563870051618	791.080017089844
450.406863811695	790.239990234375
453.248925423132	790.599975585938
456.090055317208	791.039978027344
458.93025392492	790.039978027344
461.76952167701	790.239990234375
464.60785900395	790.200012207031
467.44526633595	791.320007324219
470.281744102955	790.559997558594
473.117292734635	789.960021972656
475.951912660415	789.760009765625
478.785604309439	790.119995117188
481.618368110592	790.039978027344
484.450204492499	790.47998046875
487.281113883518	791.359985351563
490.111096711738	789.799987792969
492.940153404999	790.760009765625
495.768284390864	790.799987792969
498.595490096635	790.799987792969
501.421770949366	790.760009765625
504.247127375825	790.760009765625
507.071559802537	790.799987792969
509.89506865575	790
512.717654361473	790.119995117188
515.539317345424	791.080017089844
518.360058033083	790.919982910156
521.179876849652	791.359985351563
523.998774220083	790.679992675781
526.816750569068	790.159973144531
529.633806321025	790.760009765625
532.44994190013	790.640014648438
535.265157730284	790.200012207031
538.079454235133	790.080017089844
540.892831838066	790.880004882813
543.705290962208	789.679992675781
546.516832030424	790.200012207031
549.32745546533	790.359985351563
552.137161689268	790.320007324219
554.945951124325	789.119995117188
557.753824192341	790.320007324219
560.560781314883	790.559997558594
563.36682291327	790.400024414063
566.171949408555	789.599975585938
568.976161221537	789.599975585938
571.779458772759	789.840026855469
574.5818424825	789.599975585938
577.383312770792	789.359985351563
580.183870057402	789.679992675781
582.983514761843	789.599975585938
585.782247303363	789.599975585938
588.580068100976	789.039978027344
591.376977573414	789.039978027344
594.172976139164	789.359985351563
596.968064216463	788.919982910156
599.762242223282	789.400024414063
602.555510577335	789.080017089844
605.347869696099	789.599975585938
608.139319996771	788.52001953125
610.929861896313	788.080017089844
613.719495811421	789.359985351563
616.508222158541	789.039978027344
619.296041353863	789.080017089844
622.082953813324	789.080017089844
624.868959952607	789.280029296875
627.654060187137	789.47998046875
630.438254932094	788.559997558594
633.221544602397	788.960021972656
636.003929612719	788.599975585938
638.785410377468	788.280029296875
641.565987310814	788.799987792969
644.345660826665	788.960021972656
647.124431338674	789.679992675781
649.902299260252	789.239990234375
652.679265004552	789
655.455328984475	789.679992675781
658.230491612671	789.359985351563
661.004753301541	789.440002441406
663.778114463229	788.52001953125
666.550575509631	789.880004882813
669.322136852395	788.719970703125
672.092798902916	789.280029296875
674.862562072336	789.159973144531
677.631426771548	789.52001953125
680.399393411204	788.919982910156
683.166462401689	788.280029296875
685.93263415315	788.599975585938
688.697909075486	788.840026855469
691.462287578337	788.559997558594
694.225770071098	789.200012207031
696.988356962926	788.400024414063
699.750048662705	787.880004882813
702.5108455791	788.239990234375
705.270748120503	788.47998046875
708.029756695068	788.919982910156
710.787871710705	789.200012207031
713.545093575065	789.359985351563
716.301422695566	789.280029296875
719.056859479364	789.359985351563
721.811404333376	789.200012207031
724.56505766427	789.359985351563
727.317819878473	788.440002441406
730.069691382148	789.599975585938
732.820672581226	789.880004882813
735.570763881396	789.919982910156
738.319965688092	789.200012207031
741.068278406496	788.880004882813
743.815702441559	789.440002441406
746.562238197974	789.200012207031
749.307886080196	789
752.052646492436	789.640014648438
754.796519838656	788.919982910156
757.539506522567	790.200012207031
760.28160694765	789.640014648438
763.022821517128	789.52001953125
765.76315063399	789.880004882813
768.502594700972	789.640014648438
771.241154120572	789.719970703125
773.978829295045	789.919982910156
776.715620626397	790.52001953125
779.451528516396	791.200012207031
782.186553366565	790.760009765625
784.920695578179	790.640014648438
787.653955552283	790.679992675781
790.386333689662	790.400024414063
793.117830390877	789.47998046875
795.848446056227	789.960021972656
798.578181085792	789.440002441406
801.307035879389	789.239990234375
804.035010836599	789.280029296875
806.762106356774	788.760009765625
809.488322839013	789.039978027344
812.213660682169	789.080017089844
814.938120284866	789.080017089844
817.661702045482	788.799987792969
820.384406362153	788.359985351563
823.10623363278	789.320007324219
825.827184255014	789.799987792969
828.547258626283	789.47998046875
831.266457143747	788.880004882813
833.984780204358	789.119995117188
836.702228204804	789.320007324219
839.418801541552	789.840026855469
842.134500610814	788.52001953125
844.849325808575	789
847.563277530579	789.239990234375
850.276356172319	789.760009765625
852.988562129066	789.960021972656
855.69989579585	790.280029296875
858.410357567456	789.52001953125
861.119947838428	789.320007324219
863.828667003087	787.799987792969
866.536515455503	788.080017089844
869.243493589517	788.52001953125
871.949601798728	788.440002441406
874.654840476504	788.200012207031
877.359210015961	789
880.062710810003	788.799987792969
882.765343251273	788.400024414063
885.467107732191	788.840026855469
888.168004644938	789.080017089844
890.868034381467	788.840026855469
893.567197333476	788.919982910156
896.265493892445	788.960021972656
898.962924449614	788.919982910156
901.659489395985	788.320007324219
904.355189122325	787.280029296875
907.050024019165	788.640014648438
909.743994476809	789.359985351563
912.437100885322	788.719970703125
915.129343634532	787.400024414063
917.820723114032	788
920.511239713189	788.47998046875
923.200893821127	789.119995117188
925.889685826744	789.119995117188
928.577616118699	788.760009765625
931.264685085419	789.159973144531
933.950893115098	789.47998046875
936.6362405957	789
939.320727914956	788.760009765625
942.004355460359	789.039978027344
944.687123619173	788.960021972656
947.369032778431	789.239990234375
950.050083324934	788.559997558594
952.730275645247	788.840026855469
955.409610125711	789.719970703125
958.088087152423	788.960021972656
960.765707111263	788.919982910156
963.442470387871	788.679992675781
966.118377367657	788.640014648438
968.793428435798	788.960021972656
971.467623977254	788
974.140964376739	788.239990234375
976.813450018737	788.52001953125
979.485081287511	788.559997558594
982.155858567087	788.719970703125
984.825782241271	788.559997558594
987.494852693624	788.039978027344
990.163070307487	787.880004882813
992.830435465978	788.799987792969
995.496948551973	788.719970703125
998.162609948122	790.119995117188
1000.82742003685	791.919982910156
1003.49137920036	791.840026855469
1006.15448782061	790.47998046875
1008.81674627934	788.919982910156
1011.47815495806	788.440002441406
1014.13871423805	788.200012207031
1016.79842450037	788.119995117188
1019.45728612586	788.320007324219
1022.11529949509	788.119995117188
1024.77246498846	787.919982910156
1027.4287829861	787.599975585938
1030.08425386792	789.119995117188
1032.73887801363	788.559997558594
1035.3926558027	787.679992675781
1038.04558761435	788.760009765625
1040.69767382761	788.679992675781
1043.34891482125	788.799987792969
1045.99931097384	787.760009765625
1048.64886266371	788.440002441406
1051.29757026898	787.919982910156
1053.94543416753	788.47998046875
1056.59245473701	788.440002441406
1059.23863235486	787.400024414063
1061.8839673983	788
1064.5284602443	788.799987792969
1067.17211126962	789.159973144531
1069.8149208508	788.880004882813
1072.45688936415	788.359985351563
1075.09801718577	789.080017089844
1077.7383046915	789.080017089844
1080.377752257	788.840026855469
1083.01636025767	789.559997558594
1085.65412906872	788.719970703125
1088.2910590651	789.080017089844
1090.92715062157	789
1093.56240411266	790
1096.19681991265	789.359985351563
1098.83039839564	789.679992675781
1101.46313993547	790.119995117188
1104.09504490579	789.119995117188
1106.72611368	789.159973144531
1109.35634663129	788.320007324219
1111.98574413263	787.919982910156
1114.61430655677	787.119995117188
1117.24203427624	787.840026855469
1119.86892766333	788.159973144531
1122.49498709014	787.960021972656
1125.12021292851	788.679992675781
1127.74460555011	788.400024414063
1130.36816532634	788.440002441406
1132.99089262841	787.47998046875
1135.6127878273	787.159973144531
1138.23385129376	786.359985351563
1140.85408339834	786.080017089844
1143.47348451137	786.760009765625
1146.09205500294	786.799987792969
1148.70979524293	786.760009765625
1151.326705601	787.039978027344
1153.9427864466	787.080017089844
1156.55803814896	786.760009765625
1159.17246107707	786.919982910156
1161.78605559974	787.559997558594
1164.39882208551	786.440002441406
1167.01076090276	787.159973144531
1169.6218724196	788.239990234375
1172.23215700396	787.559997558594
1174.84161502352	787.599975585938
1177.45024684578	788.799987792969
1180.05805283799	787.679992675781
1182.66503336719	787.400024414063
1185.27118880021	787.52001953125
1187.87651950367	786.679992675781
1190.48102584395	786.799987792969
1193.08470818723	787.080017089844
1195.68756689948	787.640014648438
1198.28960234643	787.640014648438
1200.89081489363	787.719970703125
1203.49120490636	789
1206.09077274974	788.840026855469
1208.68951878864	789.559997558594
1211.28744338773	788.640014648438
1213.88454691145	788.200012207031
1216.48082972404	788.880004882813
1219.07629218953	789.359985351563
1221.6709346717	789.52001953125
1224.26475753416	789.080017089844
1226.85776114028	789.679992675781
1229.44994585322	790.159973144531
1232.04131203592	790.159973144531
1234.63186005112	790.280029296875
1237.22159026133	791.119995117188
1239.81050302886	791.440002441406
1242.3985987158	790.919982910156
1244.98587768402	791.840026855469
1247.5723402952	791.599975585938
1250.15798691078	790.760009765625
1252.74281789199	791.47998046875
1255.32683359987	791.359985351563
1257.91003439523	791.400024414063
1260.49242063865	791.239990234375
1263.07399269055	791.400024414063
1265.65475091108	791.840026855469
1268.23469566021	790.47998046875
1270.81382729769	790.47998046875
1273.39214618306	790.880004882813
1275.96965267566	790.719970703125
1278.54634713458	790.880004882813
1281.12222991875	790
1283.69730138685	789.799987792969
1286.27156189737	790.239990234375
1288.84501180858	790.440002441406
1291.41765147853	790.320007324219
1293.98948126509	790
1296.56050152589	790.960021972656
1299.13071261837	790.919982910156
1301.70011489973	791.359985351563
1304.268708727	791.280029296875
1306.83649445698	791.919982910156
1309.40347244625	792.359985351563
1311.96964305119	791.679992675781
1314.53500662799	791.719970703125
1317.0995635326	792.039978027344
1319.66331412077	791.880004882813
1322.22625874806	791.119995117188
1324.7883977698	791.080017089844
1327.34973154112	790.599975585938
1329.91026041694	791
1332.46998475197	791.440002441406
1335.0289049007	790.960021972656
1337.58702121746	791.640014648438
1340.14433405631	791.159973144531
1342.70084377115	791.52001953125
1345.25655071563	790.640014648438
1347.81145524323	790.47998046875
1350.36555770721	790
1352.91885846062	789.080017089844
1355.47135785631	788.840026855469
1358.02305624691	788.599975585938
1360.57395398486	788.080017089844
1363.12405142237	787.52001953125
1365.67334891148	788.159973144531
1368.22184680399	788.760009765625
1370.76954545151	788.799987792969
1373.31644520545	788.039978027344
1375.86254641699	787.960021972656
1378.40784943713	787.840026855469
1380.95235461666	788
1383.49606230615	787.719970703125
1386.03897285598	788.760009765625
1388.58108661632	788.47998046875
1391.12240393713	787.599975585938
1393.66292516818	787.280029296875
1396.20265065903	787.280029296875
1398.74158075901	787.559997558594
1401.2797158173	787.599975585938
1403.81705618282	787.960021972656
1406.35360220431	787.640014648438
1408.88935423032	787.280029296875
1411.42431260919	787.280029296875
1413.95847768903	787.719970703125
1416.49184981777	787.359985351563
1419.02442934314	787.640014648438
1421.55621661266	787.880004882813
1424.08721197364	787.799987792969
1426.61741577321	788.320007324219
1429.14682835828	787.799987792969
1431.67545007555	787.919982910156
1434.20328127153	788.960021972656
1436.73032229253	789.559997558594
1439.25657348466	790.599975585938
1441.78203519381	791.200012207031
1444.3067077657	790.679992675781
1446.83059154581	791.880004882813
1449.35368687944	791.640014648438
1451.8759941117	791.799987792969
1454.39751358748	792.320007324219
1456.91824565148	791.200012207031
1459.43819064818	790.960021972656
1461.95734892189	790.400024414063
1464.4757208167	791
1466.99330667649	789.960021972656
1469.51010684497	789.320007324219
1472.02612166564	788.840026855469
1474.54135148177	788.52001953125
1477.05579663646	787.880004882813
1479.56945747262	788.080017089844
1482.08233433293	788.239990234375
1484.59442755989	788.200012207031
1487.10573749579	787.280029296875
1489.61626448275	787.200012207031
1492.12600886264	786.840026855469
1494.63497097718	786.039978027344
1497.14315116786	785.52001953125
1499.65054977599	784.880004882813
1502.15716714267	784.640014648438
1504.66300360881	784.559997558594
1507.16805951512	785.640014648438
1509.67233520211	784.960021972656
1512.1758310101	785.119995117188
1514.67854727919	785.47998046875
1517.18048434931	784.840026855469
1519.68164256018	784.719970703125
1522.18202225132	784.960021972656
1524.68162376207	785.119995117188
1527.18044743155	784.640014648438
1529.67849359869	784.679992675781
1532.17576260224	784.880004882813
1534.67225478072	784.960021972656
1537.1679704725	785.239990234375
1539.66291001572	785.039978027344
1542.15707374832	784.679992675781
1544.65046200807	785.359985351563
1547.14307513254	785.280029296875
1549.63491345907	785.880004882813
1552.12597732485	785.400024414063
1554.61626706685	785.919982910156
1557.10578302185	785.359985351563
1559.59452552644	786.359985351563
1562.082494917	785.799987792969
1564.56969152973	786.599975585938
1567.05611570064	787.119995117188
1569.54176776552	787.039978027344
1572.02664806	788.080017089844
1574.51075691949	787.679992675781
1576.99409467921	788.239990234375
1579.4766616742	787.919982910156
1581.95845823929	788.039978027344
1584.43948470912	787.880004882813
1586.91974141815	787.400024414063
1589.39922870064	787.280029296875
1591.87794689064	787.280029296875
1594.35589632202	787.080017089844
1596.83307732848	786.840026855469
1599.30949024348	787.679992675781
1601.78513540033	787.719970703125
1604.26001313211	787.960021972656
1606.73412377175	788.200012207031
1609.20746765196	789.119995117188
1611.68004510526	789
1614.15185646398	787.880004882813
1616.62290206026	788.799987792969
1619.09318222605	788.679992675781
1621.56269729311	788.159973144531
1624.031447593	788.280029296875
1626.4994334571	789.400024414063
1628.9666552166	789.119995117188
1631.43311320248	789.320007324219
1633.89880774554	789.200012207031
1636.3637391764	790.119995117188
1638.82790782548	789.47998046875
1641.29131402301	790.52001953125
1643.75395809903	790.359985351563
1646.21584038339	791.599975585938
1648.67696120575	792.320007324219
1651.13732089558	791.760009765625
1653.59691978216	792
1656.05575819459	792.119995117188
1658.51383646175	792.200012207031
1660.97115491238	792.719970703125
1663.42771387498	792.719970703125
1665.8835136779	791.640014648438
1668.33855464928	790.640014648438
1670.79283711708	790.320007324219
1673.24636140907	790.840026855469
1675.69912785282	790.400024414063
1678.15113677572	790.280029296875
1680.602388505	789.239990234375
1683.05288336764	789.039978027344
1685.50262169049	788.080017089844
1687.95160380019	787.840026855469
1690.39983002318	787.239990234375
1692.84730068573	786.799987792969
1695.29401611392	786.599975585938
1697.73997663364	785.640014648438
1700.18518257059	784.719970703125
1702.6296342503	784.960021972656
1705.07333199807	784.599975585938
1707.51627613907	784.320007324219
1709.95846699824	784.320007324219
1712.39990490036	784.080017089844
1714.84059017001	784.280029296875
1717.28052313159	783.679992675781
1719.7197041093	783.679992675781
1722.15813342718	784.119995117188
1724.59581140906	783.359985351563
1727.03273837859	782.719970703125
1729.46891465926	783.080017089844
1731.90434057432	783.52001953125
1734.3390164469	783.039978027344
1736.7729425999	782.799987792969
1739.20611935604	782.919982910156
1741.63854703787	782.559997558594
1744.07022596776	782.760009765625
1746.50115646787	782.719970703125
1748.93133886019	782.47998046875
1751.36077346652	782.52001953125
1753.7894606085	782.52001953125
1756.21740060755	781.719970703125
1758.64459378494	782.280029296875
1761.07104046172	782.799987792969
1763.49674095879	782.559997558594
1765.92169559684	782.119995117188
1768.3459046964	782.559997558594
1770.7693685778	782
1773.1920875612	781.840026855469
1775.61406196656	781.799987792969
1778.03529211367	782.440002441406
1780.45577832214	782.47998046875
1782.87552091138	782.039978027344
1785.29452020064	782.080017089844
1787.71277650897	782.559997558594
1790.13029015525	781.760009765625
1792.54706145817	782.119995117188
1794.96309073625	781.880004882813
1797.3783783078	781.52001953125
1799.79292449097	782.400024414063
1802.20672960375	782.359985351563
1804.61979396389	782.080017089844
1807.03211788902	782
1809.44370169655	782.239990234375
1811.85454570373	782.47998046875
1814.2646502276	782.280029296875
1816.67401558506	782.039978027344
1819.0826420928	781.47998046875
1821.49053006734	782.159973144531
1823.89767982501	782.359985351563
1826.30409168198	782.039978027344
1828.70976595422	781.47998046875
1831.11470295753	781.640014648438
1833.51890300752	781.559997558594
1835.92236641964	781.880004882813
1838.32509350914	782.320007324219
1840.72708459111	781.440002441406
1843.12833998044	781.559997558594
1845.52885999184	781.679992675781
1847.92864493987	781.799987792969
1850.32769513889	782.320007324219
1852.72601090307	781.880004882813
1855.12359254642	781.960021972656
1857.52044038278	781.039978027344
1859.91655472578	781.840026855469
1862.31193588889	781.760009765625
1864.70658418542	781.719970703125
1867.10049992847	781.47998046875
1869.49368343096	781.640014648438
1871.88613500568	781.47998046875
1874.27785496518	782.159973144531
1876.66884362188	781.960021972656
1879.059101288	781.880004882813
1881.44862827559	781.679992675781
1883.8374248965	781.47998046875
1886.22549146246	781.559997558594
1888.61282828495	781.799987792969
1890.99943567534	781.760009765625
1893.38531394477	781.880004882813
1895.77046340424	781.880004882813
1898.15488436455	782.039978027344
1900.53857713634	781.239990234375
1902.92154203006	781.760009765625
1905.303779356	781.359985351563
1907.68528942426	781.799987792969
1910.06607254477	781.840026855469
1912.44612902729	781.880004882813
1914.82545918139	781.52001953125
1917.20406331648	782.239990234375
1919.58194174178	781.400024414063
1921.95909476634	781.47998046875
1924.33552269905	782.080017089844
1926.71122584861	781.679992675781
1929.08620452353	781.880004882813
1931.46045903219	782.239990234375
1933.83398968275	781.719970703125
1936.20679678322	782
1938.57888064142	781.880004882813
1940.95024156502	782.320007324219
1943.3208798615	782.080017089844
1945.69079583816	782.200012207031
1948.05998980213	781.320007324219
1950.42846206038	782.039978027344
1952.79621291969	782.080017089844
1955.16324268668	781.52001953125
1957.52955166778	781.640014648438
1959.89514016927	781.840026855469
1962.26000849723	781.719970703125
1964.62415695759	782.080017089844
1966.98758585609	781.799987792969
1969.3502954983	782.239990234375
1971.71228618964	782.359985351563
1974.07355823532	782.119995117188
1976.43411194042	781.960021972656
1978.79394760981	782.400024414063
1981.1530655482	782.280029296875
1983.51146606014	782.119995117188
1985.86914944999	782.440002441406
1988.22611602196	781.679992675781
1990.58236608007	782.200012207031
1992.93789992817	781.960021972656
1995.29271786995	782.080017089844
1997.64682020892	782.080017089844
2000.00020724843	781.719970703125
2002.35287929162	782.080017089844
2004.70483664152	782.599975585938
2007.05607960095	782.039978027344
2009.40660847256	781.599975585938
2011.75642355884	781.719970703125
2014.1055251621	781.960021972656
2016.4539135845	782.200012207031
2018.80158912802	782.119995117188
2021.14855209444	782.119995117188
2023.49480278542	781.919982910156
2025.84034150242	781.919982910156
2028.18516854673	782.47998046875
2030.52928421948	781.960021972656
2032.87268882163	782.200012207031
2035.21538265398	782.039978027344
2037.55736601713	781.960021972656
2039.89863921153	782.280029296875
2042.23920253747	781.840026855469
2044.57905629506	782.280029296875
2046.91820078425	782.719970703125
2049.2566363048	782.640014648438
2051.59436315633	782.119995117188
2053.93138163827	782.400024414063
2056.2676920499	782.359985351563
2058.6032946903	782.159973144531
2060.93818985843	782.200012207031
2063.27237785303	782.47998046875
2065.60585897272	782.239990234375
2067.93863351592	782.760009765625
2070.27070178089	782.679992675781
2072.60206406574	782.119995117188
2074.93272066838	782.440002441406
2077.26267188658	782.200012207031
2079.59191801793	782.440002441406
2081.92045935985	782.599975585938
2084.24829620962	782.239990234375
2086.57542886431	783
2088.90185762087	781.840026855469
2091.22758277604	782.039978027344
2093.55260462643	782.47998046875
2095.87692346845	781.880004882813
2098.20053959837	782.719970703125
2100.52345331229	782.280029296875
2102.84566490614	782.960021972656
2105.16717467567	781.880004882813
2107.48798291649	782.47998046875
2109.80808992403	782.280029296875
2112.12749599355	781.919982910156
2114.44620142016	782.599975585938
2116.7642064988	782.47998046875
2119.08151152423	781.799987792969
2121.39811679106	781.799987792969
2123.71402259374	782.320007324219
2126.02922922653	782.200012207031
2128.34373698356	782.840026855469
2130.65754615876	782.320007324219
2132.97065704594	782.320007324219
2135.28306993869	782.52001953125
2137.59478513047	782.640014648438
2139.90580291459	782.599975585938
2142.21612358416	782.440002441406
2144.52574743214	782.159973144531
2146.83467475134	782.119995117188
2149.1429058344	781.880004882813
2151.45044097377	782.159973144531
2153.75728046178	782.080017089844
2156.06342459057	781.799987792969
2158.36887365212	782.159973144531
2160.67362793825	782.159973144531
2162.97768774061	781.840026855469
2165.28105335071	782
2167.58372505987	782.599975585938
2169.88570315926	782.599975585938
2172.18698793988	782.080017089844
2174.48757969258	782.52001953125
2176.78747870805	782.719970703125
2179.08668527679	782.679992675781
2181.38519968917	782.119995117188
2183.68302223538	782.400024414063
2185.98015320547	782.559997558594
2188.27659288929	781.599975585938
2190.57234157656	782.359985351563
2192.86739955682	782.039978027344
2195.16176711948	782.200012207031
2197.45544455375	782.239990234375
2199.74843214869	782.719970703125
2202.04073019322	782.159973144531
2204.33233897607	782.080017089844
2206.62325878583	781.799987792969
2208.91348991093	782.039978027344
2211.20303263961	782
2213.49188726	782.359985351563
2215.78005406001	781.840026855469
2218.06753332744	782.320007324219
2220.35432534991	782.159973144531
2222.64043041487	781.679992675781
2224.92584880964	782.039978027344
2227.21058082134	781.719970703125
2229.49462673696	781.599975585938
2231.77798684332	781.719970703125
2234.06066142709	782.119995117188
2236.34265077477	782.400024414063
2238.62395517269	781.599975585938
2240.90457490706	781.960021972656
2243.18451026388	781.400024414063
2245.46376152904	782.47998046875
2247.74232898823	782.119995117188
2250.02021292701	782.159973144531
2252.29741363077	781.799987792969
2254.57393138475	781.640014648438
2256.849766474	782.119995117188
2259.12491918346	781.799987792969
2261.39938979788	782.039978027344
2263.67317860185	781.880004882813
2265.94628587983	781.47998046875
2268.2187119161	781.840026855469
2270.49045699478	781.840026855469
2272.76152139985	781.919982910156
2275.03190541511	782.080017089844
2277.30160932421	781.799987792969
2279.57063341067	781.919982910156
2281.83897795781	781.599975585938
2284.10664324882	781.559997558594
2286.37362956672	781.840026855469
2288.63993719439	781.719970703125
2290.90556641454	781.640014648438
2293.17051750973	781.840026855469
2295.43479076235	781.880004882813
2297.69838645465	781.47998046875
2299.96130486871	782.200012207031
2302.22354628647	781.599975585938
2304.48511098971	781.52001953125
2306.74599926003	781.840026855469
2309.00621137891	781.47998046875
2311.26574762765	782.039978027344
2313.52460828741	781.719970703125
2315.78279363917	781.52001953125
2318.04030396379	781.880004882813
2320.29713954195	781.880004882813
2322.55330065418	781.400024414063
2324.80878758085	781.280029296875
2327.06360060219	781.359985351563
2329.31773999826	781.359985351563
2331.57120604897	782
2333.82399903409	781.52001953125
2336.0761192332	782
2338.32756692577	781.359985351563
2340.57834239108	781.280029296875
2342.82844590827	781.599975585938
2345.07787775633	781.47998046875
2347.32663821409	781.599975585938
2349.57472756023	781.840026855469
2351.82214607327	781.840026855469
2354.06889403158	781.559997558594
2356.31497171337	781.960021972656
2358.56037939672	781.679992675781
2360.80511735953	781.919982910156
2363.04918587955	781.200012207031
2365.29258523439	781.559997558594
2367.5353157015	782.039978027344
2369.77737755817	781.640014648438
2372.01877108156	781.640014648438
2374.25949654865	781.280029296875
2376.49955423629	781.760009765625
2378.73894442115	781
2380.97766737977	781.440002441406
2383.21572338855	781.239990234375
2385.45311272369	781.679992675781
2387.68983566129	781.719970703125
2389.92589247727	781.640014648438
2392.1612834474	781.320007324219
2394.39600884731	781.880004882813
2396.63006895246	781.239990234375
2398.86346403818	780.880004882813
2401.09619437962	781.440002441406
2403.32826025182	781.039978027344
2405.55966192963	781.320007324219
2407.79039968777	781.52001953125
2410.0204738008	781.280029296875
2412.24988454313	781.719970703125
2414.47863218902	781.320007324219
2416.70671701258	781.640014648438
2418.93413928778	781.679992675781
2421.16089928842	781.760009765625
2423.38699728817	781.239990234375
2425.61243356052	781.719970703125
2427.83720837884	781.679992675781
2430.06132201633	781.719970703125
2432.28477474606	781.47998046875
2434.50756684093	781.640014648438
2436.72969857371	781.880004882813
2438.95117021699	781.400024414063
2441.17198204325	781.359985351563
2443.39213432478	781.640014648438
2445.61162733376	781.200012207031
2447.83046134218	781.52001953125
2450.04863662192	781.640014648438
2452.26615344468	781.280029296875
2454.48301208203	781.919982910156
2456.69921280539	781.280029296875
2458.91475588602	780.559997558594
2461.12964159504	781.840026855469
2463.34387020342	780.960021972656
2465.55744198198	781.119995117188
2467.77035720139	781.599975585938
2469.98261613217	781.679992675781
2472.1942190447	781.280029296875
2474.40516620922	781.52001953125
2476.6154578958	781.280029296875
2478.82509437436	780.559997558594
2481.03407591471	781.52001953125
2483.24240278646	780.919982910156
2485.45007525911	781.159973144531
2487.65709360202	781.599975585938
2489.86345808435	781.880004882813
2492.06916897518	781.320007324219
2494.27422654339	781.400024414063
2496.47863105774	781.239990234375
2498.68238278683	781.400024414063
2500.88548199912	781.159973144531
2503.08792896294	781.440002441406
2505.28972394643	781.320007324219
2507.49086721763	781.52001953125
2509.6913590444	781.280029296875
2511.89119969447	781.719970703125
2514.09038943543	781.679992675781
2516.2889285347	781.880004882813
2518.48681725957	781.400024414063
2520.6840558772	781.400024414063
2522.88064465456	781.119995117188
2525.07658385852	781.47998046875
2527.27187375578	781.200012207031
2529.4665146129	781.840026855469
2531.66050669629	781.640014648438
2533.85385027222	781.119995117188
2536.04654560681	781.799987792969
2538.23859296605	782.080017089844
2540.42999261577	781
2542.62074482166	781.320007324219
2544.81084984925	781.159973144531
2547.00030796395	781.159973144531
2549.18911943101	781.640014648438
2551.37728451555	781.400024414063
2553.56480348252	781.799987792969
2555.75167659675	781.359985351563
2557.93790412292	781.320007324219
2560.12348632556	782.119995117188
2562.30842346905	781.640014648438
2564.49271581764	781.799987792969
2566.67636363544	781.47998046875
2568.85936718639	781.320007324219
2571.04172673431	781.239990234375
2573.22344254288	781.799987792969
2575.40451487562	781.440002441406
2577.58494399591	781.840026855469
2579.76473016699	781.440002441406
2581.94387365196	781.559997558594
2584.12237471377	781.52001953125
2586.30023361523	781.400024414063
2588.47745061901	781.440002441406
2590.65402598763	781.359985351563
2592.82995998348	781.559997558594
2595.0052528688	781.400024414063
2597.17990490568	781.159973144531
2599.35391635608	781.559997558594
2601.52728748181	781.719970703125
2603.70001854454	781.919982910156
2605.8721098058	781.719970703125
2608.04356152698	781.47998046875
2610.21437396931	781.359985351563
2612.3845473939	782.119995117188
2614.55408206173	781.559997558594
2616.72297823359	782.039978027344
2618.89123617017	781.679992675781
2621.058856132	781
2623.22583837949	782.039978027344
2625.39218317288	781.760009765625
2627.55789077229	781.640014648438
2629.72296143769	781.679992675781
2631.88739542891	781.640014648438
2634.05119300563	782.280029296875
2636.21435442742	781.679992675781
2638.37687995367	781.320007324219
2640.53876984365	781.679992675781
2642.70002435649	781.799987792969
2644.86064375119	781.840026855469
2647.02062828658	781.640014648438
2649.17997822137	781.559997558594
2651.33869381413	782
2653.49677532328	782
2655.65422300711	781.840026855469
2657.81103712378	782.119995117188
2659.96721793127	782.239990234375
2662.12276568747	781.719970703125
2664.2776806501	781.880004882813
2666.43196307675	782.159973144531
2668.58561322486	781.760009765625
2670.73863135176	782.119995117188
2672.8910177146	782.080017089844
2675.04277257043	782.080017089844
2677.19389617612	782.559997558594
2679.34438878845	781.840026855469
2681.49425066402	781.760009765625
2683.64348205931	782.080017089844
2685.79208323065	781.919982910156
2687.94005443425	782.239990234375
2690.08739592617	781.52001953125
2692.23410796233	782.080017089844
2694.38019079852	781.719970703125
2696.52564469038	782.119995117188
2698.67046989342	782.159973144531
2700.81466666302	782.320007324219
2702.9582352544	782.320007324219
2705.10117592265	782.760009765625
2707.24348892275	781.960021972656
2709.3851745095	782.080017089844
2711.5262329376	781.960021972656
2713.66666446158	782.52001953125
2715.80646933585	782.200012207031
2717.94564781468	782.400024414063
2720.08420015222	782.919982910156
2722.22212660245	783
2724.35942741923	783
2726.49610285628	782.760009765625
2728.63215316721	782.599975585938
2730.76757860544	782.840026855469
2732.9023794243	782.280029296875
2735.03655587697	782.880004882813
2737.17010821648	782.679992675781
2739.30303669573	783.039978027344
2741.4353415675	782.880004882813
2743.56702308442	782.799987792969
2745.69808149898	782.559997558594
2747.82851706355	782.440002441406
2749.95833003034	782.799987792969
2752.08752065145	782.840026855469
2754.21608917883	783.280029296875
2756.3440358643	782.960021972656
2758.47136095954	782.640014648438
2760.59806471609	783.039978027344
2762.72414738537	782.640014648438
2764.84960921865	782.080017089844
2766.97445046708	782.200012207031
2769.09867138166	782.52001953125
2771.22227221326	782.719970703125
2773.34525321263	782.640014648438
2775.46761463035	782.320007324219
2777.58935671691	782.760009765625
2779.71047972262	782.919982910156
2781.83098389771	782.200012207031
2783.95086949221	782.159973144531
2786.07013675607	783.159973144531
2788.18878593908	782.599975585938
2790.3068172909	782.719970703125
2792.42423106106	782.640014648438
2794.54102749895	782.799987792969
2796.65720685384	782.840026855469
2798.77276937486	783.359985351563
2800.88771531098	782.760009765625
2803.00204491107	782.52001953125
2805.11575842387	782.640014648438
2807.22885609796	783
2809.34133818179	782.679992675781
2811.4532049237	783.359985351563
2813.56445657189	782.640014648438
2815.6750933744	783.239990234375
2817.78511557916	782.919982910156
2819.89452343398	782.52001953125
2822.00331718652	783.559997558594
2824.11149708429	783.52001953125
2826.2190633747	783.440002441406
2828.32601630502	783.47998046875
2830.43235612237	783.919982910156
2832.53808307375	784.400024414063
2834.64319740603	784.840026855469
2836.74769936595	785.080017089844
2838.85158920011	785.200012207031
2840.95486715497	785.960021972656
2843.05753347689	786
2845.15958841206	786.440002441406
2847.26103220657	787.719970703125
2849.36186510636	788.359985351563
2851.46208735724	788.599975585938
2853.56169920488	788.960021972656
2855.66070089485	789.400024414063
2857.75909267257	790.679992675781
2859.85687478332	790.599975585938
2861.95404747225	791.239990234375
2864.05061098439	791.799987792969
2866.14656556464	793.159973144531
2868.24191145777	793.599975585938
2870.3366489084	792.320007324219
2872.43077816104	794.47998046875
2874.52429946006	795.52001953125
2876.61721304971	796.679992675781
2878.70951917409	795.719970703125
2880.8012180772	794.679992675781
2882.89231000287	795.200012207031
2884.98279519483	796.039978027344
2887.07267389667	795
2889.16194635186	796.119995117188
2891.25061280373	797.280029296875
2893.33867349546	796.159973144531
2895.42612867015	797.320007324219
2897.51297857074	796.960021972656
2899.59922344003	797.280029296875
2901.68486352071	797.559997558594
2903.76989905533	798.760009765625
2905.85433028632	800.599975585938
2907.93815745598	801.52001953125
2910.02138080648	801.159973144531
2912.10400057985	800.760009765625
2914.186017018	800.840026855469
2916.26743036271	801.799987792969
2918.34824085563	801.960021972656
2920.4284487383	803.719970703125
2922.5080542521	803.200012207031
2924.58705763829	805.200012207031
2926.66545913802	805.840026855469
2928.74325899231	805.440002441406
2930.82045744202	805.599975585938
2932.89705472792	805.280029296875
2934.97305109062	806.159973144531
2937.04844677063	807.840026855469
2939.12324200832	806.039978027344
2941.19743704393	806.960021972656
2943.27103211757	806.679992675781
2945.34402746923	804.679992675781
2947.41642333876	802.640014648438
2949.48821996592	802.640014648438
2951.55941759028	802.239990234375
2953.63001645135	801.119995117188
2955.70001678845	800.840026855469
2957.76941884083	799.960021972656
2959.83822284757	801.280029296875
2961.90642904764	799.320007324219
2963.97403767988	799.080017089844
2966.04104898302	800.119995117188
2968.10746319565	798.640014648438
2970.17328055621	796.919982910156
2972.23850130305	797.799987792969
2974.30312567438	797.599975585938
2976.36715390829	797.599975585938
2978.43058624273	798.719970703125
2980.49342291553	797.200012207031
2982.55566416439	796.719970703125
2984.61731022691	796.919982910156
2986.67836134051	796.239990234375
2988.73881774255	796.840026855469
2990.79867967021	795.52001953125
2992.85794736058	794.799987792969
2994.9166210506	793.880004882813
2996.97470097711	793.200012207031
2999.03218737679	793.359985351563
3001.08908048622	793.200012207031
3003.14538054186	792.880004882813
3005.20108778002	793.880004882813
3007.25620243691	792.440002441406
3009.3107247486	793.640014648438
3011.36465495104	793.039978027344
3013.41799328004	791.039978027344
3015.47073997133	792.440002441406
3017.52289526045	792.640014648438
3019.57445938288	791.840026855469
3021.62543257393	793.039978027344
3023.6758150688	792.400024414063
3025.72560710258	791.679992675781
3027.77480891021	791.47998046875
3029.82342072652	792.080017089844
3031.87144278622	792.840026855469
3033.91887532389	794.200012207031
3035.96571857399	793.239990234375
3038.01197277084	794.599975585938
3040.05763814867	793.320007324219
3042.10271494154	792.559997558594
3044.14720338344	793.840026855469
3046.19110370818	794.840026855469
3048.2344161495	794.559997558594
3050.27714094097	794.080017089844
3052.31927831608	795.599975585938
3054.36082850816	796.960021972656
3056.40179175044	797.039978027344
3058.44216827602	796.400024414063
3060.48195831786	795.599975585938
3062.52116210884	795.679992675781
3064.55977988167	796.559997558594
3066.59781186897	797.47998046875
3068.63525830322	797.119995117188
3070.67211941678	799.52001953125
3072.7083954419	797.919982910156
3074.7440866107	797.760009765625
3076.77919315516	798.280029296875
3078.81371530716	798
3080.84765329846	799.760009765625
3082.88100736068	798.159973144531
3084.91377772534	798.640014648438
3086.94596462381	799.280029296875
3088.97756828737	799.679992675781
3091.00858894714	799.919982910156
3093.03902683417	799.359985351563
3095.06888217933	799.799987792969
3097.09815521342	800.960021972656
3099.12684616709	801.719970703125
3101.15495527087	802.719970703125
3103.18248275518	801
3105.20942885031	801.919982910156
3107.23579378642	802.599975585938
3109.26157779358	804.320007324219
3111.28678110171	804.760009765625
3113.31140394062	804.400024414063
3115.33544654	804.760009765625
3117.35890912942	805.080017089844
3119.38179193832	806
3121.40409519602	806.840026855469
3123.42581913174	807.239990234375
3125.44696397457	806.640014648438
3127.46752995345	807.960021972656
3129.48751729725	808.400024414063
3131.50692623469	808.919982910156
3133.52575699436	808.440002441406
3135.54400980476	810
3137.56168489425	811.599975585938
3139.57878249108	812.320007324219
3141.59530282337	811.239990234375
3143.61124611913	811.400024414063
3145.62661260624	811.719970703125
3147.64140251247	811.559997558594
3149.65561606547	811.440002441406
3151.66925349277	813.359985351563
3153.68231502177	812.919982910156
3155.69480087977	813
3157.70671129394	816.47998046875
3159.71804649132	817.52001953125
3161.72880669886	816.359985351563
3163.73899214336	814.559997558594
3165.74860305152	817.080017089844
3167.75763964991	817.719970703125
3169.766102165	818.880004882813
3171.77399082313	821.039978027344
3173.7813058505	817.039978027344
3175.78804747323	817.239990234375
3177.79421591731	817.719970703125
3179.79981140859	820.919982910156
3181.80483417282	820.559997558594
3183.80928443564	822.039978027344
3185.81316242255	821.919982910156
3187.81646835896	820.320007324219
3189.81920247013	821.359985351563
3191.82136498122	823.880004882813
3193.82295611727	825.52001953125
3195.82397610321	823.719970703125
3197.82442516385	824.559997558594
3199.82430352386	824.159973144531
3201.82361140782	827.47998046875
3203.82234904018	828.640014648438
3205.82051664529	824.080017089844
3207.81811444735	825.47998046875
3209.81514267047	826.200012207031
3211.81160153863	826.599975585938
3213.80749127571	825.440002441406
3215.80281210545	824.640014648438
3217.79756425148	827.239990234375
3219.79174793733	826.960021972656
3221.7853633864	825.719970703125
3223.77841082196	827.679992675781
3225.77089046719	830.119995117188
3227.76280254513	829.760009765625
3229.75414727873	828.719970703125
3231.74492489081	831.47998046875
3233.73513560406	829.599975585938
3235.72477964107	829.52001953125
3237.71385722431	828.559997558594
3239.70236857614	831.080017089844
3241.6903139188	827.400024414063
3243.6776934744	828.280029296875
3245.66450746496	828.719970703125
3247.65075611237	826.200012207031
3249.63643963841	826.200012207031
3251.62155826472	828.080017089844
3253.60611221287	827.47998046875
3255.59010170428	829.320007324219
3257.57352696026	831.280029296875
3259.55638820202	830.400024414063
3261.53868565064	832.119995117188
3263.52041952708	834.119995117188
3265.50159005221	833.760009765625
3267.48219744676	828.919982910156
3269.46224193136	827.440002441406
3271.44172372651	831.719970703125
3273.42064305262	831.119995117188
3275.39900012996	831
3277.3767951787	829
3279.35402841889	827.760009765625
3281.33070007047	830.52001953125
3283.30681035326	830.599975585938
3285.28235948698	830.119995117188
3287.25734769121	830.47998046875
3289.23177518544	834.440002441406
3291.20564218903	832.320007324219
3293.17894892124	831.440002441406
3295.1516956012	829.919982910156
3297.12388244795	827.239990234375
3299.09550968039	827.760009765625
3301.06657751732	830.400024414063
3303.03708617743	831.320007324219
3305.00703587929	834.440002441406
3306.97642684135	835.200012207031
3308.94525928196	828.039978027344
3310.91353341935	828.280029296875
3312.88124947164	831.119995117188
3314.84840765683	828.559997558594
3316.81500819282	826.719970703125
3318.78105129738	828.080017089844
3320.74653718818	829.400024414063
3322.71146608278	827.559997558594
3324.67583819861	829.119995117188
3326.639653753	830.159973144531
3328.60291296317	830.239990234375
3330.56561604621	830.359985351563
3332.52776321913	832.320007324219
3334.4893546988	832.239990234375
3336.45039070198	831.559997558594
3338.41087144533	827.239990234375
3340.37079714539	827.320007324219
3342.33016801859	825.799987792969
3344.28898428124	826.52001953125
3346.24724614955	831.039978027344
3348.20495383962	830.359985351563
3350.16210756742	825.799987792969
3352.11870754883	829.799987792969
3354.07475399961	827.679992675781
3356.03024713539	827.239990234375
3357.98518717173	827.799987792969
3359.93957432403	831.239990234375
3361.89340880761	829.840026855469
3363.84669083768	828.159973144531
3365.79942062933	828.559997558594
3367.75159839753	828.919982910156
3369.70322435715	830.679992675781
3371.65429872295	831.440002441406
3373.60482170957	832.47998046875
3375.55479353155	834.400024414063
3377.50421440332	831.719970703125
3379.45308453918	830.52001953125
3381.40140415335	829.320007324219
3383.34917345991	829.640014648438
3385.29639267284	829.239990234375
3387.24306200602	829.200012207031
3389.18918167321	828.039978027344
3391.13475188806	831.640014648438
3393.07977286411	831.760009765625
3395.02424481479	834.760009765625
3396.96816795342	834.679992675781
3398.91154249322	832.320007324219
3400.85436864728	832.52001953125
3402.79664662859	831.080017089844
3404.73837665004	830.640014648438
3406.67955892439	829.400024414063
3408.62019366432	830.119995117188
3410.56028108236	831.880004882813
3412.49982139096	834.039978027344
3414.43881480247	834.400024414063
3416.37726152909	835.440002441406
3418.31516178295	833.840026855469
3420.25251577605	832.599975585938
3422.18932372029	831.239990234375
3424.12558582746	831.359985351563
3426.06130230922	833.559997558594
3427.99647337717	831.159973144531
3429.93109924274	829.200012207031
3431.8651801173	829.159973144531
3433.79871621209	829.799987792969
3435.73170773824	830.280029296875
3437.66415490678	831.799987792969
3439.59605792862	828.280029296875
3441.52741701458	828.640014648438
3443.45823237536	827.919982910156
3445.38850422154	827.47998046875
3447.31823276362	829.599975585938
3449.24741821196	830.400024414063
3451.17606077684	829.52001953125
3453.10416066842	828.52001953125
3455.03171809674	829.320007324219
3456.95873327175	826.52001953125
3458.88520640329	826.559997558594
3460.81113770109	826.679992675781
3462.73652737477	824.440002441406
3464.66137563383	824.880004882813
3466.58568268769	824.320007324219
3468.50944874565	824.320007324219
3470.43267401689	824
3472.3553587105	823.159973144531
3474.27750303545	821.280029296875
3476.19910720062	820.440002441406
3478.12017141476	823.559997558594
3480.04069588654	825.640014648438
3481.9606808245	825.320007324219
3483.88012643707	824.039978027344
3485.79903293259	821.559997558594
3487.7174005193	820.239990234375
3489.63522940532	817.080017089844
3491.55251979864	815.559997558594
3493.46927190719	816.039978027344
3495.38548593877	815.880004882813
3497.30116210107	817.880004882813
3499.21630060167	819.080017089844
3501.13090164807	816.559997558594
3503.04496544763	815.719970703125
3504.95849220763	815.320007324219
3506.87148213523	816.599975585938
3508.78393543748	814.799987792969
3510.69585232134	815.640014648438
3512.60723299365	815.200012207031
3514.51807766116	815.080017089844
3516.42838653049	815.440002441406
3518.33815980819	812.359985351563
3520.24739770066	810.47998046875
3522.15610041423	809.960021972656
3524.06426815511	810
3525.9719011294	811.880004882813
3527.87899954311	813.080017089844
3529.78556360213	811.960021972656
3531.69159351225	811.039978027344
3533.59708947916	811.960021972656
3535.50205170844	810.640014648438
3537.40648040556	809.719970703125
3539.3103757759	806.679992675781
3541.21373802472	805.359985351563
3543.11656735717	804.679992675781
3545.01886397833	804.239990234375
3546.92062809313	806.320007324219
3548.82185990643	806.719970703125
3550.72255962297	805.960021972656
3552.62272744738	806
3554.5223635842	805.200012207031
3556.42146823786	803.840026855469
3558.32004161268	803.119995117188
3560.21808391289	803.159973144531
3562.11559534259	803.559997558594
3564.01257610581	801.799987792969
3565.90902640645	802.200012207031
3567.80494644831	802.960021972656
3569.7003364351	803.080017089844
3571.59519657042	801.559997558594
3573.48952705774	799.200012207031
3575.38332810048	800.599975585938
3577.27659990191	801.119995117188
3579.16934266521	799.719970703125
3581.06155659346	800.200012207031
3582.95324188965	799.760009765625
3584.84439875663	798.799987792969
3586.73502739718	797.47998046875
3588.62512801397	798.799987792969
3590.51470080955	799.039978027344
3592.40374598639	798.840026855469
3594.29226374685	798.52001953125
3596.18025429317	798.599975585938
3598.06771782751	797.679992675781
3599.95465455192	797.119995117188
3601.84106466834	796.559997558594
3603.72694837861	797
3605.61230588447	797
3607.49713738756	797.359985351563
3609.38144308942	797.760009765625
3611.26522319148	796.640014648438
3613.14847789506	795
3615.0312074014	794.799987792969
3616.91341191162	794
3618.79509162674	793
3620.67624674769	793.440002441406
3622.55687747528	793.119995117188
3624.43698401024	793.320007324219
3626.31656655317	793.52001953125
3628.1956253046	793.039978027344
3630.07416046492	793.200012207031
3631.95217223446	792.52001953125
3633.82966081342	792.280029296875
3635.70662640191	791.599975585938
3637.58306919993	791.719970703125
3639.45898940739	791.159973144531
3641.33438722409	791.280029296875
3643.20926284973	791.159973144531
3645.08361648392	790.559997558594
3646.95744832614	789.640014648438
3648.8307585758	790
3650.7035474322	789.960021972656
3652.57581509452	790.119995117188
3654.44756176188	788.919982910156
3656.31878763324	788.320007324219
3658.18949290753	788.119995117188
3660.05967778352	787.559997558594
3661.9293424599	787.47998046875
3663.79848713527	788.960021972656
3665.66711200812	787.880004882813
3667.53521727684	787.400024414063
3669.40280313972	787.559997558594
3671.26986979494	786.400024414063
3673.13641744059	785.080017089844
3675.00244627468	786.039978027344
