-140.373595351881	779.080017089844
-137.335129063906	779.200012207031
-134.297686810867	779.280029296875
-131.261268103955	779.119995117188
-128.225872454677	779.719970703125
-125.191499374839	779.440002441406
-122.158148376567	779.320007324219
-119.125818972292	779.440002441406
-116.094510674759	779.440002441406
-113.064222997021	779.080017089844
-110.034955452443	779.359985351563
-107.006707554687	778.880004882813
-103.979478817741	779.239990234375
-100.95326875589	779.320007324219
-97.928076883731	779.47998046875
-94.9039027161698	779.47998046875
-91.8807457684175	779.320007324219
-88.8586055560018	779.320007324219
-85.8374815947384	779.52001953125
-82.8173734007715	778.960021972656
-79.7982804905411	779.239990234375
-76.7802023807988	779.039978027344
-73.7631385885914	778.880004882813
-70.7470886312892	779.080017089844
-67.732052026553	779.039978027344
-64.7180282923587	779.239990234375
-61.7050169469884	779.320007324219
-58.6930175090183	779.320007324219
-55.6820294973386	779.440002441406
-52.6720524311495	779.119995117188
-49.66308582994	779.280029296875
-46.6551292135171	779
-43.6481821019882	779.359985351563
-40.6422440157577	779.52001953125
-37.6373144755424	779.559997558594
-34.6333930023594	778.840026855469
-31.630479117526	778.840026855469
-28.6285723426709	779
-25.6276721997107	779.719970703125
-22.6277782108771	779.599975585938
-19.628889898701	779.840026855469
-16.6310067860081	780.880004882813
-13.6341283959385	782.760009765625
-10.6382542519231	798.679992675781
-7.64338387769432	841.640014648438
-4.64951679729502	859.599975585938
-1.65665253506141	844.799987792969
1.33520938438089	801.359985351563
4.32606943608095	781.400024414063
7.315928094803	779.919982910156
10.3047858350146	779.52001953125
13.2926431308747	779.799987792969
16.2795004562541	779.280029296875
19.2653582847118	779.320007324219
22.2502170895187	779.080017089844
25.2340773436344	779.400024414063
28.216939519735	779.320007324219
31.1988040901939	778.880004882813
34.1796715270814	779.080017089844
37.1595423021732	779.599975585938
40.1384168869468	779.200012207031
43.1162957525854	779.119995117188
46.0931793699786	779.320007324219
49.0690682097059	778.52001953125
52.0439627420619	779.320007324219
55.0178634370476	779.200012207031
57.9907707643592	779.159973144531
60.9626851933962	779.440002441406
63.9336071932735	779.599975585938
66.9035372328018	779.080017089844
69.8724757804959	779.239990234375
72.8404233045826	778.960021972656
75.8073802729932	779.440002441406
78.7733471533597	779.52001953125
81.738324413019	779.080017089844
84.702312519025	779.119995117188
87.665311938125	778.880004882813
90.6273231367761	778.880004882813
93.5883465811569	779.719970703125
96.5483827371242	779.039978027344
99.5074320702731	779.400024414063
102.465495045889	778.960021972656
105.422572128961	779.320007324219
108.378663784199	779.47998046875
111.333770476014	779.159973144531
114.287892668528	779.359985351563
117.24103082557	778.719970703125
120.193185410674	779.599975585938
123.144356887097	779.760009765625
126.094545717786	780.159973144531
129.043752365413	780.47998046875
131.991977292355	780.640014648438
134.939220960695	780.640014648438
137.885483832232	781.320007324219
140.83076636847	781.799987792969
143.775069030632	782.679992675781
146.718392279644	783
149.660736576149	783.200012207031
152.602102380488	784
155.54249015274	784.280029296875
158.481900352672	785
161.420333439765	785.599975585938
164.357789873227	786.719970703125
167.294270111968	786.760009765625
170.229774614617	787.799987792969
173.164303839496	788.47998046875
176.097858244675	788.960021972656
179.030438287908	789.919982910156
181.962044426678	790.280029296875
184.89267711817	792.47998046875
187.822336819302	791.960021972656
190.751023986678	792.52001953125
193.678739076648	793.679992675781
196.605482545255	793.359985351563
199.531254848261	793.239990234375
202.456056441152	793.440002441406
205.379887779119	793.400024414063
208.30274931708	792.960021972656
211.224641509656	794
214.145564811189	793.200012207031
217.06551967574	793.52001953125
219.984506557089	793.119995117188
222.902525908723	791.799987792969
225.819578183856	793.679992675781
228.735663835415	793.47998046875
231.650783316047	791.960021972656
234.564937078107	792.880004882813
237.478125573679	792.47998046875
240.390349254566	792.719970703125
243.301608572278	792.52001953125
246.211903978051	793
249.121235922839	793.400024414063
252.029604857321	795.239990234375
254.93701123188	795.640014648438
257.843455496632	795.960021972656
260.748938101415	795.47998046875
263.653459495766	796.200012207031
266.557020128967	796.919982910156
269.459620450005	797.840026855469
272.361260907595	798.119995117188
275.261941950168	797.960021972656
278.161664025874	797.400024414063
281.060427582592	798.039978027344
283.958233067921	798.239990234375
286.855080929176	798.239990234375
289.750971613398	797.919982910156
292.645905567344	798.039978027344
295.539883237503	797.599975585938
298.432905070079	797.47998046875
301.324971511007	797.719970703125
304.216083005931	798.880004882813
307.10624000023	802.960021972656
309.995442939003	807.359985351563
312.883692267071	818.799987792969
315.770988428979	833.640014648438
318.657331869	844.559997558594
321.542723031127	840.960021972656
324.427162359076	829.640014648438
327.310650296293	815.080017089844
330.193187285945	806.440002441406
333.074773770929	802.080017089844
335.955410193855	799.239990234375
338.835096997075	796.880004882813
341.713834622655	796.400024414063
344.59162351239	796.280029296875
347.468464107802	796.039978027344
350.344356850137	795.320007324219
353.219302180373	794.47998046875
356.093300539208	793.840026855469
358.966352367073	793.640014648438
361.838458104123	793.679992675781
364.70961819024	793.320007324219
367.579833065031	792.960021972656
370.449103167837	793.159973144531
373.317428937727	793.919982910156
376.184810813496	794
379.051249233659	793.840026855469
381.916744636474	794.359985351563
384.78129745992	793.440002441406
387.644908141706	793.119995117188
390.50757711927	793.799987792969
393.36930482978	793.559997558594
396.23009171014	792.719970703125
399.089938196969	792.679992675781
401.948844726631	794.400024414063
404.806811735214	793.719970703125
407.66383965853	792.719970703125
410.519928932138	793.960021972656
413.375079991314	793.239990234375
416.229293271071	793.599975585938
419.082569206155	793.159973144531
421.934908231031	792.239990234375
424.786310779917	793.119995117188
427.636777286748	792.760009765625
430.486308185189	793.559997558594
433.334903908649	792.760009765625
436.182564890262	793.47998046875
439.029291562898	793.359985351563
441.875084359157	794.080017089844
444.719943711374	792.880004882813
447.563870051618	792.320007324219
450.406863811695	793.159973144531
453.248925423132	792.080017089844
456.090055317208	793.039978027344
458.93025392492	792.280029296875
461.76952167701	791.919982910156
464.60785900395	792.320007324219
467.44526633595	792.559997558594
470.281744102955	792.080017089844
473.117292734635	791.919982910156
475.951912660415	792
478.785604309439	792.119995117188
481.618368110592	792.880004882813
484.450204492499	791.799987792969
487.281113883518	792.119995117188
490.111096711738	792
492.940153404999	792.679992675781
495.768284390864	792.52001953125
498.595490096635	792.599975585938
501.421770949366	793.280029296875
504.247127375825	792.719970703125
507.071559802537	793.400024414063
509.89506865575	793.159973144531
512.717654361473	792.440002441406
515.539317345424	792.080017089844
518.360058033083	792.799987792969
521.179876849652	792.440002441406
523.998774220083	792.840026855469
526.816750569068	793
529.633806321025	792.52001953125
532.44994190013	791.440002441406
535.265157730284	792
538.079454235133	791.559997558594
540.892831838066	792.440002441406
543.705290962208	792.559997558594
546.516832030424	792.760009765625
549.32745546533	792.239990234375
552.137161689268	792.239990234375
554.945951124325	792.119995117188
557.753824192341	791.719970703125
560.560781314883	792.919982910156
563.36682291327	792.239990234375
566.171949408555	791.280029296875
568.976161221537	792.239990234375
571.779458772759	793.52001953125
574.5818424825	792.47998046875
577.383312770792	792
580.183870057402	792.200012207031
582.983514761843	791.799987792969
585.782247303363	792.239990234375
588.580068100976	791.599975585938
591.376977573414	791.440002441406
594.172976139164	791.239990234375
596.968064216463	792.080017089844
599.762242223282	791.840026855469
602.555510577335	791.960021972656
605.347869696099	791.200012207031
608.139319996771	791
610.929861896313	790.719970703125
613.719495811421	791.039978027344
616.508222158541	792.039978027344
619.296041353863	791.960021972656
622.082953813324	792.47998046875
624.868959952607	791.359985351563
627.654060187137	791.400024414063
630.438254932094	790.880004882813
633.221544602397	790.359985351563
636.003929612719	791.119995117188
638.785410377468	791.359985351563
641.565987310814	791.47998046875
644.345660826665	791.159973144531
647.124431338674	791.760009765625
649.902299260252	790.840026855469
652.679265004552	791
655.455328984475	791.200012207031
658.230491612671	791.760009765625
661.004753301541	791.52001953125
663.778114463229	791.559997558594
666.550575509631	791.679992675781
669.322136852395	791.960021972656
672.092798902916	791.119995117188
674.862562072336	791.559997558594
677.631426771548	792.119995117188
680.399393411204	791.200012207031
683.166462401689	790.760009765625
685.93263415315	790.52001953125
688.697909075486	791.359985351563
691.462287578337	791.599975585938
694.225770071098	790.320007324219
696.988356962926	791.47998046875
699.750048662705	790.039978027344
702.5108455791	790.880004882813
705.270748120503	791.159973144531
708.029756695068	792.080017089844
710.787871710705	792.119995117188
713.545093575065	791.919982910156
716.301422695566	791.52001953125
719.056859479364	792.200012207031
721.811404333376	792.47998046875
724.56505766427	791.799987792969
727.317819878473	790.880004882813
730.069691382148	791.400024414063
732.820672581226	791.559997558594
735.570763881396	791.679992675781
738.319965688092	791.640014648438
741.068278406496	791.840026855469
743.815702441559	791.799987792969
746.562238197974	792.320007324219
749.307886080196	792.080017089844
752.052646492436	792.640014648438
754.796519838656	793.039978027344
757.539506522567	791.679992675781
760.28160694765	792.679992675781
763.022821517128	792.599975585938
765.76315063399	791.840026855469
768.502594700972	791.239990234375
771.241154120572	791.760009765625
773.978829295045	791.599975585938
776.715620626397	791.919982910156
779.451528516396	793.840026855469
782.186553366565	793.320007324219
784.920695578179	793.280029296875
787.653955552283	793.599975585938
790.386333689662	793.119995117188
793.117830390877	792.119995117188
795.848446056227	791.47998046875
798.578181085792	791.440002441406
801.307035879389	792.52001953125
804.035010836599	792
806.762106356774	792
809.488322839013	791.239990234375
812.213660682169	791.320007324219
814.938120284866	791.359985351563
817.661702045482	791.52001953125
820.384406362153	791.320007324219
823.10623363278	790.960021972656
825.827184255014	791.960021972656
828.547258626283	792
831.266457143747	791.280029296875
833.984780204358	791.52001953125
836.702228204804	790.440002441406
839.418801541552	791.359985351563
842.134500610814	791
844.849325808575	791.280029296875
847.563277530579	791.679992675781
850.276356172319	792.599975585938
852.988562129066	792.880004882813
855.69989579585	792.760009765625
858.410357567456	792.359985351563
861.119947838428	791.359985351563
863.828667003087	790.640014648438
866.536515455503	790.200012207031
869.243493589517	790.400024414063
871.949601798728	790.919982910156
874.654840476504	791.239990234375
877.359210015961	790.960021972656
880.062710810003	791.280029296875
882.765343251273	791.559997558594
885.467107732191	791.359985351563
888.168004644938	791.679992675781
890.868034381467	790.880004882813
893.567197333476	791.599975585938
896.265493892445	791.320007324219
898.962924449614	792.119995117188
901.659489395985	790.960021972656
904.355189122325	791.200012207031
907.050024019165	790.719970703125
909.743994476809	791.47998046875
912.437100885322	790.640014648438
915.129343634532	791.039978027344
917.820723114032	791.039978027344
920.511239713189	791.919982910156
923.200893821127	791.239990234375
925.889685826744	791.719970703125
928.577616118699	791.880004882813
931.264685085419	792.159973144531
933.950893115098	791.400024414063
936.6362405957	791.280029296875
939.320727914956	791.880004882813
942.004355460359	792.039978027344
944.687123619173	790.599975585938
947.369032778431	791.840026855469
950.050083324934	791.640014648438
952.730275645247	791.640014648438
955.409610125711	791.239990234375
958.088087152423	791.799987792969
960.765707111263	792
963.442470387871	791.679992675781
966.118377367657	792
968.793428435798	791.320007324219
971.467623977254	791.52001953125
974.140964376739	790.760009765625
976.813450018737	791.52001953125
979.485081287511	791.400024414063
982.155858567087	792
984.825782241271	790.960021972656
987.494852693624	792.200012207031
990.163070307487	791.400024414063
992.830435465978	792.280029296875
995.496948551973	791.919982910156
998.162609948122	792.640014648438
1000.82742003685	795.080017089844
1003.49137920036	794.919982910156
1006.15448782061	793.320007324219
1008.81674627934	792.359985351563
1011.47815495806	791
1014.13871423805	791.559997558594
1016.79842450037	790.599975585938
1019.45728612586	790.960021972656
1022.11529949509	790.159973144531
1024.77246498846	790.880004882813
1027.4287829861	791.280029296875
1030.08425386792	791.52001953125
1032.73887801363	791.47998046875
1035.3926558027	791.119995117188
1038.04558761435	791.239990234375
1040.69767382761	791
1043.34891482125	790.400024414063
1045.99931097384	790.47998046875
1048.64886266371	791.080017089844
1051.29757026898	790.880004882813
1053.94543416753	790.919982910156
1056.59245473701	791.239990234375
1059.23863235486	791.200012207031
1061.8839673983	791.599975585938
1064.5284602443	791.760009765625
1067.17211126962	790.919982910156
1069.8149208508	791.880004882813
1072.45688936415	791.47998046875
1075.09801718577	791.52001953125
1077.7383046915	791.679992675781
1080.377752257	791.679992675781
1083.01636025767	792.799987792969
1085.65412906872	792.320007324219
1088.2910590651	791.679992675781
1090.92715062157	791.919982910156
1093.56240411266	792.239990234375
1096.19681991265	792.919982910156
1098.83039839564	792.52001953125
1101.46313993547	792.159973144531
1104.09504490579	791.400024414063
1106.72611368	791
1109.35634663129	790.719970703125
1111.98574413263	789.760009765625
1114.61430655677	790.840026855469
1117.24203427624	790.919982910156
1119.86892766333	789.919982910156
1122.49498709014	790.599975585938
1125.12021292851	791.200012207031
1127.74460555011	792.239990234375
1130.36816532634	790.919982910156
1132.99089262841	790.799987792969
1135.6127878273	789.919982910156
1138.23385129376	788.52001953125
1140.85408339834	788.400024414063
1143.47348451137	789
1146.09205500294	788.760009765625
1148.70979524293	788.640014648438
1151.326705601	789.200012207031
1153.9427864466	789.239990234375
1156.55803814896	790.359985351563
1159.17246107707	789.440002441406
1161.78605559974	789.080017089844
1164.39882208551	789.679992675781
1167.01076090276	789.960021972656
1169.6218724196	790.039978027344
1172.23215700396	790.880004882813
1174.84161502352	790.119995117188
1177.45024684578	788.919982910156
1180.05805283799	790.280029296875
1182.66503336719	790.320007324219
1185.27118880021	789.559997558594
1187.87651950367	789.880004882813
1190.48102584395	788.359985351563
1193.08470818723	789.52001953125
1195.68756689948	789.719970703125
1198.28960234643	790.679992675781
1200.89081489363	790.400024414063
1203.49120490636	791.320007324219
1206.09077274974	791.159973144531
1208.68951878864	791.280029296875
1211.28744338773	792.320007324219
1213.88454691145	790.799987792969
1216.48082972404	791.919982910156
1219.07629218953	792
1221.6709346717	792.52001953125
1224.26475753416	792.400024414063
1226.85776114028	791.559997558594
1229.44994585322	793
1232.04131203592	793.440002441406
1234.63186005112	793.47998046875
1237.22159026133	794
1239.81050302886	794.880004882813
1242.3985987158	794.840026855469
1244.98587768402	795.760009765625
1247.5723402952	795
1250.15798691078	795
1252.74281789199	795.400024414063
1255.32683359987	795.239990234375
1257.91003439523	795.359985351563
1260.49242063865	794.52001953125
1263.07399269055	794.799987792969
1265.65475091108	794.440002441406
1268.23469566021	793.840026855469
1270.81382729769	793.440002441406
1273.39214618306	793.880004882813
1275.96965267566	794.280029296875
1278.54634713458	793.440002441406
1281.12222991875	793.679992675781
1283.69730138685	792.880004882813
1286.27156189737	794.119995117188
1288.84501180858	793.159973144531
1291.41765147853	793.52001953125
1293.98948126509	794.47998046875
1296.56050152589	794.039978027344
1299.13071261837	794.559997558594
1301.70011489973	796.200012207031
1304.268708727	794.320007324219
1306.83649445698	794.47998046875
1309.40347244625	795
1311.96964305119	795.200012207031
1314.53500662799	794.960021972656
1317.0995635326	795.840026855469
1319.66331412077	795.159973144531
1322.22625874806	794.880004882813
1324.7883977698	795.359985351563
1327.34973154112	794.799987792969
1329.91026041694	794.159973144531
1332.46998475197	793.119995117188
1335.0289049007	794.440002441406
1337.58702121746	794.47998046875
1340.14433405631	794.840026855469
1342.70084377115	794.760009765625
1345.25655071563	794.280029296875
1347.81145524323	793.440002441406
1350.36555770721	792.52001953125
1352.91885846062	792.280029296875
1355.47135785631	791.679992675781
1358.02305624691	791.760009765625
1360.57395398486	790.919982910156
1363.12405142237	791
1365.67334891148	791.559997558594
1368.22184680399	791.239990234375
1370.76954545151	791.159973144531
1373.31644520545	790
1375.86254641699	790.679992675781
1378.40784943713	790.599975585938
1380.95235461666	790.52001953125
1383.49606230615	790.320007324219
1386.03897285598	790.559997558594
1388.58108661632	791.280029296875
1391.12240393713	790.119995117188
1393.66292516818	790.320007324219
1396.20265065903	790.039978027344
1398.74158075901	790.760009765625
1401.2797158173	790.47998046875
1403.81705618282	790.200012207031
1406.35360220431	790
1408.88935423032	789.559997558594
1411.42431260919	789.799987792969
1413.95847768903	789.640014648438
1416.49184981777	790.280029296875
1419.02442934314	789.679992675781
1421.55621661266	790.760009765625
1424.08721197364	790.760009765625
1426.61741577321	789.359985351563
1429.14682835828	790.719970703125
1431.67545007555	791.880004882813
1434.20328127153	793.200012207031
1436.73032229253	793.47998046875
1439.25657348466	793.919982910156
1441.78203519381	795.760009765625
1444.3067077657	795.200012207031
1446.83059154581	795.400024414063
1449.35368687944	795.640014648438
1451.8759941117	796.559997558594
1454.39751358748	795.320007324219
1456.91824565148	794.960021972656
1459.43819064818	794.159973144531
1461.95734892189	794.119995117188
1464.4757208167	793.760009765625
1466.99330667649	792.919982910156
1469.51010684497	792.280029296875
1472.02612166564	790.960021972656
1474.54135148177	791.359985351563
1477.05579663646	791.359985351563
1479.56945747262	790.840026855469
1482.08233433293	789.880004882813
1484.59442755989	790.960021972656
1487.10573749579	789.52001953125
1489.61626448275	789.719970703125
1492.12600886264	789.359985351563
1494.63497097718	788.239990234375
1497.14315116786	787.919982910156
1499.65054977599	787.320007324219
1502.15716714267	787.080017089844
1504.66300360881	786.760009765625
1507.16805951512	786.719970703125
1509.67233520211	786.679992675781
1512.1758310101	786.679992675781
1514.67854727919	787.280029296875
1517.18048434931	786.640014648438
1519.68164256018	786.119995117188
1522.18202225132	785.599975585938
1524.68162376207	786.039978027344
1527.18044743155	785.760009765625
1529.67849359869	786.080017089844
1532.17576260224	786.52001953125
1534.67225478072	786.919982910156
1537.1679704725	786.280029296875
1539.66291001572	786.640014648438
1542.15707374832	787.080017089844
1544.65046200807	787.119995117188
1547.14307513254	786.840026855469
1549.63491345907	786.960021972656
1552.12597732485	787.080017089844
1554.61626706685	788.239990234375
1557.10578302185	787.599975585938
1559.59452552644	787.280029296875
1562.082494917	788.679992675781
1564.56969152973	788.880004882813
1567.05611570064	789.599975585938
1569.54176776552	790.159973144531
1572.02664806	790.679992675781
1574.51075691949	789.919982910156
1576.99409467921	791.080017089844
1579.4766616742	791.159973144531
1581.95845823929	791.679992675781
1584.43948470912	790.719970703125
1586.91974141815	790.47998046875
1589.39922870064	789.840026855469
1591.87794689064	789.320007324219
1594.35589632202	788.679992675781
1596.83307732848	789.320007324219
1599.30949024348	789.280029296875
1601.78513540033	790.47998046875
1604.26001313211	791.400024414063
1606.73412377175	791.119995117188
1609.20746765196	790.960021972656
1611.68004510526	791.239990234375
1614.15185646398	791.320007324219
1616.62290206026	791.52001953125
1619.09318222605	792
1621.56269729311	792.239990234375
1624.031447593	791.039978027344
1626.4994334571	790.719970703125
1628.9666552166	791.559997558594
1631.43311320248	792.080017089844
1633.89880774554	791.559997558594
1636.3637391764	792.559997558594
1638.82790782548	792.960021972656
1641.29131402301	792.880004882813
1643.75395809903	794.080017089844
1646.21584038339	794.840026855469
1648.67696120575	795.599975585938
1651.13732089558	796.359985351563
1653.59691978216	796.239990234375
1656.05575819459	795.679992675781
1658.51383646175	795.559997558594
1660.97115491238	796.119995117188
1663.42771387498	795.799987792969
1665.8835136779	795.359985351563
1668.33855464928	794.599975585938
1670.79283711708	794.119995117188
1673.24636140907	793.960021972656
1675.69912785282	792.919982910156
1678.15113677572	792.840026855469
1680.602388505	792.320007324219
1683.05288336764	791.320007324219
1685.50262169049	790.359985351563
1687.95160380019	789.280029296875
1690.39983002318	789.159973144531
1692.84730068573	788.760009765625
1695.29401611392	787.719970703125
1697.73997663364	787.719970703125
1700.18518257059	786.719970703125
1702.6296342503	786.080017089844
1705.07333199807	786.47998046875
1707.51627613907	785.119995117188
1709.95846699824	785.559997558594
1712.39990490036	785.960021972656
1714.84059017001	785.119995117188
1717.28052313159	784.799987792969
1719.7197041093	785.359985351563
1722.15813342718	784.799987792969
1724.59581140906	784.52001953125
1727.03273837859	784.599975585938
1729.46891465926	783.719970703125
1731.90434057432	783.679992675781
1734.3390164469	784.119995117188
1736.7729425999	783.559997558594
1739.20611935604	784.039978027344
1741.63854703787	784.159973144531
1744.07022596776	783.239990234375
1746.50115646787	783.679992675781
1748.93133886019	783.320007324219
1751.36077346652	783
1753.7894606085	783.440002441406
1756.21740060755	783.559997558594
1758.64459378494	783.280029296875
1761.07104046172	783.719970703125
1763.49674095879	783.359985351563
1765.92169559684	783.47998046875
1768.3459046964	782.840026855469
1770.7693685778	783.119995117188
1773.1920875612	782.400024414063
1775.61406196656	782.599975585938
1778.03529211367	782.799987792969
1780.45577832214	782.52001953125
1782.87552091138	783.52001953125
1785.29452020064	782.919982910156
1787.71277650897	782.559997558594
1790.13029015525	783.200012207031
1792.54706145817	782.47998046875
1794.96309073625	782.840026855469
1797.3783783078	782.840026855469
1799.79292449097	782.760009765625
1802.20672960375	783.159973144531
1804.61979396389	783.080017089844
1807.03211788902	782.799987792969
1809.44370169655	782.400024414063
1811.85454570373	782.400024414063
1814.2646502276	782.760009765625
1816.67401558506	782.719970703125
1819.0826420928	782.760009765625
1821.49053006734	782.47998046875
1823.89767982501	783.320007324219
1826.30409168198	782.919982910156
1828.70976595422	782.559997558594
1831.11470295753	782
1833.51890300752	782.440002441406
1835.92236641964	782.440002441406
1838.32509350914	782.400024414063
1840.72708459111	782.52001953125
1843.12833998044	782.400024414063
1845.52885999184	781.840026855469
1847.92864493987	782.440002441406
1850.32769513889	782.159973144531
1852.72601090307	782.239990234375
1855.12359254642	782.119995117188
1857.52044038278	782.359985351563
1859.91655472578	782.119995117188
1862.31193588889	781.919982910156
1864.70658418542	782.47998046875
1867.10049992847	782.799987792969
1869.49368343096	782.799987792969
1871.88613500568	783.039978027344
1874.27785496518	783.320007324219
1876.66884362188	782.400024414063
1879.059101288	782.719970703125
1881.44862827559	782.47998046875
1883.8374248965	782.559997558594
1886.22549146246	782.119995117188
1888.61282828495	782.080017089844
1890.99943567534	781.799987792969
1893.38531394477	782.599975585938
1895.77046340424	782.47998046875
1898.15488436455	782.559997558594
1900.53857713634	782.400024414063
1902.92154203006	783.080017089844
1905.303779356	782.52001953125
1907.68528942426	782.840026855469
1910.06607254477	782.559997558594
1912.44612902729	782.280029296875
1914.82545918139	782.599975585938
1917.20406331648	782.320007324219
1919.58194174178	782.679992675781
1921.95909476634	782.200012207031
1924.33552269905	782.080017089844
1926.71122584861	782.919982910156
1929.08620452353	782.280029296875
1931.46045903219	783
1933.83398968275	782.400024414063
1936.20679678322	782.840026855469
1938.57888064142	782.679992675781
1940.95024156502	782.320007324219
1943.3208798615	783
1945.69079583816	782.760009765625
1948.05998980213	782.47998046875
1950.42846206038	782.799987792969
1952.79621291969	783.47998046875
1955.16324268668	782.880004882813
1957.52955166778	782.799987792969
1959.89514016927	783.039978027344
1962.26000849723	782.719970703125
1964.62415695759	783.080017089844
1966.98758585609	782.599975585938
1969.3502954983	783.239990234375
1971.71228618964	782.880004882813
1974.07355823532	782.919982910156
1976.43411194042	782.679992675781
1978.79394760981	783.239990234375
1981.1530655482	783.239990234375
1983.51146606014	783
1985.86914944999	782.559997558594
1988.22611602196	782.760009765625
1990.58236608007	782.760009765625
1992.93789992817	782.880004882813
1995.29271786995	783.039978027344
1997.64682020892	782.880004882813
2000.00020724843	782.960021972656
2002.35287929162	782.799987792969
2004.70483664152	783.359985351563
2007.05607960095	782.719970703125
2009.40660847256	782.640014648438
2011.75642355884	783.119995117188
2014.1055251621	782.640014648438
2016.4539135845	783.080017089844
2018.80158912802	783.200012207031
2021.14855209444	783.200012207031
2023.49480278542	783.599975585938
2025.84034150242	782.960021972656
2028.18516854673	783.119995117188
2030.52928421948	783.359985351563
2032.87268882163	783.200012207031
2035.21538265398	783.080017089844
2037.55736601713	783.559997558594
2039.89863921153	783.159973144531
2042.23920253747	783.400024414063
2044.57905629506	783.039978027344
2046.91820078425	782.719970703125
2049.2566363048	783.359985351563
2051.59436315633	782.52001953125
2053.93138163827	783.280029296875
2056.2676920499	783.159973144531
2058.6032946903	783.280029296875
2060.93818985843	783.559997558594
2063.27237785303	783.200012207031
2065.60585897272	783.080017089844
2067.93863351592	783.320007324219
2070.27070178089	783.119995117188
2072.60206406574	783.52001953125
2074.93272066838	783.400024414063
2077.26267188658	782.840026855469
2079.59191801793	783.119995117188
2081.92045935985	783.159973144531
2084.24829620962	783.039978027344
2086.57542886431	783.52001953125
2088.90185762087	783.080017089844
2091.22758277604	783.679992675781
2093.55260462643	782.840026855469
2095.87692346845	783.239990234375
2098.20053959837	782.679992675781
2100.52345331229	783.760009765625
2102.84566490614	783.559997558594
2105.16717467567	783.599975585938
2107.48798291649	782.919982910156
2109.80808992403	783.159973144531
2112.12749599355	783.200012207031
2114.44620142016	783.080017089844
2116.7642064988	783.119995117188
2119.08151152423	783.760009765625
2121.39811679106	782.799987792969
2123.71402259374	783.880004882813
2126.02922922653	783.119995117188
2128.34373698356	783.280029296875
2130.65754615876	783.239990234375
2132.97065704594	783.039978027344
2135.28306993869	783.359985351563
2137.59478513047	783.359985351563
2139.90580291459	783.440002441406
2142.21612358416	783.840026855469
2144.52574743214	783.239990234375
2146.83467475134	783.159973144531
2149.1429058344	783.400024414063
2151.45044097377	783.840026855469
2153.75728046178	783.440002441406
2156.06342459057	783.400024414063
2158.36887365212	783.47998046875
2160.67362793825	783.559997558594
2162.97768774061	783.719970703125
2165.28105335071	783.799987792969
2167.58372505987	783.159973144531
2169.88570315926	783.200012207031
2172.18698793988	782.47998046875
2174.48757969258	783.039978027344
2176.78747870805	783.320007324219
2179.08668527679	784.039978027344
2181.38519968917	783.080017089844
2183.68302223538	783.200012207031
2185.98015320547	783.599975585938
2188.27659288929	782.679992675781
2190.57234157656	783.080017089844
2192.86739955682	783.52001953125
2195.16176711948	782.760009765625
2197.45544455375	782.960021972656
2199.74843214869	783
2202.04073019322	783.400024414063
2204.33233897607	783.280029296875
2206.62325878583	782.919982910156
2208.91348991093	783.280029296875
2211.20303263961	783
2213.49188726	783.119995117188
2215.78005406001	783.080017089844
2218.06753332744	783.599975585938
2220.35432534991	783.080017089844
2222.64043041487	783.400024414063
2224.92584880964	783.559997558594
2227.21058082134	783.080017089844
2229.49462673696	782.52001953125
2231.77798684332	783
2234.06066142709	782.760009765625
2236.34265077477	783.359985351563
2238.62395517269	782.640014648438
2240.90457490706	782.960021972656
2243.18451026388	782.719970703125
2245.46376152904	783.239990234375
2247.74232898823	782.679992675781
2250.02021292701	782.47998046875
2252.29741363077	782.599975585938
2254.57393138475	783.159973144531
2256.849766474	783.47998046875
2259.12491918346	782.919982910156
2261.39938979788	782.400024414063
2263.67317860185	782.760009765625
2265.94628587983	783
2268.2187119161	782.559997558594
2270.49045699478	782.47998046875
2272.76152139985	782.719970703125
2275.03190541511	783.159973144531
2277.30160932421	782.760009765625
2279.57063341067	782.719970703125
2281.83897795781	781.880004882813
2284.10664324882	782.52001953125
2286.37362956672	782.440002441406
2288.63993719439	782.960021972656
2290.90556641454	782.960021972656
2293.17051750973	782.640014648438
2295.43479076235	782.760009765625
2297.69838645465	783
2299.96130486871	782.760009765625
2302.22354628647	782.719970703125
2304.48511098971	783.159973144531
2306.74599926003	782.760009765625
2309.00621137891	783.159973144531
2311.26574762765	783.359985351563
2313.52460828741	782.679992675781
2315.78279363917	782.640014648438
2318.04030396379	782.640014648438
2320.29713954195	782.200012207031
2322.55330065418	782.159973144531
2324.80878758085	783.239990234375
2327.06360060219	782.679992675781
2329.31773999826	782.559997558594
2331.57120604897	782.640014648438
2333.82399903409	782.760009765625
2336.0761192332	782.400024414063
2338.32756692577	782.080017089844
2340.57834239108	782.200012207031
2342.82844590827	783
2345.07787775633	782.880004882813
2347.32663821409	782.440002441406
2349.57472756023	782.919982910156
2351.82214607327	782.919982910156
2354.06889403158	782.840026855469
2356.31497171337	782.599975585938
2358.56037939672	782.159973144531
2360.80511735953	781.640014648438
2363.04918587955	782.640014648438
2365.29258523439	782.760009765625
2367.5353157015	782.840026855469
2369.77737755817	782.400024414063
2372.01877108156	782.880004882813
2374.25949654865	782.47998046875
2376.49955423629	782.080017089844
2378.73894442115	782.239990234375
2380.97766737977	782.200012207031
2383.21572338855	782.840026855469
2385.45311272369	782.760009765625
2387.68983566129	781.799987792969
2389.92589247727	782.239990234375
2392.1612834474	782.200012207031
2394.39600884731	783.080017089844
2396.63006895246	782.400024414063
2398.86346403818	782.320007324219
2401.09619437962	782.159973144531
2403.32826025182	782.200012207031
2405.55966192963	782.52001953125
2407.79039968777	782.080017089844
2410.0204738008	781.760009765625
2412.24988454313	782.559997558594
2414.47863218902	782.559997558594
2416.70671701258	783
2418.93413928778	782.080017089844
2421.16089928842	781.919982910156
2423.38699728817	782.679992675781
2425.61243356052	782.440002441406
2427.83720837884	782.440002441406
2430.06132201633	782.080017089844
2432.28477474606	782.080017089844
2434.50756684093	782.239990234375
2436.72969857371	782.440002441406
2438.95117021699	782.359985351563
2441.17198204325	782.880004882813
2443.39213432478	782.799987792969
2445.61162733376	782.559997558594
2447.83046134218	781.719970703125
2450.04863662192	782.080017089844
2452.26615344468	781.640014648438
2454.48301208203	782.440002441406
2456.69921280539	782.320007324219
2458.91475588602	781.400024414063
2461.12964159504	781.719970703125
2463.34387020342	782
2465.55744198198	782.640014648438
2467.77035720139	782.280029296875
2469.98261613217	782.679992675781
2472.1942190447	782.239990234375
2474.40516620922	782.679992675781
2476.6154578958	782.119995117188
2478.82509437436	782.559997558594
2481.03407591471	782.080017089844
2483.24240278646	782.559997558594
2485.45007525911	782.039978027344
2487.65709360202	782.239990234375
2489.86345808435	781.960021972656
2492.06916897518	782.320007324219
2494.27422654339	782.080017089844
2496.47863105774	782.47998046875
2498.68238278683	782.239990234375
2500.88548199912	782.640014648438
2503.08792896294	782.760009765625
2505.28972394643	782.080017089844
2507.49086721763	782.359985351563
2509.6913590444	782.159973144531
2511.89119969447	782.760009765625
2514.09038943543	782.599975585938
2516.2889285347	782.47998046875
2518.48681725957	782.960021972656
2520.6840558772	782.320007324219
2522.88064465456	782.239990234375
2525.07658385852	782.119995117188
2527.27187375578	781.960021972656
2529.4665146129	782.359985351563
2531.66050669629	782.52001953125
2533.85385027222	781.840026855469
2536.04654560681	782.679992675781
2538.23859296605	782.679992675781
2540.42999261577	782.679992675781
2542.62074482166	782.280029296875
2544.81084984925	782
2547.00030796395	782.599975585938
2549.18911943101	782.080017089844
2551.37728451555	782.119995117188
2553.56480348252	782.359985351563
2555.75167659675	782.559997558594
2557.93790412292	782.359985351563
2560.12348632556	782.239990234375
2562.30842346905	782.559997558594
2564.49271581764	782.52001953125
2566.67636363544	782
2568.85936718639	781.840026855469
2571.04172673431	782.039978027344
2573.22344254288	782.559997558594
2575.40451487562	782.440002441406
2577.58494399591	782.239990234375
2579.76473016699	782.280029296875
2581.94387365196	782.159973144531
2584.12237471377	782.119995117188
2586.30023361523	782.159973144531
2588.47745061901	782.47998046875
2590.65402598763	782.559997558594
2592.82995998348	782.799987792969
2595.0052528688	782.559997558594
2597.17990490568	782.359985351563
2599.35391635608	782.679992675781
2601.52728748181	782.919982910156
2603.70001854454	782.200012207031
2605.8721098058	782.320007324219
2608.04356152698	782.719970703125
2610.21437396931	782.760009765625
2612.3845473939	782.640014648438
2614.55408206173	782.400024414063
2616.72297823359	782.47998046875
2618.89123617017	782.559997558594
2621.058856132	782.679992675781
2623.22583837949	782.440002441406
2625.39218317288	782.52001953125
2627.55789077229	782.840026855469
2629.72296143769	782.200012207031
2631.88739542891	782.559997558594
2634.05119300563	782.47998046875
2636.21435442742	782.359985351563
2638.37687995367	782.359985351563
2640.53876984365	782.52001953125
2642.70002435649	782.679992675781
2644.86064375119	783
2647.02062828658	782.400024414063
2649.17997822137	783.119995117188
2651.33869381413	782.47998046875
2653.49677532328	782.919982910156
2655.65422300711	782.559997558594
2657.81103712378	782.440002441406
2659.96721793127	782.799987792969
2662.12276568747	782.799987792969
2664.2776806501	782.559997558594
2666.43196307675	782.840026855469
2668.58561322486	783.200012207031
2670.73863135176	782.880004882813
2672.8910177146	783.119995117188
2675.04277257043	782.840026855469
2677.19389617612	783.119995117188
2679.34438878845	783.080017089844
2681.49425066402	783.400024414063
2683.64348205931	783.119995117188
2685.79208323065	783.119995117188
2687.94005443425	783.080017089844
2690.08739592617	782.880004882813
2692.23410796233	783
2694.38019079852	782.679992675781
2696.52564469038	783.039978027344
2698.67046989342	782.840026855469
2700.81466666302	783.400024414063
2702.9582352544	782.960021972656
2705.10117592265	783.039978027344
2707.24348892275	783.080017089844
2709.3851745095	782.960021972656
2711.5262329376	783.039978027344
2713.66666446158	783.039978027344
2715.80646933585	783.47998046875
2717.94564781468	783.679992675781
2720.08420015222	783.760009765625
2722.22212660245	783.919982910156
2724.35942741923	784.239990234375
2726.49610285628	783.359985351563
2728.63215316721	784
2730.76757860544	784.280029296875
2732.9023794243	784.200012207031
2735.03655587697	784.239990234375
2737.17010821648	783.960021972656
2739.30303669573	784.440002441406
2741.4353415675	783.960021972656
2743.56702308442	783.960021972656
2745.69808149898	783.960021972656
2747.82851706355	783.400024414063
2749.95833003034	784
2752.08752065145	783.679992675781
2754.21608917883	783.679992675781
2756.3440358643	784.280029296875
2758.47136095954	783.880004882813
2760.59806471609	784
2762.72414738537	784.200012207031
2764.84960921865	783.52001953125
2766.97445046708	784.080017089844
2769.09867138166	784.039978027344
2771.22227221326	783.719970703125
2773.34525321263	783.960021972656
2775.46761463035	784.080017089844
2777.58935671691	783.440002441406
2779.71047972262	783.719970703125
2781.83098389771	783.359985351563
2783.95086949221	783.239990234375
2786.07013675607	783.880004882813
2788.18878593908	783.840026855469
2790.3068172909	784.320007324219
2792.42423106106	783.640014648438
2794.54102749895	783.880004882813
2796.65720685384	783.47998046875
2798.77276937486	784.119995117188
2800.88771531098	783.679992675781
2803.00204491107	783.960021972656
2805.11575842387	783.880004882813
2807.22885609796	784.320007324219
2809.34133818179	783.559997558594
2811.4532049237	784.200012207031
2813.56445657189	784.640014648438
2815.6750933744	784.760009765625
2817.78511557916	784.359985351563
2819.89452343398	784.599975585938
2822.00331718652	785.119995117188
2824.11149708429	785
2826.2190633747	785.559997558594
2828.32601630502	785.559997558594
2830.43235612237	786.200012207031
2832.53808307375	786.719970703125
2834.64319740603	787.239990234375
2836.74769936595	788.280029296875
2838.85158920011	789.359985351563
2840.95486715497	790.119995117188
2843.05753347689	791.239990234375
2845.15958841206	791.52001953125
2847.26103220657	792.840026855469
2849.36186510636	794.719970703125
2851.46208735724	793.880004882813
2853.56169920488	794.320007324219
2855.66070089485	795.159973144531
2857.75909267257	796.440002441406
2859.85687478332	796.880004882813
2861.95404747225	798.200012207031
2864.05061098439	799.359985351563
2866.14656556464	800.400024414063
2868.24191145777	800.159973144531
2870.3366489084	799.239990234375
2872.43077816104	800.799987792969
2874.52429946006	803.919982910156
2876.61721304971	804
2878.70951917409	804.559997558594
2880.8012180772	804.200012207031
2882.89231000287	804.719970703125
2884.98279519483	803.400024414063
2887.07267389667	803.799987792969
2889.16194635186	804.559997558594
2891.25061280373	805.559997558594
2893.33867349546	804.960021972656
2895.42612867015	804.679992675781
2897.51297857074	806.320007324219
2899.59922344003	805.239990234375
2901.68486352071	805.400024414063
2903.76989905533	806.880004882813
2905.85433028632	809.239990234375
2907.93815745598	809.919982910156
2910.02138080648	809.359985351563
2912.10400057985	809.52001953125
2914.186017018	809.919982910156
2916.26743036271	811.159973144531
2918.34824085563	812.719970703125
2920.4284487383	814.440002441406
2922.5080542521	812.799987792969
2924.58705763829	817
2926.66545913802	816.200012207031
2928.74325899231	816.320007324219
2930.82045744202	817.440002441406
2932.89705472792	815.239990234375
2934.97305109062	818.039978027344
2937.04844677063	818.47998046875
2939.12324200832	815.640014648438
2941.19743704393	816.640014648438
2943.27103211757	814.799987792969
2945.34402746923	813.559997558594
2947.41642333876	810.760009765625
2949.48821996592	811.359985351563
2951.55941759028	811.200012207031
2953.63001645135	809.159973144531
2955.70001678845	809.359985351563
2957.76941884083	807.799987792969
2959.83822284757	809.52001953125
2961.90642904764	808.400024414063
2963.97403767988	808.280029296875
2966.04104898302	807.280029296875
2968.10746319565	806.359985351563
2970.17328055621	804.200012207031
2972.23850130305	804.159973144531
2974.30312567438	804.039978027344
2976.36715390829	805
2978.43058624273	804.840026855469
2980.49342291553	804.559997558594
2982.55566416439	802.47998046875
2984.61731022691	803.799987792969
2986.67836134051	802.599975585938
2988.73881774255	802.200012207031
2990.79867967021	800.840026855469
2992.85794736058	799.799987792969
2994.9166210506	798.52001953125
2996.97470097711	798.919982910156
2999.03218737679	799.159973144531
3001.08908048622	798.599975585938
3003.14538054186	799.239990234375
3005.20108778002	798.840026855469
3007.25620243691	797.359985351563
3009.3107247486	797.119995117188
3011.36465495104	796.640014648438
3013.41799328004	796.52001953125
3015.47073997133	797.239990234375
3017.52289526045	796.840026855469
3019.57445938288	796.400024414063
3021.62543257393	796.880004882813
3023.6758150688	796.239990234375
3025.72560710258	797.799987792969
3027.77480891021	795.919982910156
3029.82342072652	796.960021972656
3031.87144278622	797.280029296875
3033.91887532389	798.159973144531
3035.96571857399	798.320007324219
3038.01197277084	798.599975585938
3040.05763814867	797.880004882813
3042.10271494154	798
3044.14720338344	799.719970703125
3046.19110370818	801.320007324219
3048.2344161495	799.47998046875
3050.27714094097	799.919982910156
3052.31927831608	801.400024414063
3054.36082850816	803.080017089844
3056.40179175044	802.719970703125
3058.44216827602	802.440002441406
3060.48195831786	802.239990234375
3062.52116210884	802.119995117188
3064.55977988167	802.080017089844
3066.59781186897	803.119995117188
3068.63525830322	804.039978027344
3070.67211941678	805.239990234375
3072.7083954419	803.760009765625
3074.7440866107	804.47998046875
3076.77919315516	804.119995117188
3078.81371530716	804.52001953125
3080.84765329846	805.719970703125
3082.88100736068	804.159973144531
3084.91377772534	804.280029296875
3086.94596462381	806.960021972656
3088.97756828737	806.239990234375
3091.00858894714	806.599975585938
3093.03902683417	805.52001953125
3095.06888217933	806.440002441406
3097.09815521342	808.159973144531
3099.12684616709	809.799987792969
3101.15495527087	809.119995117188
3103.18248275518	810.119995117188
3105.20942885031	811.159973144531
3107.23579378642	811.239990234375
3109.26157779358	812.039978027344
3111.28678110171	816.080017089844
3113.31140394062	813.239990234375
3115.33544654	811.799987792969
3117.35890912942	813.559997558594
3119.38179193832	815.359985351563
3121.40409519602	817.400024414063
3123.42581913174	817.559997558594
3125.44696397457	817.239990234375
3127.46752995345	816.280029296875
3129.48751729725	818.52001953125
3131.50692623469	817.719970703125
3133.52575699436	818.159973144531
3135.54400980476	821.239990234375
3137.56168489425	822.719970703125
3139.57878249108	823.080017089844
3141.59530282337	823.679992675781
3143.61124611913	821.799987792969
3145.62661260624	821.799987792969
3147.64140251247	822.640014648438
3149.65561606547	822.200012207031
3151.66925349277	822.640014648438
3153.68231502177	824.200012207031
3155.69480087977	825.239990234375
3157.70671129394	830.960021972656
3159.71804649132	829.799987792969
3161.72880669886	829.039978027344
3163.73899214336	828
3165.74860305152	830.52001953125
3167.75763964991	829.760009765625
3169.766102165	832.280029296875
3171.77399082313	834.719970703125
3173.7813058505	832.320007324219
3175.78804747323	831.239990234375
3177.79421591731	831.719970703125
3179.79981140859	833.760009765625
3181.80483417282	833.679992675781
3183.80928443564	836.400024414063
3185.81316242255	838.239990234375
3187.81646835896	833.52001953125
3189.81920247013	834.760009765625
3191.82136498122	840.640014648438
3193.82295611727	841.039978027344
3195.82397610321	840.52001953125
3197.82442516385	839.760009765625
3199.82430352386	838.719970703125
3201.82361140782	842.400024414063
3203.82234904018	844.559997558594
3205.82051664529	842
3207.81811444735	841.320007324219
3209.81514267047	842.919982910156
3211.81160153863	841.760009765625
3213.80749127571	841.960021972656
3215.80281210545	842.400024414063
3217.79756425148	845.400024414063
3219.79174793733	843.320007324219
3221.7853633864	841.039978027344
3223.77841082196	845.960021972656
3225.77089046719	846.080017089844
3227.76280254513	847.400024414063
3229.75414727873	846.159973144531
3231.74492489081	848.679992675781
3233.73513560406	848.159973144531
3235.72477964107	848.359985351563
3237.71385722431	848.919982910156
3239.70236857614	849.280029296875
3241.6903139188	844
3243.6776934744	845.679992675781
3245.66450746496	846.039978027344
3247.65075611237	845.320007324219
3249.63643963841	841.760009765625
3251.62155826472	846.159973144531
3253.60611221287	845.239990234375
3255.59010170428	849.080017089844
3257.57352696026	850.159973144531
3259.55638820202	848.039978027344
3261.53868565064	850.080017089844
3263.52041952708	853.400024414063
3265.50159005221	850.119995117188
3267.48219744676	845.119995117188
3269.46224193136	846.599975585938
3271.44172372651	850.320007324219
3273.42064305262	848.679992675781
3275.39900012996	847.159973144531
3277.3767951787	847.559997558594
3279.35402841889	845.640014648438
3281.33070007047	849.640014648438
3283.30681035326	850
3285.28235948698	849.640014648438
3287.25734769121	847.960021972656
3289.23177518544	849.679992675781
3291.20564218903	849.239990234375
3293.17894892124	849.919982910156
3295.1516956012	847.640014648438
3297.12388244795	846.840026855469
3299.09550968039	846.679992675781
3301.06657751732	845.239990234375
3303.03708617743	847.640014648438
3305.00703587929	852.280029296875
3306.97642684135	852.799987792969
3308.94525928196	845.359985351563
3310.91353341935	847.320007324219
3312.88124947164	849.400024414063
3314.84840765683	847.119995117188
3316.81500819282	844.799987792969
3318.78105129738	845.760009765625
3320.74653718818	847.400024414063
3322.71146608278	844.159973144531
3324.67583819861	847.52001953125
3326.639653753	849.039978027344
3328.60291296317	848.880004882813
3330.56561604621	849.559997558594
3332.52776321913	851.880004882813
3334.4893546988	850.799987792969
3336.45039070198	848.640014648438
3338.41087144533	846.159973144531
3340.37079714539	844.159973144531
3342.33016801859	843.200012207031
3344.28898428124	845.440002441406
3346.24724614955	848.359985351563
3348.20495383962	847.159973144531
3350.16210756742	842.719970703125
3352.11870754883	845.960021972656
3354.07475399961	842.799987792969
3356.03024713539	843.440002441406
3357.98518717173	846.919982910156
3359.93957432403	849.640014648438
3361.89340880761	850.640014648438
3363.84669083768	847.159973144531
3365.79942062933	842.200012207031
3367.75159839753	845.559997558594
3369.70322435715	848.52001953125
3371.65429872295	848.440002441406
3373.60482170957	852.400024414063
3375.55479353155	854.359985351563
3377.50421440332	850.320007324219
3379.45308453918	849.679992675781
3381.40140415335	847.799987792969
3383.34917345991	847.760009765625
3385.29639267284	848.280029296875
3387.24306200602	846.359985351563
3389.18918167321	846.640014648438
3391.13475188806	849.52001953125
3393.07977286411	852.559997558594
3395.02424481479	854.440002441406
3396.96816795342	854.200012207031
3398.91154249322	850.960021972656
3400.85436864728	851.599975585938
3402.79664662859	850.080017089844
3404.73837665004	848.960021972656
3406.67955892439	848.239990234375
3408.62019366432	848.039978027344
3410.56028108236	850.119995117188
3412.49982139096	853.200012207031
3414.43881480247	854.400024414063
3416.37726152909	854.080017089844
3418.31516178295	851.679992675781
3420.25251577605	850.919982910156
3422.18932372029	850.880004882813
3424.12558582746	850.440002441406
3426.06130230922	851.840026855469
3427.99647337717	852.919982910156
3429.93109924274	849
3431.8651801173	848.599975585938
3433.79871621209	846.599975585938
3435.73170773824	849.599975585938
3437.66415490678	849.799987792969
3439.59605792862	846.719970703125
3441.52741701458	847
3443.45823237536	846.119995117188
3445.38850422154	842.640014648438
3447.31823276362	850.039978027344
3449.24741821196	849
3451.17606077684	848.039978027344
3453.10416066842	845.760009765625
3455.03171809674	847.599975585938
3456.95873327175	843.47998046875
3458.88520640329	843.52001953125
3460.81113770109	844.52001953125
3462.73652737477	842.52001953125
3464.66137563383	841.599975585938
3466.58568268769	843.599975585938
3468.50944874565	840.719970703125
3470.43267401689	840.280029296875
3472.3553587105	842
3474.27750303545	835.559997558594
3476.19910720062	834.080017089844
3478.12017141476	840.919982910156
3480.04069588654	842.359985351563
3481.9606808245	840.239990234375
3483.88012643707	840.640014648438
3485.79903293259	835.760009765625
3487.7174005193	834.640014648438
3489.63522940532	832.719970703125
3491.55251979864	831.239990234375
3493.46927190719	831.400024414063
3495.38548593877	830.799987792969
3497.30116210107	831.47998046875
3499.21630060167	832.719970703125
3501.13090164807	830.799987792969
3503.04496544763	829.760009765625
3504.95849220763	829.359985351563
3506.87148213523	829.599975585938
3508.78393543748	829.359985351563
3510.69585232134	826.799987792969
3512.60723299365	827.919982910156
3514.51807766116	828.679992675781
3516.42838653049	829.760009765625
3518.33815980819	824.599975585938
3520.24739770066	822.719970703125
3522.15610041423	823.159973144531
3524.06426815511	821.799987792969
3525.9719011294	823.239990234375
3527.87899954311	825.440002441406
3529.78556360213	824.52001953125
3531.69159351225	822.159973144531
3533.59708947916	823.119995117188
3535.50205170844	823.559997558594
3537.40648040556	820.239990234375
3539.3103757759	817.080017089844
3541.21373802472	814.200012207031
3543.11656735717	814
3545.01886397833	813.880004882813
3546.92062809313	816
3548.82185990643	816.799987792969
3550.72255962297	816.52001953125
3552.62272744738	815.080017089844
3554.5223635842	813.679992675781
3556.42146823786	813.280029296875
3558.32004161268	812.640014648438
3560.21808391289	810.960021972656
3562.11559534259	811.239990234375
3564.01257610581	809.47998046875
3565.90902640645	811.880004882813
3567.80494644831	811.52001953125
3569.7003364351	812.559997558594
3571.59519657042	809.679992675781
3573.48952705774	808.320007324219
3575.38332810048	809.799987792969
3577.27659990191	810.599975585938
3579.16934266521	807.840026855469
3581.06155659346	808.440002441406
3582.95324188965	807.719970703125
3584.84439875663	806.760009765625
3586.73502739718	806.119995117188
3588.62512801397	806
3590.51470080955	805.039978027344
3592.40374598639	804.840026855469
3594.29226374685	805.919982910156
3596.18025429317	806.039978027344
3598.06771782751	803.919982910156
3599.95465455192	802.799987792969
3601.84106466834	803.080017089844
3603.72694837861	804.080017089844
3605.61230588447	803.760009765625
3607.49713738756	803.359985351563
3609.38144308942	803.280029296875
3611.26522319148	801.919982910156
3613.14847789506	800.760009765625
3615.0312074014	799.840026855469
3616.91341191162	800.359985351563
3618.79509162674	798.840026855469
3620.67624674769	798.159973144531
3622.55687747528	798.239990234375
3624.43698401024	799.039978027344
3626.31656655317	798.559997558594
3628.1956253046	799.359985351563
3630.07416046492	797.960021972656
3631.95217223446	796.47998046875
3633.82966081342	795.799987792969
3635.70662640191	795.400024414063
3637.58306919993	796.679992675781
3639.45898940739	796
3641.33438722409	795.599975585938
3643.20926284973	794.880004882813
3645.08361648392	794.280029296875
3646.95744832614	793.640014648438
3648.8307585758	794.039978027344
3650.7035474322	794.080017089844
3652.57581509452	793.760009765625
3654.44756176188	792.840026855469
3656.31878763324	792.359985351563
3658.18949290753	792.359985351563
3660.05967778352	789.559997558594
3661.9293424599	790.799987792969
3663.79848713527	791.280029296875
3665.66711200812	790.760009765625
3667.53521727684	790.280029296875
3669.40280313972	789.559997558594
3671.26986979494	788.840026855469
3673.13641744059	788.280029296875
3675.00244627468	787.400024414063
