-140.373595351881	779.440002441406
-137.335129063906	779.47998046875
-134.297686810867	779.119995117188
-131.261268103955	779.280029296875
-128.225872454677	779.400024414063
-125.191499374839	779.400024414063
-122.158148376567	779.47998046875
-119.125818972292	779.640014648438
-116.094510674759	779.200012207031
-113.064222997021	779.039978027344
-110.034955452443	779.119995117188
-107.006707554687	779.400024414063
-103.979478817741	779.320007324219
-100.95326875589	779.200012207031
-97.928076883731	779.47998046875
-94.9039027161698	779.640014648438
-91.8807457684175	779.280029296875
-88.8586055560018	779.200012207031
-85.8374815947384	779.760009765625
-82.8173734007715	779.239990234375
-79.7982804905411	779.400024414063
-76.7802023807988	779.159973144531
-73.7631385885914	779.679992675781
-70.7470886312892	779.359985351563
-67.732052026553	778.880004882813
-64.7180282923587	779.200012207031
-61.7050169469884	779.52001953125
-58.6930175090183	779.200012207031
-55.6820294973386	779.080017089844
-52.6720524311495	779.200012207031
-49.66308582994	779.159973144531
-46.6551292135171	779.239990234375
-43.6481821019882	779.359985351563
-40.6422440157577	779.159973144531
-37.6373144755424	779.159973144531
-34.6333930023594	779.400024414063
-31.630479117526	779.440002441406
-28.6285723426709	779.400024414063
-25.6276721997107	779.599975585938
-22.6277782108771	779.440002441406
-19.628889898701	779.280029296875
-16.6310067860081	780.080017089844
-13.6341283959385	782.280029296875
-10.6382542519231	794.679992675781
-7.64338387769432	832.760009765625
-4.64951679729502	854.119995117188
-1.65665253506141	833.559997558594
1.33520938438089	797.320007324219
4.32606943608095	780.760009765625
7.315928094803	779.880004882813
10.3047858350146	778.880004882813
13.2926431308747	779.640014648438
16.2795004562541	779.47998046875
19.2653582847118	779.200012207031
22.2502170895187	779.359985351563
25.2340773436344	779.039978027344
28.216939519735	779.200012207031
31.1988040901939	779.359985351563
34.1796715270814	779.440002441406
37.1595423021732	779.280029296875
40.1384168869468	779.440002441406
43.1162957525854	779.080017089844
46.0931793699786	779.280029296875
49.0690682097059	778.919982910156
52.0439627420619	778.880004882813
55.0178634370476	779.440002441406
57.9907707643592	779.039978027344
60.9626851933962	778.919982910156
63.9336071932735	779.400024414063
66.9035372328018	779
69.8724757804959	779.200012207031
72.8404233045826	779.119995117188
75.8073802729932	779.239990234375
78.7733471533597	779.200012207031
81.738324413019	779.52001953125
84.702312519025	779.320007324219
87.665311938125	778.919982910156
90.6273231367761	779.080017089844
93.5883465811569	779.080017089844
96.5483827371242	779.280029296875
99.5074320702731	779.52001953125
102.465495045889	779.119995117188
105.422572128961	778.960021972656
108.378663784199	779.880004882813
111.333770476014	779.559997558594
114.287892668528	779.400024414063
117.24103082557	779.280029296875
120.193185410674	779.679992675781
123.144356887097	779.880004882813
126.094545717786	779.840026855469
129.043752365413	780.760009765625
131.991977292355	781.400024414063
134.939220960695	780.840026855469
137.885483832232	781.440002441406
140.83076636847	781.200012207031
143.775069030632	782.039978027344
146.718392279644	782.52001953125
149.660736576149	782.919982910156
152.602102380488	783.559997558594
155.54249015274	784.239990234375
158.481900352672	784.52001953125
161.420333439765	785.960021972656
164.357789873227	785.799987792969
167.294270111968	787
170.229774614617	787.599975585938
173.164303839496	787.799987792969
176.097858244675	788.880004882813
179.030438287908	789.320007324219
181.962044426678	789.760009765625
184.89267711817	791
187.822336819302	790.960021972656
190.751023986678	791.559997558594
193.678739076648	791.799987792969
196.605482545255	792.47998046875
199.531254848261	793.119995117188
202.456056441152	792.039978027344
205.379887779119	792.799987792969
208.30274931708	792.799987792969
211.224641509656	792.400024414063
214.145564811189	793
217.06551967574	792.559997558594
219.984506557089	792.880004882813
222.902525908723	792.280029296875
225.819578183856	792.719970703125
228.735663835415	792
231.650783316047	792.47998046875
234.564937078107	791.760009765625
237.478125573679	792.039978027344
240.390349254566	792.719970703125
243.301608572278	792.320007324219
246.211903978051	791.719970703125
249.121235922839	793.359985351563
252.029604857321	793.559997558594
254.93701123188	794.200012207031
257.843455496632	795.239990234375
260.748938101415	795.760009765625
263.653459495766	796.880004882813
266.557020128967	795.840026855469
269.459620450005	796.52001953125
272.361260907595	797.559997558594
275.261941950168	797.119995117188
278.161664025874	796.359985351563
281.060427582592	796.960021972656
283.958233067921	797.47998046875
286.855080929176	797.159973144531
289.750971613398	796.880004882813
292.645905567344	796.47998046875
295.539883237503	796.039978027344
298.432905070079	796.47998046875
301.324971511007	797.359985351563
304.216083005931	799.719970703125
307.10624000023	803.960021972656
309.995442939003	810.200012207031
312.883692267071	821
315.770988428979	838.799987792969
318.657331869	849.200012207031
321.542723031127	848.080017089844
324.427162359076	832.640014648438
327.310650296293	818.080017089844
330.193187285945	808.599975585938
333.074773770929	802.960021972656
335.955410193855	799.440002441406
338.835096997075	797.039978027344
341.713834622655	797.200012207031
344.59162351239	795.799987792969
347.468464107802	794.679992675781
350.344356850137	793.919982910156
353.219302180373	794.359985351563
356.093300539208	793.359985351563
358.966352367073	793.280029296875
361.838458104123	793.200012207031
364.70961819024	793.200012207031
367.579833065031	792.320007324219
370.449103167837	792.239990234375
373.317428937727	792.919982910156
376.184810813496	793.039978027344
379.051249233659	792.799987792969
381.916744636474	792.599975585938
384.78129745992	792.359985351563
387.644908141706	792.799987792969
390.50757711927	793.200012207031
393.36930482978	792
396.23009171014	791.760009765625
399.089938196969	792.119995117188
401.948844726631	792.679992675781
404.806811735214	791.719970703125
407.66383965853	792.359985351563
410.519928932138	792.919982910156
413.375079991314	792.760009765625
416.229293271071	792
419.082569206155	792.239990234375
421.934908231031	791.919982910156
424.786310779917	792.359985351563
427.636777286748	792.719970703125
430.486308185189	792.440002441406
433.334903908649	792.359985351563
436.182564890262	793.440002441406
439.029291562898	792.400024414063
441.875084359157	792.880004882813
444.719943711374	792.400024414063
447.563870051618	792
450.406863811695	792
453.248925423132	791.640014648438
456.090055317208	793.440002441406
458.93025392492	792.599975585938
461.76952167701	791.960021972656
464.60785900395	791.880004882813
467.44526633595	791.719970703125
470.281744102955	792.52001953125
473.117292734635	791.719970703125
475.951912660415	790.599975585938
478.785604309439	791.880004882813
481.618368110592	791.840026855469
484.450204492499	791.52001953125
487.281113883518	791.719970703125
490.111096711738	791.679992675781
492.940153404999	791.960021972656
495.768284390864	792.080017089844
498.595490096635	792.119995117188
501.421770949366	792.400024414063
504.247127375825	792.719970703125
507.071559802537	791.840026855469
509.89506865575	792.440002441406
512.717654361473	791.359985351563
515.539317345424	792.320007324219
518.360058033083	792.239990234375
521.179876849652	792.599975585938
523.998774220083	793.239990234375
526.816750569068	791.960021972656
529.633806321025	792.760009765625
532.44994190013	791.679992675781
535.265157730284	792.440002441406
538.079454235133	791.679992675781
540.892831838066	791.239990234375
543.705290962208	791.719970703125
546.516832030424	791.640014648438
549.32745546533	792.280029296875
552.137161689268	792.080017089844
554.945951124325	790.280029296875
557.753824192341	791.599975585938
560.560781314883	791.280029296875
563.36682291327	791.640014648438
566.171949408555	791.559997558594
568.976161221537	790.880004882813
571.779458772759	790.599975585938
574.5818424825	791.960021972656
577.383312770792	791
580.183870057402	790.719970703125
582.983514761843	791.47998046875
585.782247303363	791.960021972656
588.580068100976	791.52001953125
591.376977573414	790.760009765625
594.172976139164	790.679992675781
596.968064216463	791.400024414063
599.762242223282	790.599975585938
602.555510577335	790.719970703125
605.347869696099	789.840026855469
608.139319996771	789.840026855469
610.929861896313	789.440002441406
613.719495811421	789.52001953125
616.508222158541	790.320007324219
619.296041353863	791.400024414063
622.082953813324	790.719970703125
624.868959952607	790.400024414063
627.654060187137	790.400024414063
630.438254932094	790.280029296875
633.221544602397	790.080017089844
636.003929612719	790.119995117188
638.785410377468	790.440002441406
641.565987310814	790.799987792969
644.345660826665	790
647.124431338674	790.760009765625
649.902299260252	790
652.679265004552	790.039978027344
655.455328984475	790.039978027344
658.230491612671	790.799987792969
661.004753301541	790.919982910156
663.778114463229	790.960021972656
666.550575509631	790.080017089844
669.322136852395	791.039978027344
672.092798902916	791.119995117188
674.862562072336	791.039978027344
677.631426771548	789.880004882813
680.399393411204	790.47998046875
683.166462401689	790.679992675781
685.93263415315	789.960021972656
688.697909075486	790.200012207031
691.462287578337	789.679992675781
694.225770071098	789.840026855469
696.988356962926	789.320007324219
699.750048662705	790.080017089844
702.5108455791	789.760009765625
705.270748120503	790.119995117188
708.029756695068	790.840026855469
710.787871710705	790.719970703125
713.545093575065	790.840026855469
716.301422695566	791.239990234375
719.056859479364	790.559997558594
721.811404333376	791.359985351563
724.56505766427	791.080017089844
727.317819878473	790.919982910156
730.069691382148	790.559997558594
732.820672581226	790.200012207031
735.570763881396	791
738.319965688092	789.840026855469
741.068278406496	790
743.815702441559	790.919982910156
746.562238197974	790.880004882813
749.307886080196	791.440002441406
752.052646492436	791.119995117188
754.796519838656	791.320007324219
757.539506522567	791
760.28160694765	790.719970703125
763.022821517128	790.679992675781
765.76315063399	790.359985351563
768.502594700972	790.880004882813
771.241154120572	790.440002441406
773.978829295045	791.440002441406
776.715620626397	791.840026855469
779.451528516396	792.239990234375
782.186553366565	792.119995117188
784.920695578179	792.400024414063
787.653955552283	792
790.386333689662	791.039978027344
793.117830390877	791.280029296875
795.848446056227	792.119995117188
798.578181085792	791.119995117188
801.307035879389	791.200012207031
804.035010836599	790.599975585938
806.762106356774	790.760009765625
809.488322839013	790.960021972656
812.213660682169	790.159973144531
814.938120284866	790.200012207031
817.661702045482	790.400024414063
820.384406362153	790.280029296875
823.10623363278	790.760009765625
825.827184255014	790.640014648438
828.547258626283	790.880004882813
831.266457143747	790.440002441406
833.984780204358	790.799987792969
836.702228204804	789.559997558594
839.418801541552	790.320007324219
842.134500610814	790.559997558594
844.849325808575	790.880004882813
847.563277530579	790.679992675781
850.276356172319	790.719970703125
852.988562129066	791.200012207031
855.69989579585	790.919982910156
858.410357567456	791.080017089844
861.119947838428	790.719970703125
863.828667003087	790.320007324219
866.536515455503	789.440002441406
869.243493589517	789.359985351563
871.949601798728	790.080017089844
874.654840476504	790.239990234375
877.359210015961	790.039978027344
880.062710810003	790.039978027344
882.765343251273	789.960021972656
885.467107732191	790.039978027344
888.168004644938	790.679992675781
890.868034381467	790.159973144531
893.567197333476	789.719970703125
896.265493892445	789.119995117188
898.962924449614	790.280029296875
901.659489395985	790.280029296875
904.355189122325	789.840026855469
907.050024019165	790.599975585938
909.743994476809	789.919982910156
912.437100885322	789.799987792969
915.129343634532	789.359985351563
917.820723114032	789.239990234375
920.511239713189	789.760009765625
923.200893821127	789.440002441406
925.889685826744	790.080017089844
928.577616118699	791.080017089844
931.264685085419	790.679992675781
933.950893115098	790.880004882813
936.6362405957	790.52001953125
939.320727914956	789.840026855469
942.004355460359	790.440002441406
944.687123619173	790.400024414063
947.369032778431	790.280029296875
950.050083324934	790.200012207031
952.730275645247	790.919982910156
955.409610125711	790.719970703125
958.088087152423	790.599975585938
960.765707111263	790.840026855469
963.442470387871	790.880004882813
966.118377367657	790.640014648438
968.793428435798	790.559997558594
971.467623977254	790.599975585938
974.140964376739	790.679992675781
976.813450018737	789.960021972656
979.485081287511	789.47998046875
982.155858567087	790.039978027344
984.825782241271	789.559997558594
987.494852693624	790.719970703125
990.163070307487	790.559997558594
992.830435465978	790
995.496948551973	790.320007324219
998.162609948122	791.559997558594
1000.82742003685	792.960021972656
1003.49137920036	794.239990234375
1006.15448782061	792.359985351563
1008.81674627934	789.919982910156
1011.47815495806	789.559997558594
1014.13871423805	790.080017089844
1016.79842450037	789.47998046875
1019.45728612586	789.440002441406
1022.11529949509	788.840026855469
1024.77246498846	788.840026855469
1027.4287829861	790.039978027344
1030.08425386792	790.119995117188
1032.73887801363	789.960021972656
1035.3926558027	789.960021972656
1038.04558761435	789.47998046875
1040.69767382761	789.47998046875
1043.34891482125	789.280029296875
1045.99931097384	788.960021972656
1048.64886266371	789.840026855469
1051.29757026898	788.919982910156
1053.94543416753	789.47998046875
1056.59245473701	789.799987792969
1059.23863235486	789.640014648438
1061.8839673983	789.880004882813
1064.5284602443	789.840026855469
1067.17211126962	790.039978027344
1069.8149208508	789.400024414063
1072.45688936415	790.280029296875
1075.09801718577	789.960021972656
1077.7383046915	790.039978027344
1080.377752257	789.52001953125
1083.01636025767	790.880004882813
1085.65412906872	791.200012207031
1088.2910590651	790.440002441406
1090.92715062157	791.239990234375
1093.56240411266	791.200012207031
1096.19681991265	790.359985351563
1098.83039839564	790.320007324219
1101.46313993547	791.159973144531
1104.09504490579	790.640014648438
1106.72611368	790.039978027344
1109.35634663129	790.200012207031
1111.98574413263	789.719970703125
1114.61430655677	789.359985351563
1117.24203427624	789.159973144531
1119.86892766333	789.320007324219
1122.49498709014	788.840026855469
1125.12021292851	789.440002441406
1127.74460555011	789.159973144531
1130.36816532634	789.799987792969
1132.99089262841	790.159973144531
1135.6127878273	787.719970703125
1138.23385129376	787.919982910156
1140.85408339834	787.640014648438
1143.47348451137	787.679992675781
1146.09205500294	788.080017089844
1148.70979524293	787.359985351563
1151.326705601	788
1153.9427864466	788.119995117188
1156.55803814896	787.559997558594
1159.17246107707	788.119995117188
1161.78605559974	788.400024414063
1164.39882208551	788.200012207031
1167.01076090276	789.200012207031
1169.6218724196	788.200012207031
1172.23215700396	788.799987792969
1174.84161502352	788.599975585938
1177.45024684578	787.919982910156
1180.05805283799	788.599975585938
1182.66503336719	789.640014648438
1185.27118880021	788.640014648438
1187.87651950367	787.880004882813
1190.48102584395	788.559997558594
1193.08470818723	788.719970703125
1195.68756689948	788.640014648438
1198.28960234643	788.719970703125
1200.89081489363	789.039978027344
1203.49120490636	789.880004882813
1206.09077274974	790.080017089844
1208.68951878864	789.960021972656
1211.28744338773	790.47998046875
1213.88454691145	789.719970703125
1216.48082972404	790
1219.07629218953	791.080017089844
1221.6709346717	791.080017089844
1224.26475753416	791.280029296875
1226.85776114028	791.320007324219
1229.44994585322	791.679992675781
1232.04131203592	791.400024414063
1234.63186005112	791.799987792969
1237.22159026133	793.52001953125
1239.81050302886	793.119995117188
1242.3985987158	793.119995117188
1244.98587768402	793.960021972656
1247.5723402952	794.080017089844
1250.15798691078	793.039978027344
1252.74281789199	793.200012207031
1255.32683359987	793.559997558594
1257.91003439523	793.760009765625
1260.49242063865	793.359985351563
1263.07399269055	793.239990234375
1265.65475091108	792.359985351563
1268.23469566021	791.640014648438
1270.81382729769	792.239990234375
1273.39214618306	792.400024414063
1275.96965267566	792.080017089844
1278.54634713458	792.080017089844
1281.12222991875	792.080017089844
1283.69730138685	791.840026855469
1286.27156189737	792.320007324219
1288.84501180858	791.640014648438
1291.41765147853	792.080017089844
1293.98948126509	791.919982910156
1296.56050152589	791.760009765625
1299.13071261837	793.280029296875
1301.70011489973	793.679992675781
1304.268708727	792.280029296875
1306.83649445698	793.039978027344
1309.40347244625	793.559997558594
1311.96964305119	792.960021972656
1314.53500662799	793.280029296875
1317.0995635326	794.280029296875
1319.66331412077	792.960021972656
1322.22625874806	792.200012207031
1324.7883977698	793.239990234375
1327.34973154112	792.320007324219
1329.91026041694	792.280029296875
1332.46998475197	793.280029296875
1335.0289049007	793.359985351563
1337.58702121746	793.320007324219
1340.14433405631	793.640014648438
1342.70084377115	793.119995117188
1345.25655071563	792.640014648438
1347.81145524323	791.919982910156
1350.36555770721	791.679992675781
1352.91885846062	791.719970703125
1355.47135785631	790.400024414063
1358.02305624691	790.239990234375
1360.57395398486	790
1363.12405142237	789.400024414063
1365.67334891148	790.320007324219
1368.22184680399	789.200012207031
1370.76954545151	789.559997558594
1373.31644520545	789.440002441406
1375.86254641699	789.200012207031
1378.40784943713	789.039978027344
1380.95235461666	789.320007324219
1383.49606230615	788.640014648438
1386.03897285598	789.280029296875
1388.58108661632	789.599975585938
1391.12240393713	789.719970703125
1393.66292516818	789.440002441406
1396.20265065903	789.640014648438
1398.74158075901	789
1401.2797158173	789.080017089844
1403.81705618282	789.159973144531
1406.35360220431	788.52001953125
1408.88935423032	789.159973144531
1411.42431260919	788.640014648438
1413.95847768903	788.400024414063
1416.49184981777	789.799987792969
1419.02442934314	789.119995117188
1421.55621661266	789.119995117188
1424.08721197364	789
1426.61741577321	788.919982910156
1429.14682835828	790
1431.67545007555	790.239990234375
1434.20328127153	790.440002441406
1436.73032229253	790.840026855469
1439.25657348466	792.359985351563
1441.78203519381	792.679992675781
1444.3067077657	794.039978027344
1446.83059154581	794.080017089844
1449.35368687944	794.280029296875
1451.8759941117	793.52001953125
1454.39751358748	793.960021972656
1456.91824565148	793.799987792969
1459.43819064818	793.039978027344
1461.95734892189	792.400024414063
1464.4757208167	791.719970703125
1466.99330667649	792.239990234375
1469.51010684497	790.880004882813
1472.02612166564	790.559997558594
1474.54135148177	789.119995117188
1477.05579663646	790
1479.56945747262	788.760009765625
1482.08233433293	789.320007324219
1484.59442755989	789.559997558594
1487.10573749579	788.200012207031
1489.61626448275	788.799987792969
1492.12600886264	787.47998046875
1494.63497097718	787.200012207031
1497.14315116786	786.760009765625
1499.65054977599	786.960021972656
1502.15716714267	785.840026855469
1504.66300360881	786.47998046875
1507.16805951512	786.47998046875
1509.67233520211	785.880004882813
1512.1758310101	786.320007324219
1514.67854727919	786.400024414063
1517.18048434931	786.200012207031
1519.68164256018	785.760009765625
1522.18202225132	785.679992675781
1524.68162376207	785.239990234375
1527.18044743155	785.239990234375
1529.67849359869	786.320007324219
1532.17576260224	785.840026855469
1534.67225478072	786.400024414063
1537.1679704725	786.679992675781
1539.66291001572	785.440002441406
1542.15707374832	785.960021972656
1544.65046200807	786.880004882813
1547.14307513254	786.719970703125
1549.63491345907	787.119995117188
1552.12597732485	787.159973144531
1554.61626706685	786.960021972656
1557.10578302185	786.280029296875
1559.59452552644	787.239990234375
1562.082494917	787.880004882813
1564.56969152973	788.679992675781
1567.05611570064	788.47998046875
1569.54176776552	789.159973144531
1572.02664806	788.880004882813
1574.51075691949	789.280029296875
1576.99409467921	789.200012207031
1579.4766616742	789.400024414063
1581.95845823929	789.119995117188
1584.43948470912	788.359985351563
1586.91974141815	789.080017089844
1589.39922870064	788.400024414063
1591.87794689064	788.840026855469
1594.35589632202	788.640014648438
1596.83307732848	788.840026855469
1599.30949024348	789.159973144531
1601.78513540033	789.52001953125
1604.26001313211	790.200012207031
1606.73412377175	790.400024414063
1609.20746765196	790.47998046875
1611.68004510526	789.559997558594
1614.15185646398	790.320007324219
1616.62290206026	790.840026855469
1619.09318222605	791.039978027344
1621.56269729311	790.599975585938
1624.031447593	790.919982910156
1626.4994334571	790.239990234375
1628.9666552166	790.200012207031
1631.43311320248	791.559997558594
1633.89880774554	792.080017089844
1636.3637391764	791.719970703125
1638.82790782548	791.840026855469
1641.29131402301	791.52001953125
1643.75395809903	792.200012207031
1646.21584038339	792.799987792969
1648.67696120575	793.679992675781
1651.13732089558	794.679992675781
1653.59691978216	794.760009765625
1656.05575819459	794
1658.51383646175	793.679992675781
1660.97115491238	794.400024414063
1663.42771387498	794.640014648438
1665.8835136779	793.599975585938
1668.33855464928	792.719970703125
1670.79283711708	793.159973144531
1673.24636140907	791.880004882813
1675.69912785282	792.960021972656
1678.15113677572	790.47998046875
1680.602388505	790.919982910156
1683.05288336764	790.080017089844
1685.50262169049	789.880004882813
1687.95160380019	788.280029296875
1690.39983002318	788.440002441406
1692.84730068573	788.320007324219
1695.29401611392	787
1697.73997663364	787.080017089844
1700.18518257059	785.880004882813
1702.6296342503	786.640014648438
1705.07333199807	785.080017089844
1707.51627613907	784.960021972656
1709.95846699824	785.200012207031
1712.39990490036	784.799987792969
1714.84059017001	785.039978027344
1717.28052313159	784.400024414063
1719.7197041093	784.359985351563
1722.15813342718	784.320007324219
1724.59581140906	784.840026855469
1727.03273837859	784.200012207031
1729.46891465926	783.960021972656
1731.90434057432	784.119995117188
1734.3390164469	783.599975585938
1736.7729425999	784.159973144531
1739.20611935604	783.119995117188
1741.63854703787	783.440002441406
1744.07022596776	783.52001953125
1746.50115646787	783.719970703125
1748.93133886019	783.320007324219
1751.36077346652	783
1753.7894606085	783.559997558594
1756.21740060755	782.679992675781
1758.64459378494	783
1761.07104046172	783.359985351563
1763.49674095879	783.200012207031
1765.92169559684	783.239990234375
1768.3459046964	783.239990234375
1770.7693685778	782.799987792969
1773.1920875612	782.640014648438
1775.61406196656	783.440002441406
1778.03529211367	782.559997558594
1780.45577832214	782.919982910156
1782.87552091138	782.559997558594
1785.29452020064	783.280029296875
1787.71277650897	783.159973144531
1790.13029015525	782.880004882813
1792.54706145817	782.080017089844
1794.96309073625	782.119995117188
1797.3783783078	782.719970703125
1799.79292449097	782.47998046875
1802.20672960375	782.239990234375
1804.61979396389	782.679992675781
1807.03211788902	782.679992675781
1809.44370169655	782.760009765625
1811.85454570373	782.280029296875
1814.2646502276	782.799987792969
1816.67401558506	782.679992675781
1819.0826420928	782.640014648438
1821.49053006734	782.960021972656
1823.89767982501	782.400024414063
1826.30409168198	782.840026855469
1828.70976595422	782.960021972656
1831.11470295753	782.440002441406
1833.51890300752	782.47998046875
1835.92236641964	782.280029296875
1838.32509350914	782.640014648438
1840.72708459111	782.039978027344
1843.12833998044	782
1845.52885999184	781.919982910156
1847.92864493987	782.52001953125
1850.32769513889	781.559997558594
1852.72601090307	782.47998046875
1855.12359254642	782.119995117188
1857.52044038278	782.320007324219
1859.91655472578	782.159973144531
1862.31193588889	782.119995117188
1864.70658418542	782.47998046875
1867.10049992847	782.280029296875
1869.49368343096	782.440002441406
1871.88613500568	782.359985351563
1874.27785496518	782.559997558594
1876.66884362188	782.119995117188
1879.059101288	782.280029296875
1881.44862827559	782.359985351563
1883.8374248965	782.640014648438
1886.22549146246	782.799987792969
1888.61282828495	782.280029296875
1890.99943567534	782.640014648438
1893.38531394477	782.080017089844
1895.77046340424	782.159973144531
1898.15488436455	781.919982910156
1900.53857713634	782.159973144531
1902.92154203006	782.679992675781
1905.303779356	782.359985351563
1907.68528942426	782.320007324219
1910.06607254477	782.599975585938
1912.44612902729	782.400024414063
1914.82545918139	782.200012207031
1917.20406331648	783.080017089844
1919.58194174178	782.159973144531
1921.95909476634	782.119995117188
1924.33552269905	782.719970703125
1926.71122584861	782.280029296875
1929.08620452353	782.52001953125
1931.46045903219	782.880004882813
1933.83398968275	782.559997558594
1936.20679678322	782.440002441406
1938.57888064142	782.320007324219
1940.95024156502	782
1943.3208798615	782.640014648438
1945.69079583816	782.880004882813
1948.05998980213	782.559997558594
1950.42846206038	782.47998046875
1952.79621291969	782.440002441406
1955.16324268668	782.840026855469
1957.52955166778	782.159973144531
1959.89514016927	782.239990234375
1962.26000849723	782.840026855469
1964.62415695759	782.119995117188
1966.98758585609	782.039978027344
1969.3502954983	783
1971.71228618964	782.239990234375
1974.07355823532	782.760009765625
1976.43411194042	782.159973144531
1978.79394760981	782.280029296875
1981.1530655482	782.52001953125
1983.51146606014	782.760009765625
1985.86914944999	782.440002441406
1988.22611602196	782.719970703125
1990.58236608007	782.200012207031
1992.93789992817	782.719970703125
1995.29271786995	782.239990234375
1997.64682020892	782.799987792969
2000.00020724843	782.640014648438
2002.35287929162	782.880004882813
2004.70483664152	782.919982910156
2007.05607960095	783.359985351563
2009.40660847256	782.200012207031
2011.75642355884	782.760009765625
2014.1055251621	783.280029296875
2016.4539135845	782.640014648438
2018.80158912802	782.559997558594
2021.14855209444	782.400024414063
2023.49480278542	782.799987792969
2025.84034150242	782.760009765625
2028.18516854673	783.320007324219
2030.52928421948	783
2032.87268882163	782.52001953125
2035.21538265398	782.919982910156
2037.55736601713	783.159973144531
2039.89863921153	783.119995117188
2042.23920253747	782.599975585938
2044.57905629506	782.840026855469
2046.91820078425	782.840026855469
2049.2566363048	783.119995117188
2051.59436315633	782.919982910156
2053.93138163827	782.840026855469
2056.2676920499	782.719970703125
2058.6032946903	782.960021972656
2060.93818985843	783.47998046875
2063.27237785303	782.919982910156
2065.60585897272	783.159973144531
2067.93863351592	782.760009765625
2070.27070178089	783.039978027344
2072.60206406574	783.159973144531
2074.93272066838	782.960021972656
2077.26267188658	783
2079.59191801793	782.960021972656
2081.92045935985	783.080017089844
2084.24829620962	783.239990234375
2086.57542886431	782.640014648438
2088.90185762087	783
2091.22758277604	783.119995117188
2093.55260462643	783.359985351563
2095.87692346845	782.880004882813
2098.20053959837	783.080017089844
2100.52345331229	783.080017089844
2102.84566490614	783.080017089844
2105.16717467567	782.880004882813
2107.48798291649	782.919982910156
2109.80808992403	783.080017089844
2112.12749599355	782.719970703125
2114.44620142016	783.359985351563
2116.7642064988	783.320007324219
2119.08151152423	783.52001953125
2121.39811679106	782.799987792969
2123.71402259374	783.119995117188
2126.02922922653	783.159973144531
2128.34373698356	782.960021972656
2130.65754615876	783
2132.97065704594	783.52001953125
2135.28306993869	783.320007324219
2137.59478513047	783.320007324219
2139.90580291459	783.119995117188
2142.21612358416	783.52001953125
2144.52574743214	782.960021972656
2146.83467475134	782.799987792969
2149.1429058344	782.840026855469
2151.45044097377	783.440002441406
2153.75728046178	783.280029296875
2156.06342459057	782.960021972656
2158.36887365212	783
2160.67362793825	783.200012207031
2162.97768774061	782.559997558594
2165.28105335071	783.080017089844
2167.58372505987	782.919982910156
2169.88570315926	782.52001953125
2172.18698793988	782.679992675781
2174.48757969258	783
2176.78747870805	782.400024414063
2179.08668527679	782.799987792969
2181.38519968917	783.359985351563
2183.68302223538	783.119995117188
2185.98015320547	783.280029296875
2188.27659288929	783.400024414063
2190.57234157656	783.320007324219
2192.86739955682	783.280029296875
2195.16176711948	783.359985351563
2197.45544455375	782.640014648438
2199.74843214869	783.359985351563
2202.04073019322	782.919982910156
2204.33233897607	782.919982910156
2206.62325878583	782.840026855469
2208.91348991093	783.280029296875
2211.20303263961	782.47998046875
2213.49188726	782.440002441406
2215.78005406001	783.039978027344
2218.06753332744	783.080017089844
2220.35432534991	783.039978027344
2222.64043041487	782.359985351563
2224.92584880964	783.119995117188
2227.21058082134	782.440002441406
2229.49462673696	782.719970703125
2231.77798684332	783.119995117188
2234.06066142709	782.640014648438
2236.34265077477	782.799987792969
2238.62395517269	782.159973144531
2240.90457490706	782.599975585938
2243.18451026388	782.719970703125
2245.46376152904	782.559997558594
2247.74232898823	782.320007324219
2250.02021292701	782.239990234375
2252.29741363077	782.359985351563
2254.57393138475	782.440002441406
2256.849766474	783.159973144531
2259.12491918346	782.119995117188
2261.39938979788	782.719970703125
2263.67317860185	782.559997558594
2265.94628587983	782.599975585938
2268.2187119161	782.200012207031
2270.49045699478	782.280029296875
2272.76152139985	782.559997558594
2275.03190541511	782.47998046875
2277.30160932421	782.200012207031
2279.57063341067	782.239990234375
2281.83897795781	782
2284.10664324882	782.239990234375
2286.37362956672	782.559997558594
2288.63993719439	782.440002441406
2290.90556641454	782.47998046875
2293.17051750973	782.400024414063
2295.43479076235	782.440002441406
2297.69838645465	782.599975585938
2299.96130486871	782.559997558594
2302.22354628647	782.200012207031
2304.48511098971	782.359985351563
2306.74599926003	783
2309.00621137891	782.440002441406
2311.26574762765	782.400024414063
2313.52460828741	782.320007324219
2315.78279363917	782.200012207031
2318.04030396379	782.52001953125
2320.29713954195	782.400024414063
2322.55330065418	782
2324.80878758085	782.400024414063
2327.06360060219	781.919982910156
2329.31773999826	782.960021972656
2331.57120604897	783.159973144531
2333.82399903409	782.239990234375
2336.0761192332	782.200012207031
2338.32756692577	782.119995117188
2340.57834239108	781.880004882813
2342.82844590827	781.840026855469
2345.07787775633	782.440002441406
2347.32663821409	782.119995117188
2349.57472756023	782.280029296875
2351.82214607327	782.320007324219
2354.06889403158	782.52001953125
2356.31497171337	782.559997558594
2358.56037939672	781.960021972656
2360.80511735953	781.880004882813
2363.04918587955	782.039978027344
2365.29258523439	782.640014648438
2367.5353157015	782.200012207031
2369.77737755817	782.159973144531
2372.01877108156	782.280029296875
2374.25949654865	781.919982910156
2376.49955423629	782.440002441406
2378.73894442115	782.400024414063
2380.97766737977	782.080017089844
2383.21572338855	782.039978027344
2385.45311272369	782.039978027344
2387.68983566129	782.280029296875
2389.92589247727	781.840026855469
2392.1612834474	782.239990234375
2394.39600884731	782.119995117188
2396.63006895246	782.320007324219
2398.86346403818	781.760009765625
2401.09619437962	782.320007324219
2403.32826025182	782
2405.55966192963	781.840026855469
2407.79039968777	782.200012207031
2410.0204738008	782.119995117188
2412.24988454313	782.239990234375
2414.47863218902	782.239990234375
2416.70671701258	781.52001953125
2418.93413928778	782.159973144531
2421.16089928842	782.159973144531
2423.38699728817	782.359985351563
2425.61243356052	781.880004882813
2427.83720837884	781.599975585938
2430.06132201633	782.679992675781
2432.28477474606	782.119995117188
2434.50756684093	782.239990234375
2436.72969857371	781.52001953125
2438.95117021699	781.919982910156
2441.17198204325	781.919982910156
2443.39213432478	782.320007324219
2445.61162733376	782.320007324219
2447.83046134218	781.960021972656
2450.04863662192	781.960021972656
2452.26615344468	781.960021972656
2454.48301208203	782.280029296875
2456.69921280539	781.679992675781
2458.91475588602	781.719970703125
2461.12964159504	781.960021972656
2463.34387020342	781.52001953125
2465.55744198198	781.559997558594
2467.77035720139	781.400024414063
2469.98261613217	781.760009765625
2472.1942190447	781.880004882813
2474.40516620922	782.080017089844
2476.6154578958	782.400024414063
2478.82509437436	781.919982910156
2481.03407591471	781.640014648438
2483.24240278646	781.679992675781
2485.45007525911	782.200012207031
2487.65709360202	782.559997558594
2489.86345808435	782.200012207031
2492.06916897518	782.159973144531
2494.27422654339	781.840026855469
2496.47863105774	782.359985351563
2498.68238278683	782
2500.88548199912	781.880004882813
2503.08792896294	782
2505.28972394643	782.119995117188
2507.49086721763	781.760009765625
2509.6913590444	781.880004882813
2511.89119969447	782.039978027344
2514.09038943543	781.919982910156
2516.2889285347	781.799987792969
2518.48681725957	782.080017089844
2520.6840558772	781.760009765625
2522.88064465456	782
2525.07658385852	782.400024414063
2527.27187375578	782.080017089844
2529.4665146129	782.320007324219
2531.66050669629	782.080017089844
2533.85385027222	782.159973144531
2536.04654560681	781.960021972656
2538.23859296605	782.239990234375
2540.42999261577	782.599975585938
2542.62074482166	782.320007324219
2544.81084984925	781.799987792969
2547.00030796395	782.119995117188
2549.18911943101	782
2551.37728451555	782.440002441406
2553.56480348252	782.400024414063
2555.75167659675	782.280029296875
2557.93790412292	781.960021972656
2560.12348632556	781.799987792969
2562.30842346905	782.239990234375
2564.49271581764	782.599975585938
2566.67636363544	782.039978027344
2568.85936718639	781.760009765625
2571.04172673431	782.080017089844
2573.22344254288	782.440002441406
2575.40451487562	781.919982910156
2577.58494399591	781.320007324219
2579.76473016699	781.960021972656
2581.94387365196	782.080017089844
2584.12237471377	781.919982910156
2586.30023361523	782.200012207031
2588.47745061901	781.719970703125
2590.65402598763	782.039978027344
2592.82995998348	782.440002441406
2595.0052528688	782.200012207031
2597.17990490568	782.359985351563
2599.35391635608	782.280029296875
2601.52728748181	782.080017089844
2603.70001854454	782
2605.8721098058	782.239990234375
2608.04356152698	781.559997558594
2610.21437396931	782.280029296875
2612.3845473939	782.080017089844
2614.55408206173	782.320007324219
2616.72297823359	782.119995117188
2618.89123617017	781.919982910156
2621.058856132	782.400024414063
2623.22583837949	782.799987792969
2625.39218317288	782.599975585938
2627.55789077229	782.280029296875
2629.72296143769	782.400024414063
2631.88739542891	782.039978027344
2634.05119300563	782.039978027344
2636.21435442742	781.760009765625
2638.37687995367	782.280029296875
2640.53876984365	782.640014648438
2642.70002435649	782.159973144531
2644.86064375119	782.719970703125
2647.02062828658	782.599975585938
2649.17997822137	782.039978027344
2651.33869381413	782.52001953125
2653.49677532328	782.159973144531
2655.65422300711	782.359985351563
2657.81103712378	782.559997558594
2659.96721793127	782.440002441406
2662.12276568747	782.159973144531
2664.2776806501	781.919982910156
2666.43196307675	782.799987792969
2668.58561322486	782.919982910156
2670.73863135176	782.440002441406
2672.8910177146	782.799987792969
2675.04277257043	782.719970703125
2677.19389617612	782.599975585938
2679.34438878845	782.880004882813
2681.49425066402	782.760009765625
2683.64348205931	782.440002441406
2685.79208323065	782.039978027344
2687.94005443425	782.320007324219
2690.08739592617	782.200012207031
2692.23410796233	782.400024414063
2694.38019079852	782.440002441406
2696.52564469038	782.440002441406
2698.67046989342	782.47998046875
2700.81466666302	782.880004882813
2702.9582352544	782.280029296875
2705.10117592265	782.239990234375
2707.24348892275	782.840026855469
2709.3851745095	782.840026855469
2711.5262329376	783.239990234375
2713.66666446158	782.640014648438
2715.80646933585	782.919982910156
2717.94564781468	783.239990234375
2720.08420015222	782.640014648438
2722.22212660245	783.119995117188
2724.35942741923	783.400024414063
2726.49610285628	782.760009765625
2728.63215316721	783.239990234375
2730.76757860544	783.559997558594
2732.9023794243	783.359985351563
2735.03655587697	783
2737.17010821648	783.320007324219
2739.30303669573	783.280029296875
2741.4353415675	783.760009765625
2743.56702308442	783.719970703125
2745.69808149898	783.280029296875
2747.82851706355	783.320007324219
2749.95833003034	783.119995117188
2752.08752065145	783.039978027344
2754.21608917883	783.440002441406
2756.3440358643	783.239990234375
2758.47136095954	783.679992675781
2760.59806471609	783.559997558594
2762.72414738537	783.52001953125
2764.84960921865	783.359985351563
2766.97445046708	783.039978027344
2769.09867138166	783.47998046875
2771.22227221326	783.280029296875
2773.34525321263	783.280029296875
2775.46761463035	783.400024414063
2777.58935671691	783.52001953125
2779.71047972262	782.799987792969
2781.83098389771	783.039978027344
2783.95086949221	783.239990234375
2786.07013675607	783.039978027344
2788.18878593908	783.640014648438
2790.3068172909	782.919982910156
2792.42423106106	783.440002441406
2794.54102749895	782.559997558594
2796.65720685384	783.119995117188
2798.77276937486	782.880004882813
2800.88771531098	783.080017089844
2803.00204491107	782.919982910156
2805.11575842387	783.52001953125
2807.22885609796	783.47998046875
2809.34133818179	783.679992675781
2811.4532049237	783.880004882813
2813.56445657189	784.200012207031
2815.6750933744	784.320007324219
2817.78511557916	783.760009765625
2819.89452343398	784.159973144531
2822.00331718652	784.719970703125
2824.11149708429	783.880004882813
2826.2190633747	784.159973144531
2828.32601630502	784.840026855469
2830.43235612237	785.119995117188
2832.53808307375	785.52001953125
2834.64319740603	785.679992675781
2836.74769936595	787.320007324219
2838.85158920011	786.760009765625
2840.95486715497	787.559997558594
2843.05753347689	787.640014648438
2845.15958841206	788.760009765625
2847.26103220657	790.880004882813
2849.36186510636	791.320007324219
2851.46208735724	790.760009765625
2853.56169920488	791
2855.66070089485	791.400024414063
2857.75909267257	791.559997558594
2859.85687478332	792.599975585938
2861.95404747225	794.400024414063
2864.05061098439	795.679992675781
2866.14656556464	797.039978027344
2868.24191145777	796.359985351563
2870.3366489084	796.599975585938
2872.43077816104	797.239990234375
2874.52429946006	798.799987792969
2876.61721304971	799.080017089844
2878.70951917409	799.200012207031
2880.8012180772	798.559997558594
2882.89231000287	797.52001953125
2884.98279519483	798.200012207031
2887.07267389667	798.200012207031
2889.16194635186	798.880004882813
2891.25061280373	799.919982910156
2893.33867349546	799.799987792969
2895.42612867015	800
2897.51297857074	800.320007324219
2899.59922344003	800.200012207031
2901.68486352071	800.440002441406
2903.76989905533	801.52001953125
2905.85433028632	803.47998046875
2907.93815745598	805.52001953125
2910.02138080648	805.039978027344
2912.10400057985	804.440002441406
2914.186017018	803.640014648438
2916.26743036271	806.359985351563
2918.34824085563	806.159973144531
2920.4284487383	806.960021972656
2922.5080542521	807.080017089844
2924.58705763829	810.159973144531
2926.66545913802	810.52001953125
2928.74325899231	811.320007324219
2930.82045744202	810.239990234375
2932.89705472792	811.52001953125
2934.97305109062	810.919982910156
2937.04844677063	812.159973144531
2939.12324200832	812.559997558594
2941.19743704393	811.679992675781
2943.27103211757	809.840026855469
2945.34402746923	808.640014648438
2947.41642333876	807.400024414063
2949.48821996592	807.080017089844
2951.55941759028	805.919982910156
2953.63001645135	805.52001953125
2955.70001678845	804.679992675781
2957.76941884083	804.280029296875
2959.83822284757	803.47998046875
2961.90642904764	804.47998046875
2963.97403767988	803.599975585938
2966.04104898302	803.320007324219
2968.10746319565	802.960021972656
2970.17328055621	801.320007324219
2972.23850130305	801
2974.30312567438	801.52001953125
2976.36715390829	801.320007324219
2978.43058624273	802.119995117188
2980.49342291553	800.760009765625
2982.55566416439	801.880004882813
2984.61731022691	799.760009765625
2986.67836134051	800.320007324219
2988.73881774255	800.080017089844
2990.79867967021	798.080017089844
2992.85794736058	798.119995117188
2994.9166210506	796.440002441406
2996.97470097711	796
2999.03218737679	796.760009765625
3001.08908048622	795.719970703125
3003.14538054186	796.280029296875
3005.20108778002	796.080017089844
3007.25620243691	795.52001953125
3009.3107247486	795.359985351563
3011.36465495104	795.039978027344
3013.41799328004	794.440002441406
3015.47073997133	795.440002441406
3017.52289526045	795.440002441406
3019.57445938288	794.840026855469
3021.62543257393	795.599975585938
3023.6758150688	794.799987792969
3025.72560710258	795.280029296875
3027.77480891021	795.320007324219
3029.82342072652	794.760009765625
3031.87144278622	796.919982910156
3033.91887532389	796.039978027344
3035.96571857399	795.52001953125
3038.01197277084	796.840026855469
3040.05763814867	795.880004882813
3042.10271494154	796.400024414063
3044.14720338344	797.159973144531
3046.19110370818	797.52001953125
3048.2344161495	797.039978027344
3050.27714094097	798.559997558594
3052.31927831608	799.640014648438
3054.36082850816	799.799987792969
3056.40179175044	800.159973144531
3058.44216827602	800.640014648438
3060.48195831786	800.760009765625
3062.52116210884	800.159973144531
3064.55977988167	801.039978027344
3066.59781186897	800.599975585938
3068.63525830322	801.599975585938
3070.67211941678	803.440002441406
3072.7083954419	802.599975585938
3074.7440866107	802.359985351563
3076.77919315516	802.320007324219
3078.81371530716	802.119995117188
3080.84765329846	804.52001953125
3082.88100736068	803.200012207031
3084.91377772534	802.039978027344
3086.94596462381	803.52001953125
3088.97756828737	804.400024414063
3091.00858894714	804.640014648438
3093.03902683417	803.119995117188
3095.06888217933	805.039978027344
3097.09815521342	806.119995117188
3099.12684616709	807.320007324219
3101.15495527087	806.840026855469
3103.18248275518	805.719970703125
3105.20942885031	808.280029296875
3107.23579378642	807.960021972656
3109.26157779358	809.400024414063
3111.28678110171	812.239990234375
3113.31140394062	811.159973144531
3115.33544654	809.840026855469
3117.35890912942	809.799987792969
3119.38179193832	811.320007324219
3121.40409519602	812.719970703125
3123.42581913174	812.840026855469
3125.44696397457	813.119995117188
3127.46752995345	814.47998046875
3129.48751729725	814.760009765625
3131.50692623469	815.760009765625
3133.52575699436	815.440002441406
3135.54400980476	816.599975585938
3137.56168489425	818.919982910156
3139.57878249108	818.719970703125
3141.59530282337	818.880004882813
3143.61124611913	818.52001953125
3145.62661260624	820.359985351563
3147.64140251247	819.919982910156
3149.65561606547	819.760009765625
3151.66925349277	819.200012207031
3153.68231502177	821.400024414063
3155.69480087977	821.960021972656
3157.70671129394	824.719970703125
3159.71804649132	825.960021972656
3161.72880669886	825.559997558594
3163.73899214336	824.719970703125
3165.74860305152	825.919982910156
3167.75763964991	824.880004882813
3169.766102165	828.200012207031
3171.77399082313	830.440002441406
3173.7813058505	826.799987792969
3175.78804747323	827.960021972656
3177.79421591731	827.559997558594
3179.79981140859	830.039978027344
3181.80483417282	828.119995117188
3183.80928443564	831.599975585938
3185.81316242255	833.559997558594
3187.81646835896	831.559997558594
3189.81920247013	830.880004882813
3191.82136498122	835.799987792969
3193.82295611727	836.719970703125
3195.82397610321	835.400024414063
3197.82442516385	835.159973144531
3199.82430352386	834.840026855469
3201.82361140782	838.880004882813
3203.82234904018	839.960021972656
3205.82051664529	835.840026855469
3207.81811444735	836.760009765625
3209.81514267047	838.159973144531
3211.81160153863	836.960021972656
3213.80749127571	836.640014648438
3215.80281210545	835.400024414063
3217.79756425148	837.640014648438
3219.79174793733	838.559997558594
3221.7853633864	837.239990234375
3223.77841082196	839
3225.77089046719	840.47998046875
3227.76280254513	841.47998046875
3229.75414727873	841.359985351563
3231.74492489081	843.52001953125
3233.73513560406	842.239990234375
3235.72477964107	843.200012207031
3237.71385722431	841.919982910156
3239.70236857614	842
3241.6903139188	838.559997558594
3243.6776934744	840
3245.66450746496	841.320007324219
3247.65075611237	839.080017089844
3249.63643963841	837.400024414063
3251.62155826472	839.400024414063
3253.60611221287	839.880004882813
3255.59010170428	841.47998046875
3257.57352696026	843.400024414063
3259.55638820202	844
3261.53868565064	844.47998046875
3263.52041952708	848.599975585938
3265.50159005221	846.280029296875
3267.48219744676	840.559997558594
3269.46224193136	840.559997558594
3271.44172372651	843.840026855469
3273.42064305262	844.359985351563
3275.39900012996	843.280029296875
3277.3767951787	839
3279.35402841889	841.159973144531
3281.33070007047	842.599975585938
3283.30681035326	843.960021972656
3285.28235948698	841.679992675781
3287.25734769121	841.919982910156
3289.23177518544	845.559997558594
3291.20564218903	843.799987792969
3293.17894892124	843.679992675781
3295.1516956012	842.799987792969
3297.12388244795	840.679992675781
3299.09550968039	839.919982910156
3301.06657751732	842.119995117188
3303.03708617743	841.47998046875
3305.00703587929	846.400024414063
3306.97642684135	845.679992675781
3308.94525928196	840.47998046875
3310.91353341935	839.039978027344
3312.88124947164	841.47998046875
3314.84840765683	840.47998046875
3316.81500819282	839.760009765625
3318.78105129738	841
3320.74653718818	840.919982910156
3322.71146608278	839.200012207031
3324.67583819861	841.440002441406
3326.639653753	843.559997558594
3328.60291296317	843.440002441406
3330.56561604621	843.599975585938
3332.52776321913	845.760009765625
3334.4893546988	845.080017089844
3336.45039070198	842.47998046875
3338.41087144533	840.719970703125
3340.37079714539	840.960021972656
3342.33016801859	837.840026855469
3344.28898428124	837.359985351563
3346.24724614955	841.799987792969
3348.20495383962	840.47998046875
3350.16210756742	838.200012207031
3352.11870754883	840.760009765625
3354.07475399961	838.840026855469
3356.03024713539	838.719970703125
3357.98518717173	840.760009765625
3359.93957432403	841.719970703125
3361.89340880761	842.400024414063
3363.84669083768	841.640014648438
3365.79942062933	839.320007324219
3367.75159839753	840.599975585938
3369.70322435715	843
3371.65429872295	842.080017089844
3373.60482170957	844.47998046875
3375.55479353155	846.799987792969
3377.50421440332	845.239990234375
3379.45308453918	844.080017089844
3381.40140415335	840.440002441406
3383.34917345991	840.320007324219
3385.29639267284	842.559997558594
3387.24306200602	841.159973144531
3389.18918167321	840.280029296875
3391.13475188806	845.559997558594
3393.07977286411	846.159973144531
3395.02424481479	847.080017089844
3396.96816795342	848.359985351563
3398.91154249322	845.799987792969
3400.85436864728	843.719970703125
3402.79664662859	843.280029296875
3404.73837665004	842.719970703125
3406.67955892439	841.119995117188
3408.62019366432	841.640014648438
3410.56028108236	845.080017089844
3412.49982139096	846.880004882813
3414.43881480247	849.559997558594
3416.37726152909	846.719970703125
3418.31516178295	845.039978027344
3420.25251577605	845.119995117188
3422.18932372029	844.119995117188
3424.12558582746	844.440002441406
3426.06130230922	844.320007324219
3427.99647337717	846.320007324219
3429.93109924274	843.599975585938
3431.8651801173	841.280029296875
3433.79871621209	841.320007324219
3435.73170773824	843.880004882813
3437.66415490678	844.840026855469
3439.59605792862	839.919982910156
3441.52741701458	839.840026855469
3443.45823237536	840.320007324219
3445.38850422154	839.440002441406
3447.31823276362	843.799987792969
3449.24741821196	842.760009765625
3451.17606077684	842.200012207031
3453.10416066842	841.320007324219
3455.03171809674	841.039978027344
3456.95873327175	839.400024414063
3458.88520640329	838.320007324219
3460.81113770109	838.679992675781
3462.73652737477	836.640014648438
3464.66137563383	838.119995117188
3466.58568268769	837.760009765625
3468.50944874565	834.400024414063
3470.43267401689	834.919982910156
3472.3553587105	835.599975585938
3474.27750303545	830.919982910156
3476.19910720062	831
3478.12017141476	836.559997558594
3480.04069588654	837.400024414063
3481.9606808245	838.119995117188
3483.88012643707	835.400024414063
3485.79903293259	832.039978027344
3487.7174005193	830.640014648438
3489.63522940532	827.599975585938
3491.55251979864	826.359985351563
3493.46927190719	826.559997558594
3495.38548593877	825.320007324219
3497.30116210107	826.239990234375
3499.21630060167	829
3501.13090164807	826.159973144531
3503.04496544763	824.039978027344
3504.95849220763	825.960021972656
3506.87148213523	826.359985351563
3508.78393543748	824.239990234375
3510.69585232134	823.200012207031
3512.60723299365	823.52001953125
3514.51807766116	824.080017089844
3516.42838653049	823.640014648438
3518.33815980819	821.840026855469
3520.24739770066	818.47998046875
3522.15610041423	818.47998046875
3524.06426815511	818.52001953125
3525.9719011294	819.799987792969
3527.87899954311	820.760009765625
3529.78556360213	821.080017089844
3531.69159351225	820.159973144531
3533.59708947916	819.599975585938
3535.50205170844	817.679992675781
3537.40648040556	816.640014648438
3539.3103757759	816
3541.21373802472	812.080017089844
3543.11656735717	811.919982910156
3545.01886397833	810.679992675781
3546.92062809313	812.159973144531
3548.82185990643	814.760009765625
3550.72255962297	813.919982910156
3552.62272744738	812.47998046875
3554.5223635842	811.080017089844
3556.42146823786	810.840026855469
3558.32004161268	809.440002441406
3560.21808391289	809.080017089844
3562.11559534259	809.159973144531
3564.01257610581	807.960021972656
3565.90902640645	808.559997558594
3567.80494644831	809.52001953125
3569.7003364351	808.200012207031
3571.59519657042	806.440002441406
3573.48952705774	805.880004882813
3575.38332810048	805.640014648438
3577.27659990191	808.200012207031
3579.16934266521	805.799987792969
3581.06155659346	806.239990234375
3582.95324188965	805.320007324219
3584.84439875663	803.359985351563
3586.73502739718	803.47998046875
3588.62512801397	803.280029296875
3590.51470080955	803.880004882813
3592.40374598639	802.640014648438
3594.29226374685	803.159973144531
3596.18025429317	804.400024414063
3598.06771782751	801.47998046875
3599.95465455192	800.640014648438
3601.84106466834	800.640014648438
3603.72694837861	801.440002441406
3605.61230588447	801.640014648438
3607.49713738756	801.47998046875
3609.38144308942	802.080017089844
3611.26522319148	800.119995117188
3613.14847789506	798.840026855469
3615.0312074014	798.640014648438
3616.91341191162	798.200012207031
3618.79509162674	796.119995117188
3620.67624674769	797.159973144531
3622.55687747528	796.719970703125
3624.43698401024	797.200012207031
3626.31656655317	798.359985351563
3628.1956253046	797.320007324219
3630.07416046492	796.159973144531
3631.95217223446	796.080017089844
3633.82966081342	794.880004882813
3635.70662640191	794.679992675781
3637.58306919993	794.559997558594
3639.45898940739	794.559997558594
3641.33438722409	794.400024414063
3643.20926284973	793.960021972656
3645.08361648392	793.719970703125
3646.95744832614	792.960021972656
3648.8307585758	793.280029296875
3650.7035474322	793.080017089844
3652.57581509452	792.719970703125
3654.44756176188	792.52001953125
3656.31878763324	792
3658.18949290753	790.559997558594
3660.05967778352	790.080017089844
3661.9293424599	789.960021972656
3663.79848713527	789.960021972656
3665.66711200812	790.080017089844
3667.53521727684	789.039978027344
3669.40280313972	788.47998046875
3671.26986979494	787.799987792969
3673.13641744059	787.52001953125
3675.00244627468	787
