-140.373595351881	779.47998046875
-137.335129063906	779.640014648438
-134.297686810867	779.400024414063
-131.261268103955	779.200012207031
-128.225872454677	779.359985351563
-125.191499374839	779.400024414063
-122.158148376567	779.159973144531
-119.125818972292	779.47998046875
-116.094510674759	779.080017089844
-113.064222997021	779.47998046875
-110.034955452443	779
-107.006707554687	779.799987792969
-103.979478817741	779.599975585938
-100.95326875589	779.359985351563
-97.928076883731	779.52001953125
-94.9039027161698	779.559997558594
-91.8807457684175	779.280029296875
-88.8586055560018	779.359985351563
-85.8374815947384	779.080017089844
-82.8173734007715	779.719970703125
-79.7982804905411	779.440002441406
-76.7802023807988	779.719970703125
-73.7631385885914	779.52001953125
-70.7470886312892	779.200012207031
-67.732052026553	779.239990234375
-64.7180282923587	779.119995117188
-61.7050169469884	779.400024414063
-58.6930175090183	779
-55.6820294973386	779.47998046875
-52.6720524311495	779.719970703125
-49.66308582994	779.159973144531
-46.6551292135171	779.599975585938
-43.6481821019882	779.359985351563
-40.6422440157577	779.440002441406
-37.6373144755424	779.47998046875
-34.6333930023594	779.760009765625
-31.630479117526	779.640014648438
-28.6285723426709	779.559997558594
-25.6276721997107	779.320007324219
-22.6277782108771	779.359985351563
-19.628889898701	779.640014648438
-16.6310067860081	780
-13.6341283959385	783.119995117188
-10.6382542519231	796.239990234375
-7.64338387769432	832.47998046875
-4.64951679729502	854.400024414063
-1.65665253506141	837
1.33520938438089	798.799987792969
4.32606943608095	781.400024414063
7.315928094803	779.679992675781
10.3047858350146	779.440002441406
13.2926431308747	779.200012207031
16.2795004562541	779
19.2653582847118	779.359985351563
22.2502170895187	779.440002441406
25.2340773436344	779.359985351563
28.216939519735	779.440002441406
31.1988040901939	779.359985351563
34.1796715270814	779.200012207031
37.1595423021732	779.119995117188
40.1384168869468	779.119995117188
43.1162957525854	779.559997558594
46.0931793699786	778.760009765625
49.0690682097059	778.799987792969
52.0439627420619	779.359985351563
55.0178634370476	779.200012207031
57.9907707643592	779.359985351563
60.9626851933962	779.47998046875
63.9336071932735	779.280029296875
66.9035372328018	779.400024414063
69.8724757804959	779.440002441406
72.8404233045826	779.280029296875
75.8073802729932	779.039978027344
78.7733471533597	778.960021972656
81.738324413019	779.359985351563
84.702312519025	779.159973144531
87.665311938125	779.880004882813
90.6273231367761	779.440002441406
93.5883465811569	779.080017089844
96.5483827371242	779.52001953125
99.5074320702731	778.880004882813
102.465495045889	779.400024414063
105.422572128961	779.239990234375
108.378663784199	780
111.333770476014	779.200012207031
114.287892668528	779.47998046875
117.24103082557	779.640014648438
120.193185410674	779.47998046875
123.144356887097	780.119995117188
126.094545717786	780.400024414063
129.043752365413	780.280029296875
131.991977292355	780.280029296875
134.939220960695	781.320007324219
137.885483832232	781.52001953125
140.83076636847	781.599975585938
143.775069030632	782.119995117188
146.718392279644	782.359985351563
149.660736576149	783.559997558594
152.602102380488	783.52001953125
155.54249015274	784.119995117188
158.481900352672	785.080017089844
161.420333439765	785.760009765625
164.357789873227	785.719970703125
167.294270111968	786.320007324219
170.229774614617	787.919982910156
173.164303839496	788.359985351563
176.097858244675	788.880004882813
179.030438287908	789.159973144531
181.962044426678	789.679992675781
184.89267711817	790.200012207031
187.822336819302	792.239990234375
190.751023986678	791.320007324219
193.678739076648	792.080017089844
196.605482545255	792.559997558594
199.531254848261	792.440002441406
202.456056441152	793.320007324219
205.379887779119	792.119995117188
208.30274931708	792.960021972656
211.224641509656	792.440002441406
214.145564811189	792.280029296875
217.06551967574	791.679992675781
219.984506557089	792.119995117188
222.902525908723	791.599975585938
225.819578183856	791.799987792969
228.735663835415	792.47998046875
231.650783316047	792.200012207031
234.564937078107	791.919982910156
237.478125573679	791.840026855469
240.390349254566	792.159973144531
243.301608572278	793.52001953125
246.211903978051	792.400024414063
249.121235922839	793.52001953125
252.029604857321	794.039978027344
254.93701123188	794.039978027344
257.843455496632	794.280029296875
260.748938101415	795.239990234375
263.653459495766	795.799987792969
266.557020128967	796.440002441406
269.459620450005	797.119995117188
272.361260907595	797.119995117188
275.261941950168	797.119995117188
278.161664025874	796.119995117188
281.060427582592	797.239990234375
283.958233067921	796.640014648438
286.855080929176	797.280029296875
289.750971613398	797.640014648438
292.645905567344	796
295.539883237503	796
298.432905070079	797.080017089844
301.324971511007	796.760009765625
304.216083005931	799.840026855469
307.10624000023	803.640014648438
309.995442939003	810.119995117188
312.883692267071	822.799987792969
315.770988428979	841.200012207031
318.657331869	854.679992675781
321.542723031127	852.440002441406
324.427162359076	836.119995117188
327.310650296293	818.960021972656
330.193187285945	809.799987792969
333.074773770929	804.039978027344
335.955410193855	800.719970703125
338.835096997075	798.119995117188
341.713834622655	796.719970703125
344.59162351239	795.919982910156
347.468464107802	794.47998046875
350.344356850137	794.400024414063
353.219302180373	793.47998046875
356.093300539208	794.200012207031
358.966352367073	793.599975585938
361.838458104123	793.559997558594
364.70961819024	793.760009765625
367.579833065031	793.159973144531
370.449103167837	792.840026855469
373.317428937727	792.559997558594
376.184810813496	792.559997558594
379.051249233659	793.719970703125
381.916744636474	793
384.78129745992	792.47998046875
387.644908141706	792.239990234375
390.50757711927	792.880004882813
393.36930482978	793.159973144531
396.23009171014	792.400024414063
399.089938196969	792.400024414063
401.948844726631	792.960021972656
404.806811735214	791.919982910156
407.66383965853	792.599975585938
410.519928932138	793.280029296875
413.375079991314	792.640014648438
416.229293271071	792.599975585938
419.082569206155	792.119995117188
421.934908231031	792.320007324219
424.786310779917	791.679992675781
427.636777286748	792.599975585938
430.486308185189	792.919982910156
433.334903908649	792.47998046875
436.182564890262	792.760009765625
439.029291562898	792.320007324219
441.875084359157	792.679992675781
444.719943711374	791.599975585938
447.563870051618	792.400024414063
450.406863811695	792.440002441406
453.248925423132	792.080017089844
456.090055317208	792.320007324219
458.93025392492	791.52001953125
461.76952167701	791.280029296875
464.60785900395	792.880004882813
467.44526633595	792.440002441406
470.281744102955	792.280029296875
473.117292734635	791.760009765625
475.951912660415	791.559997558594
478.785604309439	791.47998046875
481.618368110592	791.280029296875
484.450204492499	790.679992675781
487.281113883518	791.880004882813
490.111096711738	792.320007324219
492.940153404999	791.760009765625
495.768284390864	792
498.595490096635	792.359985351563
501.421770949366	792.119995117188
504.247127375825	792.280029296875
507.071559802537	791.640014648438
509.89506865575	792.880004882813
512.717654361473	792.200012207031
515.539317345424	792.320007324219
518.360058033083	792.359985351563
521.179876849652	792.599975585938
523.998774220083	793
526.816750569068	792.080017089844
529.633806321025	791.919982910156
532.44994190013	791.52001953125
535.265157730284	790.880004882813
538.079454235133	791.840026855469
540.892831838066	791.239990234375
543.705290962208	792
546.516832030424	792.159973144531
549.32745546533	791.960021972656
552.137161689268	791.320007324219
554.945951124325	792.400024414063
557.753824192341	790.640014648438
560.560781314883	791.640014648438
563.36682291327	791.47998046875
566.171949408555	791.119995117188
568.976161221537	790.919982910156
571.779458772759	791.239990234375
574.5818424825	791.599975585938
577.383312770792	792.559997558594
580.183870057402	791.599975585938
582.983514761843	791.239990234375
585.782247303363	791.400024414063
588.580068100976	790.679992675781
591.376977573414	791.200012207031
594.172976139164	791.599975585938
596.968064216463	790.919982910156
599.762242223282	790.799987792969
602.555510577335	790.559997558594
605.347869696099	790.119995117188
608.139319996771	790.080017089844
610.929861896313	790.719970703125
613.719495811421	791.039978027344
616.508222158541	790.640014648438
619.296041353863	791.239990234375
622.082953813324	790.880004882813
624.868959952607	790.960021972656
627.654060187137	790.280029296875
630.438254932094	789.52001953125
633.221544602397	790.840026855469
636.003929612719	789.880004882813
638.785410377468	790.799987792969
641.565987310814	790.919982910156
644.345660826665	790.760009765625
647.124431338674	790.359985351563
649.902299260252	790.47998046875
652.679265004552	790.080017089844
655.455328984475	790.039978027344
658.230491612671	790.119995117188
661.004753301541	790.919982910156
663.778114463229	790.47998046875
666.550575509631	791.119995117188
669.322136852395	790.599975585938
672.092798902916	790.080017089844
674.862562072336	791.159973144531
677.631426771548	790.440002441406
680.399393411204	790.359985351563
683.166462401689	791.320007324219
685.93263415315	790.47998046875
688.697909075486	790.119995117188
691.462287578337	790.880004882813
694.225770071098	789.679992675781
696.988356962926	790.039978027344
699.750048662705	789.559997558594
702.5108455791	789.640014648438
705.270748120503	791.200012207031
708.029756695068	790.440002441406
710.787871710705	789.47998046875
713.545093575065	790.559997558594
716.301422695566	791.280029296875
719.056859479364	791.640014648438
721.811404333376	790.840026855469
724.56505766427	790.559997558594
727.317819878473	790.119995117188
730.069691382148	789.679992675781
732.820672581226	789.960021972656
735.570763881396	790.239990234375
738.319965688092	790
741.068278406496	791.080017089844
743.815702441559	791.599975585938
746.562238197974	790.799987792969
749.307886080196	791.200012207031
752.052646492436	790.799987792969
754.796519838656	791.559997558594
757.539506522567	790.52001953125
760.28160694765	790.799987792969
763.022821517128	790.840026855469
765.76315063399	790.119995117188
768.502594700972	790.960021972656
771.241154120572	790.599975585938
773.978829295045	789.799987792969
776.715620626397	791.919982910156
779.451528516396	792.440002441406
782.186553366565	792.760009765625
784.920695578179	791.760009765625
787.653955552283	792.840026855469
790.386333689662	791.599975585938
793.117830390877	791.840026855469
795.848446056227	790.799987792969
798.578181085792	791.039978027344
801.307035879389	791.320007324219
804.035010836599	791.640014648438
806.762106356774	790.760009765625
809.488322839013	790.960021972656
812.213660682169	790.559997558594
814.938120284866	791.280029296875
817.661702045482	790.640014648438
820.384406362153	789.919982910156
823.10623363278	791.440002441406
825.827184255014	790.640014648438
828.547258626283	790.559997558594
831.266457143747	790.840026855469
833.984780204358	790.919982910156
836.702228204804	790.679992675781
839.418801541552	790.679992675781
842.134500610814	789.799987792969
844.849325808575	789.119995117188
847.563277530579	791.320007324219
850.276356172319	791.400024414063
852.988562129066	791.679992675781
855.69989579585	791.200012207031
858.410357567456	791.719970703125
861.119947838428	791.119995117188
863.828667003087	789.280029296875
866.536515455503	789.52001953125
869.243493589517	789.119995117188
871.949601798728	789.559997558594
874.654840476504	789.840026855469
877.359210015961	790.359985351563
880.062710810003	790.119995117188
882.765343251273	789.919982910156
885.467107732191	790.400024414063
888.168004644938	790.239990234375
890.868034381467	790.119995117188
893.567197333476	790.159973144531
896.265493892445	790.320007324219
898.962924449614	790
901.659489395985	789.679992675781
904.355189122325	789.719970703125
907.050024019165	789.320007324219
909.743994476809	789.960021972656
912.437100885322	790.320007324219
915.129343634532	790.159973144531
917.820723114032	790.52001953125
920.511239713189	789.880004882813
923.200893821127	790.280029296875
925.889685826744	790.159973144531
928.577616118699	790.280029296875
931.264685085419	791.200012207031
933.950893115098	790.960021972656
936.6362405957	791.799987792969
939.320727914956	790.880004882813
942.004355460359	790.52001953125
944.687123619173	790.599975585938
947.369032778431	790.359985351563
950.050083324934	789.880004882813
952.730275645247	790.719970703125
955.409610125711	790.960021972656
958.088087152423	791.440002441406
960.765707111263	790.760009765625
963.442470387871	790.320007324219
966.118377367657	790.359985351563
968.793428435798	790.47998046875
971.467623977254	790.239990234375
974.140964376739	789.799987792969
976.813450018737	790.119995117188
979.485081287511	791
982.155858567087	790.719970703125
984.825782241271	789.919982910156
987.494852693624	790.760009765625
990.163070307487	790.760009765625
992.830435465978	791.559997558594
995.496948551973	790.840026855469
998.162609948122	792.080017089844
1000.82742003685	793.640014648438
1003.49137920036	793.799987792969
1006.15448782061	793.280029296875
1008.81674627934	791.039978027344
1011.47815495806	790.080017089844
1014.13871423805	790.359985351563
1016.79842450037	789.640014648438
1019.45728612586	789.039978027344
1022.11529949509	788.760009765625
1024.77246498846	789.640014648438
1027.4287829861	790.039978027344
1030.08425386792	790.400024414063
1032.73887801363	790.280029296875
1035.3926558027	790.47998046875
1038.04558761435	789.599975585938
1040.69767382761	789.359985351563
1043.34891482125	790.159973144531
1045.99931097384	790.119995117188
1048.64886266371	790.239990234375
1051.29757026898	789.47998046875
1053.94543416753	789.679992675781
1056.59245473701	789.320007324219
1059.23863235486	789.280029296875
1061.8839673983	790.719970703125
1064.5284602443	790.559997558594
1067.17211126962	790.559997558594
1069.8149208508	790.159973144531
1072.45688936415	790.159973144531
1075.09801718577	789.440002441406
1077.7383046915	790.359985351563
1080.377752257	790.960021972656
1083.01636025767	790.559997558594
1085.65412906872	791.080017089844
1088.2910590651	791.719970703125
1090.92715062157	790.679992675781
1093.56240411266	790.840026855469
1096.19681991265	792
1098.83039839564	791.52001953125
1101.46313993547	791.960021972656
1104.09504490579	790.599975585938
1106.72611368	790.640014648438
1109.35634663129	790.280029296875
1111.98574413263	789.679992675781
1114.61430655677	789.799987792969
1117.24203427624	789.679992675781
1119.86892766333	789.400024414063
1122.49498709014	788.760009765625
1125.12021292851	789.640014648438
1127.74460555011	789.840026855469
1130.36816532634	789.559997558594
1132.99089262841	789.440002441406
1135.6127878273	788
1138.23385129376	787.919982910156
1140.85408339834	787.47998046875
1143.47348451137	787.919982910156
1146.09205500294	787.960021972656
1148.70979524293	787.400024414063
1151.326705601	787.880004882813
1153.9427864466	788.039978027344
1156.55803814896	788.280029296875
1159.17246107707	788.559997558594
1161.78605559974	788.280029296875
1164.39882208551	788.52001953125
1167.01076090276	788.200012207031
1169.6218724196	788.440002441406
1172.23215700396	788.880004882813
1174.84161502352	789.559997558594
1177.45024684578	789.039978027344
1180.05805283799	788.799987792969
1182.66503336719	789.039978027344
1185.27118880021	789.119995117188
1187.87651950367	788.359985351563
1190.48102584395	788.880004882813
1193.08470818723	788.359985351563
1195.68756689948	789.280029296875
1198.28960234643	789.47998046875
1200.89081489363	789.280029296875
1203.49120490636	790.47998046875
1206.09077274974	791.080017089844
1208.68951878864	789.52001953125
1211.28744338773	789.719970703125
1213.88454691145	790.47998046875
1216.48082972404	790.960021972656
1219.07629218953	791
1221.6709346717	791.400024414063
1224.26475753416	792.320007324219
1226.85776114028	791.880004882813
1229.44994585322	792.280029296875
1232.04131203592	792.52001953125
1234.63186005112	792.559997558594
1237.22159026133	793.239990234375
1239.81050302886	794.200012207031
1242.3985987158	792.400024414063
1244.98587768402	794.760009765625
1247.5723402952	794.280029296875
1250.15798691078	793.880004882813
1252.74281789199	793.719970703125
1255.32683359987	793.47998046875
1257.91003439523	793.159973144531
1260.49242063865	793.799987792969
1263.07399269055	793.159973144531
1265.65475091108	792.599975585938
1268.23469566021	792.320007324219
1270.81382729769	793.679992675781
1273.39214618306	791.840026855469
1275.96965267566	792.080017089844
1278.54634713458	793.119995117188
1281.12222991875	791.119995117188
1283.69730138685	791.599975585938
1286.27156189737	792.119995117188
1288.84501180858	791.760009765625
1291.41765147853	791.840026855469
1293.98948126509	792.679992675781
1296.56050152589	792.280029296875
1299.13071261837	793.239990234375
1301.70011489973	793.159973144531
1304.268708727	792.919982910156
1306.83649445698	793.239990234375
1309.40347244625	793.280029296875
1311.96964305119	793.47998046875
1314.53500662799	794
1317.0995635326	793.919982910156
1319.66331412077	793.47998046875
1322.22625874806	793.799987792969
1324.7883977698	792.799987792969
1327.34973154112	792.880004882813
1329.91026041694	793.159973144531
1332.46998475197	793.640014648438
1335.0289049007	793.960021972656
1337.58702121746	794.400024414063
1340.14433405631	793.440002441406
1342.70084377115	793.440002441406
1345.25655071563	792.239990234375
1347.81145524323	792.400024414063
1350.36555770721	791.880004882813
1352.91885846062	790.760009765625
1355.47135785631	790.440002441406
1358.02305624691	790.440002441406
1360.57395398486	789.960021972656
1363.12405142237	790.559997558594
1365.67334891148	790.320007324219
1368.22184680399	789.880004882813
1370.76954545151	789.400024414063
1373.31644520545	789.239990234375
1375.86254641699	789.960021972656
1378.40784943713	788.640014648438
1380.95235461666	789.840026855469
1383.49606230615	788.760009765625
1386.03897285598	790.119995117188
1388.58108661632	789.559997558594
1391.12240393713	789.280029296875
1393.66292516818	789.039978027344
1396.20265065903	789.47998046875
1398.74158075901	789.200012207031
1401.2797158173	788.840026855469
1403.81705618282	789.47998046875
1406.35360220431	789.880004882813
1408.88935423032	788.52001953125
1411.42431260919	789.039978027344
1413.95847768903	789.47998046875
1416.49184981777	789.599975585938
1419.02442934314	789.280029296875
1421.55621661266	790
1424.08721197364	789.919982910156
1426.61741577321	789.239990234375
1429.14682835828	790.159973144531
1431.67545007555	790.080017089844
1434.20328127153	790.599975585938
1436.73032229253	791.320007324219
1439.25657348466	792.599975585938
1441.78203519381	793.719970703125
1444.3067077657	793.440002441406
1446.83059154581	794.119995117188
1449.35368687944	793.840026855469
1451.8759941117	794
1454.39751358748	793.640014648438
1456.91824565148	793.440002441406
1459.43819064818	793.359985351563
1461.95734892189	793.440002441406
1464.4757208167	792.47998046875
1466.99330667649	792.599975585938
1469.51010684497	790.799987792969
1472.02612166564	790.640014648438
1474.54135148177	790.440002441406
1477.05579663646	790.640014648438
1479.56945747262	788.840026855469
1482.08233433293	789.200012207031
1484.59442755989	789.880004882813
1487.10573749579	788.880004882813
1489.61626448275	788.599975585938
1492.12600886264	788.400024414063
1494.63497097718	786.919982910156
1497.14315116786	786.960021972656
1499.65054977599	786.359985351563
1502.15716714267	786.039978027344
1504.66300360881	785.880004882813
1507.16805951512	786.599975585938
1509.67233520211	785.840026855469
1512.1758310101	786.599975585938
1514.67854727919	786.320007324219
1517.18048434931	785.960021972656
1519.68164256018	786.119995117188
1522.18202225132	785.840026855469
1524.68162376207	785.640014648438
1527.18044743155	785.760009765625
1529.67849359869	786.119995117188
1532.17576260224	785.760009765625
1534.67225478072	786.440002441406
1537.1679704725	785.919982910156
1539.66291001572	785.960021972656
1542.15707374832	785.880004882813
1544.65046200807	787.119995117188
1547.14307513254	786.52001953125
1549.63491345907	786.919982910156
1552.12597732485	787.52001953125
1554.61626706685	787.599975585938
1557.10578302185	787.679992675781
1559.59452552644	787.679992675781
1562.082494917	787.359985351563
1564.56969152973	788.400024414063
1567.05611570064	788.719970703125
1569.54176776552	788.880004882813
1572.02664806	788.840026855469
1574.51075691949	789.47998046875
1576.99409467921	789.440002441406
1579.4766616742	788.679992675781
1581.95845823929	789.080017089844
1584.43948470912	789.320007324219
1586.91974141815	789.400024414063
1589.39922870064	789.640014648438
1591.87794689064	788.200012207031
1594.35589632202	788.880004882813
1596.83307732848	788.880004882813
1599.30949024348	788.799987792969
1601.78513540033	789.47998046875
1604.26001313211	789.359985351563
1606.73412377175	790.400024414063
1609.20746765196	790.280029296875
1611.68004510526	790.719970703125
1614.15185646398	790.760009765625
1616.62290206026	790.559997558594
1619.09318222605	791.159973144531
1621.56269729311	790.159973144531
1624.031447593	789.840026855469
1626.4994334571	790.880004882813
1628.9666552166	791.239990234375
1631.43311320248	791.359985351563
1633.89880774554	791.760009765625
1636.3637391764	792.080017089844
1638.82790782548	791.760009765625
1641.29131402301	791.679992675781
1643.75395809903	792.159973144531
1646.21584038339	793.280029296875
1648.67696120575	794.760009765625
1651.13732089558	794.52001953125
1653.59691978216	793.280029296875
1656.05575819459	794.960021972656
1658.51383646175	794.440002441406
1660.97115491238	795.200012207031
1663.42771387498	794.760009765625
1665.8835136779	794
1668.33855464928	792.599975585938
1670.79283711708	792.47998046875
1673.24636140907	793.840026855469
1675.69912785282	791.760009765625
1678.15113677572	791.799987792969
1680.602388505	791.359985351563
1683.05288336764	789.47998046875
1685.50262169049	790.080017089844
1687.95160380019	788.840026855469
1690.39983002318	789
1692.84730068573	787.559997558594
1695.29401611392	787.119995117188
1697.73997663364	787.239990234375
1700.18518257059	786.320007324219
1702.6296342503	786.200012207031
1705.07333199807	785.559997558594
1707.51627613907	785.280029296875
1709.95846699824	785.599975585938
1712.39990490036	784.719970703125
1714.84059017001	785
1717.28052313159	784.640014648438
1719.7197041093	784.679992675781
1722.15813342718	784.159973144531
1724.59581140906	783.919982910156
1727.03273837859	783.919982910156
1729.46891465926	784.52001953125
1731.90434057432	783.599975585938
1734.3390164469	783.880004882813
1736.7729425999	783.640014648438
1739.20611935604	783.52001953125
1741.63854703787	783.440002441406
1744.07022596776	783.359985351563
1746.50115646787	783.320007324219
1748.93133886019	783.400024414063
1751.36077346652	783.559997558594
1753.7894606085	782.919982910156
1756.21740060755	783.039978027344
1758.64459378494	783.080017089844
1761.07104046172	783.119995117188
1763.49674095879	783.47998046875
1765.92169559684	783.320007324219
1768.3459046964	783.159973144531
1770.7693685778	782.239990234375
1773.1920875612	783.039978027344
1775.61406196656	782.47998046875
1778.03529211367	783.320007324219
1780.45577832214	782.440002441406
1782.87552091138	782.159973144531
1785.29452020064	782.440002441406
1787.71277650897	782.880004882813
1790.13029015525	782.52001953125
1792.54706145817	782.919982910156
1794.96309073625	782.760009765625
1797.3783783078	783.119995117188
1799.79292449097	782.559997558594
1802.20672960375	782.440002441406
1804.61979396389	783.080017089844
1807.03211788902	782.679992675781
1809.44370169655	782.679992675781
1811.85454570373	782.679992675781
1814.2646502276	782.880004882813
1816.67401558506	782.280029296875
1819.0826420928	782.400024414063
1821.49053006734	782.840026855469
1823.89767982501	782.52001953125
1826.30409168198	782.559997558594
1828.70976595422	782.880004882813
1831.11470295753	782.400024414063
1833.51890300752	782.799987792969
1835.92236641964	782.080017089844
1838.32509350914	782.400024414063
1840.72708459111	782.239990234375
1843.12833998044	782
1845.52885999184	782.679992675781
1847.92864493987	782.440002441406
1850.32769513889	782.47998046875
1852.72601090307	782.200012207031
1855.12359254642	782.280029296875
1857.52044038278	782.440002441406
1859.91655472578	782.039978027344
1862.31193588889	782.159973144531
1864.70658418542	782.359985351563
1867.10049992847	782.719970703125
1869.49368343096	782.320007324219
1871.88613500568	782.119995117188
1874.27785496518	782.400024414063
1876.66884362188	781.960021972656
1879.059101288	781.919982910156
1881.44862827559	782.159973144531
1883.8374248965	782.080017089844
1886.22549146246	782.119995117188
1888.61282828495	782.320007324219
1890.99943567534	781.960021972656
1893.38531394477	782.080017089844
1895.77046340424	783
1898.15488436455	782.47998046875
1900.53857713634	782.719970703125
1902.92154203006	782.280029296875
1905.303779356	782.440002441406
1907.68528942426	782.239990234375
1910.06607254477	781.840026855469
1912.44612902729	782.52001953125
1914.82545918139	782.52001953125
1917.20406331648	782.47998046875
1919.58194174178	782.200012207031
1921.95909476634	782.719970703125
1924.33552269905	782.400024414063
1926.71122584861	782.719970703125
1929.08620452353	782.640014648438
1931.46045903219	782.440002441406
1933.83398968275	782.840026855469
1936.20679678322	782.799987792969
1938.57888064142	782.799987792969
1940.95024156502	782.919982910156
1943.3208798615	781.960021972656
1945.69079583816	782.599975585938
1948.05998980213	782.359985351563
1950.42846206038	782.239990234375
1952.79621291969	782.200012207031
1955.16324268668	782.880004882813
1957.52955166778	782.760009765625
1959.89514016927	782.239990234375
1962.26000849723	782.719970703125
1964.62415695759	782.559997558594
1966.98758585609	783
1969.3502954983	782.640014648438
1971.71228618964	782.359985351563
1974.07355823532	782.760009765625
1976.43411194042	782.52001953125
1978.79394760981	782.440002441406
1981.1530655482	782.47998046875
1983.51146606014	782.679992675781
1985.86914944999	782.679992675781
1988.22611602196	782.919982910156
1990.58236608007	782.760009765625
1992.93789992817	782.760009765625
1995.29271786995	782.640014648438
1997.64682020892	782.760009765625
2000.00020724843	782.719970703125
2002.35287929162	782.359985351563
2004.70483664152	782.679992675781
2007.05607960095	782.440002441406
2009.40660847256	782.47998046875
2011.75642355884	782.719970703125
2014.1055251621	782.280029296875
2016.4539135845	782.880004882813
2018.80158912802	782.400024414063
2021.14855209444	782.880004882813
2023.49480278542	782.960021972656
2025.84034150242	783.200012207031
2028.18516854673	782.799987792969
2030.52928421948	782.599975585938
2032.87268882163	782.719970703125
2035.21538265398	783.159973144531
2037.55736601713	782.960021972656
2039.89863921153	783.440002441406
2042.23920253747	783.239990234375
2044.57905629506	782.719970703125
2046.91820078425	782.960021972656
2049.2566363048	783.320007324219
2051.59436315633	783.080017089844
2053.93138163827	783.119995117188
2056.2676920499	782.880004882813
2058.6032946903	782.039978027344
2060.93818985843	783.039978027344
2063.27237785303	782.760009765625
2065.60585897272	783.159973144531
2067.93863351592	782.559997558594
2070.27070178089	783.200012207031
2072.60206406574	782.799987792969
2074.93272066838	783.119995117188
2077.26267188658	783.239990234375
2079.59191801793	782.359985351563
2081.92045935985	782.719970703125
2084.24829620962	783.039978027344
2086.57542886431	782.799987792969
2088.90185762087	783.239990234375
2091.22758277604	783.239990234375
2093.55260462643	783.359985351563
2095.87692346845	782.640014648438
2098.20053959837	783.200012207031
2100.52345331229	783.200012207031
2102.84566490614	782.880004882813
2105.16717467567	783.159973144531
2107.48798291649	783.559997558594
2109.80808992403	783.119995117188
2112.12749599355	783.159973144531
2114.44620142016	782.719970703125
2116.7642064988	783
2119.08151152423	783
2121.39811679106	782.880004882813
2123.71402259374	783.320007324219
2126.02922922653	783
2128.34373698356	782.239990234375
2130.65754615876	783.119995117188
2132.97065704594	783.239990234375
2135.28306993869	783.280029296875
2137.59478513047	783.159973144531
2139.90580291459	782.760009765625
2142.21612358416	783.200012207031
2144.52574743214	783.080017089844
2146.83467475134	783.039978027344
2149.1429058344	783.200012207031
2151.45044097377	783.320007324219
2153.75728046178	783.080017089844
2156.06342459057	783.400024414063
2158.36887365212	782.799987792969
2160.67362793825	783.200012207031
2162.97768774061	783.080017089844
2165.28105335071	783
2167.58372505987	783.280029296875
2169.88570315926	783.679992675781
2172.18698793988	782.919982910156
2174.48757969258	783.039978027344
2176.78747870805	782.760009765625
2179.08668527679	782.640014648438
2181.38519968917	783.52001953125
2183.68302223538	782.960021972656
2185.98015320547	782.320007324219
2188.27659288929	783.47998046875
2190.57234157656	783
2192.86739955682	782.52001953125
2195.16176711948	782.359985351563
2197.45544455375	782.440002441406
2199.74843214869	782.679992675781
2202.04073019322	783.359985351563
2204.33233897607	782.799987792969
2206.62325878583	782.760009765625
2208.91348991093	782.880004882813
2211.20303263961	782.400024414063
2213.49188726	782.840026855469
2215.78005406001	782.799987792969
2218.06753332744	783.080017089844
2220.35432534991	783
2222.64043041487	783.080017089844
2224.92584880964	782.679992675781
2227.21058082134	782.159973144531
2229.49462673696	782.880004882813
2231.77798684332	782.47998046875
2234.06066142709	782.359985351563
2236.34265077477	782.640014648438
2238.62395517269	782.47998046875
2240.90457490706	782.640014648438
2243.18451026388	782.559997558594
2245.46376152904	782.840026855469
2247.74232898823	783
2250.02021292701	782.400024414063
2252.29741363077	783
2254.57393138475	782.280029296875
2256.849766474	782.52001953125
2259.12491918346	782.320007324219
2261.39938979788	782.080017089844
2263.67317860185	782.320007324219
2265.94628587983	782.440002441406
2268.2187119161	782.159973144531
2270.49045699478	781.880004882813
2272.76152139985	782.760009765625
2275.03190541511	782.679992675781
2277.30160932421	782.239990234375
2279.57063341067	782.440002441406
2281.83897795781	782.320007324219
2284.10664324882	782.679992675781
2286.37362956672	782.239990234375
2288.63993719439	782.47998046875
2290.90556641454	783
2293.17051750973	782.52001953125
2295.43479076235	782.679992675781
2297.69838645465	782.719970703125
2299.96130486871	782.640014648438
2302.22354628647	782.440002441406
2304.48511098971	782.280029296875
2306.74599926003	782.159973144531
2309.00621137891	782.280029296875
2311.26574762765	782.52001953125
2313.52460828741	782.320007324219
2315.78279363917	781.760009765625
2318.04030396379	782.760009765625
2320.29713954195	781.799987792969
2322.55330065418	782.400024414063
2324.80878758085	782.440002441406
2327.06360060219	782.719970703125
2329.31773999826	782.080017089844
2331.57120604897	782.559997558594
2333.82399903409	782.880004882813
2336.0761192332	782.280029296875
2338.32756692577	782.52001953125
2340.57834239108	782.080017089844
2342.82844590827	782.359985351563
2345.07787775633	782.239990234375
2347.32663821409	782.159973144531
2349.57472756023	782.359985351563
2351.82214607327	782.039978027344
2354.06889403158	782.119995117188
2356.31497171337	782.559997558594
2358.56037939672	782.119995117188
2360.80511735953	782.320007324219
2363.04918587955	781.960021972656
2365.29258523439	782.719970703125
2367.5353157015	782.280029296875
2369.77737755817	781.880004882813
2372.01877108156	782
2374.25949654865	782.119995117188
2376.49955423629	782.440002441406
2378.73894442115	782.280029296875
2380.97766737977	782.52001953125
2383.21572338855	782.47998046875
2385.45311272369	782.640014648438
2387.68983566129	781.880004882813
2389.92589247727	781.960021972656
2392.1612834474	782.200012207031
2394.39600884731	781.799987792969
2396.63006895246	781.960021972656
2398.86346403818	782.200012207031
2401.09619437962	782.320007324219
2403.32826025182	782.440002441406
2405.55966192963	782.119995117188
2407.79039968777	782.52001953125
2410.0204738008	783.039978027344
2412.24988454313	782.200012207031
2414.47863218902	781.880004882813
2416.70671701258	782.080017089844
2418.93413928778	782.280029296875
2421.16089928842	781.880004882813
2423.38699728817	782.280029296875
2425.61243356052	781.960021972656
2427.83720837884	781.840026855469
2430.06132201633	781.320007324219
2432.28477474606	782.080017089844
2434.50756684093	782.359985351563
2436.72969857371	782.080017089844
2438.95117021699	781.960021972656
2441.17198204325	781.960021972656
2443.39213432478	782.239990234375
2445.61162733376	781.280029296875
2447.83046134218	782.440002441406
2450.04863662192	782.640014648438
2452.26615344468	781.440002441406
2454.48301208203	782
2456.69921280539	781.47998046875
2458.91475588602	782.080017089844
2461.12964159504	781.52001953125
2463.34387020342	782.280029296875
2465.55744198198	782.119995117188
2467.77035720139	781.840026855469
2469.98261613217	782.359985351563
2472.1942190447	781.840026855469
2474.40516620922	782.239990234375
2476.6154578958	782.640014648438
2478.82509437436	781.960021972656
2481.03407591471	781.47998046875
2483.24240278646	781.440002441406
2485.45007525911	782.200012207031
2487.65709360202	781.840026855469
2489.86345808435	781.52001953125
2492.06916897518	781.719970703125
2494.27422654339	782.320007324219
2496.47863105774	782.320007324219
2498.68238278683	782.239990234375
2500.88548199912	781.760009765625
2503.08792896294	782.039978027344
2505.28972394643	781.840026855469
2507.49086721763	782
2509.6913590444	782.359985351563
2511.89119969447	781.719970703125
2514.09038943543	782.039978027344
2516.2889285347	782.239990234375
2518.48681725957	782.640014648438
2520.6840558772	782.559997558594
2522.88064465456	782
2525.07658385852	782.039978027344
2527.27187375578	782.47998046875
2529.4665146129	781.960021972656
2531.66050669629	781.960021972656
2533.85385027222	781.679992675781
2536.04654560681	781.799987792969
2538.23859296605	782.080017089844
2540.42999261577	782.280029296875
2542.62074482166	782.119995117188
2544.81084984925	782.080017089844
2547.00030796395	782.760009765625
2549.18911943101	782.280029296875
2551.37728451555	781.960021972656
2553.56480348252	782.47998046875
2555.75167659675	781.679992675781
2557.93790412292	782.359985351563
2560.12348632556	782.039978027344
2562.30842346905	781.840026855469
2564.49271581764	782.559997558594
2566.67636363544	782.080017089844
2568.85936718639	781.679992675781
2571.04172673431	782.239990234375
2573.22344254288	782.52001953125
2575.40451487562	781.719970703125
2577.58494399591	782.039978027344
2579.76473016699	782.799987792969
2581.94387365196	782.239990234375
2584.12237471377	782.400024414063
2586.30023361523	782.039978027344
2588.47745061901	781.679992675781
2590.65402598763	782.799987792969
2592.82995998348	782.52001953125
2595.0052528688	782.760009765625
2597.17990490568	782.400024414063
2599.35391635608	781.960021972656
2601.52728748181	781.799987792969
2603.70001854454	782.159973144531
2605.8721098058	782.400024414063
2608.04356152698	782.039978027344
2610.21437396931	781.880004882813
2612.3845473939	781.960021972656
2614.55408206173	782.440002441406
2616.72297823359	782.640014648438
2618.89123617017	782.239990234375
2621.058856132	781.640014648438
2623.22583837949	782.080017089844
2625.39218317288	782.400024414063
2627.55789077229	782.239990234375
2629.72296143769	782
2631.88739542891	782
2634.05119300563	782.359985351563
2636.21435442742	782.640014648438
2638.37687995367	782.880004882813
2640.53876984365	781.919982910156
2642.70002435649	782.239990234375
2644.86064375119	782.880004882813
2647.02062828658	782.159973144531
2649.17997822137	782.599975585938
2651.33869381413	782.080017089844
2653.49677532328	782.679992675781
2655.65422300711	782.239990234375
2657.81103712378	782.719970703125
2659.96721793127	782.47998046875
2662.12276568747	781.679992675781
2664.2776806501	782.320007324219
2666.43196307675	782.359985351563
2668.58561322486	782.760009765625
2670.73863135176	782.719970703125
2672.8910177146	782.719970703125
2675.04277257043	782.239990234375
2677.19389617612	781.760009765625
2679.34438878845	782.760009765625
2681.49425066402	782.640014648438
2683.64348205931	782.640014648438
2685.79208323065	783.320007324219
2687.94005443425	782.280029296875
2690.08739592617	782.280029296875
2692.23410796233	782.760009765625
2694.38019079852	782.640014648438
2696.52564469038	782.599975585938
2698.67046989342	782.760009765625
2700.81466666302	783.52001953125
2702.9582352544	782.919982910156
2705.10117592265	782.440002441406
2707.24348892275	782.840026855469
2709.3851745095	782.760009765625
2711.5262329376	782.919982910156
2713.66666446158	783.239990234375
2715.80646933585	783.280029296875
2717.94564781468	783.119995117188
2720.08420015222	782.760009765625
2722.22212660245	783.599975585938
2724.35942741923	783.359985351563
2726.49610285628	783.320007324219
2728.63215316721	783.47998046875
2730.76757860544	783.280029296875
2732.9023794243	783.840026855469
2735.03655587697	783.599975585938
2737.17010821648	783.599975585938
2739.30303669573	783.400024414063
2741.4353415675	784.039978027344
2743.56702308442	783.47998046875
2745.69808149898	783.559997558594
2747.82851706355	783.280029296875
2749.95833003034	783.640014648438
2752.08752065145	783.640014648438
2754.21608917883	783.080017089844
2756.3440358643	783.559997558594
2758.47136095954	783.119995117188
2760.59806471609	783.52001953125
2762.72414738537	783.280029296875
2764.84960921865	782.640014648438
2766.97445046708	782.960021972656
2769.09867138166	783.559997558594
2771.22227221326	783.039978027344
2773.34525321263	783.880004882813
2775.46761463035	783.119995117188
2777.58935671691	783.119995117188
2779.71047972262	782.880004882813
2781.83098389771	783
2783.95086949221	782.880004882813
2786.07013675607	783.52001953125
2788.18878593908	783.559997558594
2790.3068172909	783.880004882813
2792.42423106106	782.840026855469
2794.54102749895	783.280029296875
2796.65720685384	783
2798.77276937486	783.440002441406
2800.88771531098	783.200012207031
2803.00204491107	783.719970703125
2805.11575842387	783.559997558594
2807.22885609796	784
2809.34133818179	783.799987792969
2811.4532049237	783.599975585938
2813.56445657189	784.52001953125
2815.6750933744	783.52001953125
2817.78511557916	783.840026855469
2819.89452343398	784.039978027344
2822.00331718652	783.919982910156
2824.11149708429	784.559997558594
2826.2190633747	785.280029296875
2828.32601630502	784.760009765625
2830.43235612237	784.719970703125
2832.53808307375	785.440002441406
2834.64319740603	786.280029296875
2836.74769936595	786.359985351563
2838.85158920011	786.280029296875
2840.95486715497	787.200012207031
2843.05753347689	788.119995117188
2845.15958841206	788.52001953125
2847.26103220657	789.400024414063
2849.36186510636	789.640014648438
2851.46208735724	790.719970703125
2853.56169920488	790.039978027344
2855.66070089485	790.840026855469
2857.75909267257	793
2859.85687478332	792.719970703125
2861.95404747225	794.400024414063
2864.05061098439	795.840026855469
2866.14656556464	796.280029296875
2868.24191145777	795.52001953125
2870.3366489084	795.599975585938
2872.43077816104	796.599975585938
2874.52429946006	798.760009765625
2876.61721304971	799.679992675781
2878.70951917409	799.039978027344
2880.8012180772	798.159973144531
2882.89231000287	799.320007324219
2884.98279519483	798.559997558594
2887.07267389667	800.080017089844
2889.16194635186	800.039978027344
2891.25061280373	801.359985351563
2893.33867349546	800.159973144531
2895.42612867015	800.760009765625
2897.51297857074	800.599975585938
2899.59922344003	800.880004882813
2901.68486352071	800.280029296875
2903.76989905533	802.320007324219
2905.85433028632	804.640014648438
2907.93815745598	805.52001953125
2910.02138080648	805.039978027344
2912.10400057985	806.359985351563
2914.186017018	805.880004882813
2916.26743036271	807.919982910156
2918.34824085563	805.719970703125
2920.4284487383	807.919982910156
2922.5080542521	808.880004882813
2924.58705763829	813.200012207031
2926.66545913802	811.080017089844
2928.74325899231	810.840026855469
2930.82045744202	811.239990234375
2932.89705472792	811.119995117188
2934.97305109062	812.039978027344
2937.04844677063	812.599975585938
2939.12324200832	811.679992675781
2941.19743704393	812.599975585938
2943.27103211757	811
2945.34402746923	808.880004882813
2947.41642333876	807.640014648438
2949.48821996592	807.239990234375
2951.55941759028	806.359985351563
2953.63001645135	806.799987792969
2955.70001678845	805.559997558594
2957.76941884083	805.200012207031
2959.83822284757	805.320007324219
2961.90642904764	804.039978027344
2963.97403767988	804.400024414063
2966.04104898302	803.320007324219
2968.10746319565	804.039978027344
2970.17328055621	801.719970703125
2972.23850130305	800.799987792969
2974.30312567438	799.960021972656
2976.36715390829	801.440002441406
2978.43058624273	802.840026855469
2980.49342291553	802.359985351563
2982.55566416439	801.119995117188
2984.61731022691	799.880004882813
2986.67836134051	799.679992675781
2988.73881774255	799.52001953125
2990.79867967021	797.640014648438
2992.85794736058	798.200012207031
2994.9166210506	797.080017089844
2996.97470097711	796
2999.03218737679	795.679992675781
3001.08908048622	795.440002441406
3003.14538054186	795.52001953125
3005.20108778002	796.400024414063
3007.25620243691	796.080017089844
3009.3107247486	795.640014648438
3011.36465495104	794.919982910156
3013.41799328004	794.599975585938
3015.47073997133	794.640014648438
3017.52289526045	795.080017089844
3019.57445938288	794.52001953125
3021.62543257393	795.039978027344
3023.6758150688	794.840026855469
3025.72560710258	795.119995117188
3027.77480891021	794.760009765625
3029.82342072652	794.840026855469
3031.87144278622	795.679992675781
3033.91887532389	795.640014648438
3035.96571857399	795.599975585938
3038.01197277084	795.919982910156
3040.05763814867	796.280029296875
3042.10271494154	795.440002441406
3044.14720338344	797
3046.19110370818	797.559997558594
3048.2344161495	797.080017089844
3050.27714094097	797.47998046875
3052.31927831608	799.080017089844
3054.36082850816	800.200012207031
3056.40179175044	799.599975585938
3058.44216827602	799.080017089844
3060.48195831786	801.080017089844
3062.52116210884	800.080017089844
3064.55977988167	800.799987792969
3066.59781186897	801
3068.63525830322	801.320007324219
3070.67211941678	801.799987792969
3072.7083954419	801.559997558594
3074.7440866107	801.320007324219
3076.77919315516	801.719970703125
3078.81371530716	802.559997558594
3080.84765329846	803.119995117188
3082.88100736068	802.039978027344
3084.91377772534	801.840026855469
3086.94596462381	802.840026855469
3088.97756828737	804
3091.00858894714	803.919982910156
3093.03902683417	803.760009765625
3095.06888217933	803.400024414063
3097.09815521342	805.239990234375
3099.12684616709	806.599975585938
3101.15495527087	805.719970703125
3103.18248275518	805.960021972656
3105.20942885031	807.47998046875
3107.23579378642	808.280029296875
3109.26157779358	808.320007324219
3111.28678110171	809.880004882813
3113.31140394062	809.679992675781
3115.33544654	808.320007324219
3117.35890912942	810.719970703125
3119.38179193832	811.919982910156
3121.40409519602	811.919982910156
3123.42581913174	813.039978027344
3125.44696397457	812.200012207031
3127.46752995345	813.239990234375
3129.48751729725	812.679992675781
3131.50692623469	813.760009765625
3133.52575699436	815
3135.54400980476	815.679992675781
3137.56168489425	817.239990234375
3139.57878249108	817
3141.59530282337	817.440002441406
3143.61124611913	817.039978027344
3145.62661260624	818.52001953125
3147.64140251247	818.679992675781
3149.65561606547	816.280029296875
3151.66925349277	820.080017089844
3153.68231502177	820.039978027344
3155.69480087977	818.640014648438
3157.70671129394	824.919982910156
3159.71804649132	824.640014648438
3161.72880669886	822.719970703125
3163.73899214336	822.320007324219
3165.74860305152	824.080017089844
3167.75763964991	822.52001953125
3169.766102165	825.400024414063
3171.77399082313	828.679992675781
3173.7813058505	825.880004882813
3175.78804747323	824.239990234375
3177.79421591731	825.960021972656
3179.79981140859	828.760009765625
3181.80483417282	828.559997558594
3183.80928443564	829.640014648438
3185.81316242255	830.760009765625
3187.81646835896	828.47998046875
3189.81920247013	828.880004882813
3191.82136498122	832.840026855469
3193.82295611727	833.840026855469
3195.82397610321	834.320007324219
3197.82442516385	832.47998046875
3199.82430352386	832.400024414063
3201.82361140782	835.960021972656
3203.82234904018	836.799987792969
3205.82051664529	834.760009765625
3207.81811444735	834.679992675781
3209.81514267047	835.559997558594
3211.81160153863	835.119995117188
3213.80749127571	834.640014648438
3215.80281210545	835.440002441406
3217.79756425148	838.080017089844
3219.79174793733	837.119995117188
3221.7853633864	833.200012207031
3223.77841082196	835.840026855469
3225.77089046719	838.799987792969
3227.76280254513	840.440002441406
3229.75414727873	840
3231.74492489081	839.239990234375
3233.73513560406	838.760009765625
3235.72477964107	839
3237.71385722431	840.880004882813
3239.70236857614	839.719970703125
3241.6903139188	837
3243.6776934744	836.359985351563
3245.66450746496	838.840026855469
3247.65075611237	835.440002441406
3249.63643963841	835.960021972656
3251.62155826472	837.799987792969
3253.60611221287	837.960021972656
3255.59010170428	838.200012207031
3257.57352696026	842.559997558594
3259.55638820202	840.799987792969
3261.53868565064	841.159973144531
3263.52041952708	845.559997558594
3265.50159005221	843.440002441406
3267.48219744676	837.52001953125
3269.46224193136	838.960021972656
3271.44172372651	842.919982910156
3273.42064305262	841.640014648438
3275.39900012996	840.52001953125
3277.3767951787	839.280029296875
3279.35402841889	837.760009765625
3281.33070007047	839.799987792969
3283.30681035326	842.47998046875
3285.28235948698	842.080017089844
3287.25734769121	840.400024414063
3289.23177518544	845.440002441406
3291.20564218903	841.799987792969
3293.17894892124	843.599975585938
3295.1516956012	839.559997558594
3297.12388244795	838.280029296875
3299.09550968039	838.799987792969
3301.06657751732	840.080017089844
3303.03708617743	841.47998046875
3305.00703587929	843.799987792969
3306.97642684135	843.960021972656
3308.94525928196	838.400024414063
3310.91353341935	838.559997558594
3312.88124947164	841.719970703125
3314.84840765683	839.52001953125
3316.81500819282	838.239990234375
3318.78105129738	840.039978027344
3320.74653718818	839.960021972656
3322.71146608278	835.960021972656
3324.67583819861	840.200012207031
3326.639653753	842.719970703125
3328.60291296317	841.119995117188
3330.56561604621	841.280029296875
3332.52776321913	843.919982910156
3334.4893546988	842.679992675781
3336.45039070198	839.679992675781
3338.41087144533	838.119995117188
3340.37079714539	836.960021972656
3342.33016801859	835.359985351563
3344.28898428124	837.880004882813
3346.24724614955	841
3348.20495383962	837
3350.16210756742	836.960021972656
3352.11870754883	839.200012207031
3354.07475399961	836.640014648438
3356.03024713539	836.799987792969
3357.98518717173	839.080017089844
3359.93957432403	841.320007324219
3361.89340880761	839.52001953125
3363.84669083768	839.719970703125
3365.79942062933	835.799987792969
3367.75159839753	838
3369.70322435715	841.559997558594
3371.65429872295	840.52001953125
3373.60482170957	844.320007324219
3375.55479353155	844.159973144531
3377.50421440332	842
3379.45308453918	841.400024414063
3381.40140415335	837.599975585938
3383.34917345991	840.200012207031
3385.29639267284	838.679992675781
3387.24306200602	837.159973144531
3389.18918167321	838.359985351563
3391.13475188806	841.440002441406
3393.07977286411	845.200012207031
3395.02424481479	847.159973144531
3396.96816795342	844.679992675781
3398.91154249322	843.080017089844
3400.85436864728	844
3402.79664662859	841.280029296875
3404.73837665004	840.47998046875
3406.67955892439	840.159973144531
3408.62019366432	840.200012207031
3410.56028108236	843.280029296875
3412.49982139096	843.840026855469
3414.43881480247	846.359985351563
3416.37726152909	845.640014648438
3418.31516178295	842.960021972656
3420.25251577605	842.440002441406
3422.18932372029	842.039978027344
3424.12558582746	839.960021972656
3426.06130230922	844.52001953125
3427.99647337717	844.359985351563
3429.93109924274	841.719970703125
3431.8651801173	839.760009765625
3433.79871621209	839.039978027344
3435.73170773824	840.919982910156
3437.66415490678	843.080017089844
3439.59605792862	838.840026855469
3441.52741701458	839.080017089844
3443.45823237536	839.359985351563
3445.38850422154	836.760009765625
3447.31823276362	840.960021972656
3449.24741821196	841.599975585938
3451.17606077684	838.640014648438
3453.10416066842	838.119995117188
3455.03171809674	841.239990234375
3456.95873327175	837.119995117188
3458.88520640329	835.440002441406
3460.81113770109	834.719970703125
3462.73652737477	834.400024414063
3464.66137563383	835.320007324219
3466.58568268769	834.640014648438
3468.50944874565	832.52001953125
3470.43267401689	832.599975585938
3472.3553587105	834.039978027344
3474.27750303545	830.080017089844
3476.19910720062	830.039978027344
3478.12017141476	833.719970703125
3480.04069588654	834.559997558594
3481.9606808245	833.080017089844
3483.88012643707	831.760009765625
3485.79903293259	830.640014648438
3487.7174005193	827.52001953125
3489.63522940532	826.719970703125
3491.55251979864	823.760009765625
3493.46927190719	824.840026855469
3495.38548593877	824.919982910156
3497.30116210107	824.559997558594
3499.21630060167	826.080017089844
3501.13090164807	823.599975585938
3503.04496544763	823.440002441406
3504.95849220763	823.280029296875
3506.87148213523	824.52001953125
3508.78393543748	822.080017089844
3510.69585232134	821.119995117188
3512.60723299365	822.239990234375
3514.51807766116	821.200012207031
3516.42838653049	821.559997558594
3518.33815980819	818.280029296875
3520.24739770066	817.799987792969
3522.15610041423	817.559997558594
3524.06426815511	815.599975585938
3525.9719011294	818.559997558594
3527.87899954311	819.52001953125
3529.78556360213	818
3531.69159351225	817.960021972656
3533.59708947916	816.880004882813
3535.50205170844	817.719970703125
3537.40648040556	816.359985351563
3539.3103757759	813.359985351563
3541.21373802472	810.679992675781
3543.11656735717	810.080017089844
3545.01886397833	809.440002441406
3546.92062809313	812
3548.82185990643	813.320007324219
3550.72255962297	810.840026855469
3552.62272744738	812
3554.5223635842	810.080017089844
3556.42146823786	809.159973144531
3558.32004161268	808.039978027344
3560.21808391289	807.919982910156
3562.11559534259	807.320007324219
3564.01257610581	806.239990234375
3565.90902640645	807.400024414063
3567.80494644831	807.679992675781
3569.7003364351	806.840026855469
3571.59519657042	807.039978027344
3573.48952705774	804.400024414063
3575.38332810048	805.640014648438
3577.27659990191	806.320007324219
3579.16934266521	805.039978027344
3581.06155659346	805.919982910156
3582.95324188965	805.559997558594
3584.84439875663	803.640014648438
3586.73502739718	802.200012207031
3588.62512801397	801.799987792969
3590.51470080955	803.359985351563
3592.40374598639	802.679992675781
3594.29226374685	802.039978027344
3596.18025429317	802.159973144531
3598.06771782751	800.840026855469
3599.95465455192	800
3601.84106466834	799.919982910156
3603.72694837861	800.719970703125
3605.61230588447	800.559997558594
3607.49713738756	800.559997558594
3609.38144308942	800.440002441406
3611.26522319148	799.52001953125
3613.14847789506	798.200012207031
3615.0312074014	798.440002441406
3616.91341191162	797.47998046875
3618.79509162674	796.239990234375
3620.67624674769	795.799987792969
3622.55687747528	795.640014648438
3624.43698401024	796.159973144531
3626.31656655317	796.559997558594
3628.1956253046	798.119995117188
3630.07416046492	795.760009765625
3631.95217223446	794.640014648438
3633.82966081342	793.960021972656
3635.70662640191	793.919982910156
3637.58306919993	793.960021972656
3639.45898940739	794.640014648438
3641.33438722409	794.119995117188
3643.20926284973	792.880004882813
3645.08361648392	792.280029296875
3646.95744832614	792.679992675781
3648.8307585758	793.559997558594
3650.7035474322	793.039978027344
3652.57581509452	792.159973144531
3654.44756176188	791.559997558594
3656.31878763324	791
3658.18949290753	789.880004882813
3660.05967778352	789.559997558594
3661.9293424599	789.119995117188
3663.79848713527	790.239990234375
3665.66711200812	789.719970703125
3667.53521727684	789.200012207031
3669.40280313972	788.719970703125
3671.26986979494	787.919982910156
3673.13641744059	787.359985351563
3675.00244627468	786.559997558594
