-140.373595351881	779.400024414063
-137.335129063906	779.760009765625
-134.297686810867	779.400024414063
-131.261268103955	779.080017089844
-128.225872454677	779.239990234375
-125.191499374839	779.359985351563
-122.158148376567	779.280029296875
-119.125818972292	779.440002441406
-116.094510674759	779.039978027344
-113.064222997021	779.47998046875
-110.034955452443	779.080017089844
-107.006707554687	779.719970703125
-103.979478817741	779.359985351563
-100.95326875589	779.280029296875
-97.928076883731	779.52001953125
-94.9039027161698	779.599975585938
-91.8807457684175	779.359985351563
-88.8586055560018	779.200012207031
-85.8374815947384	779.119995117188
-82.8173734007715	779.679992675781
-79.7982804905411	779.320007324219
-76.7802023807988	779.840026855469
-73.7631385885914	779.719970703125
-70.7470886312892	779.039978027344
-67.732052026553	779.440002441406
-64.7180282923587	779.039978027344
-61.7050169469884	779.559997558594
-58.6930175090183	779.239990234375
-55.6820294973386	779.47998046875
-52.6720524311495	779.799987792969
-49.66308582994	779.359985351563
-46.6551292135171	779.559997558594
-43.6481821019882	779.440002441406
-40.6422440157577	779.359985351563
-37.6373144755424	779.359985351563
-34.6333930023594	779.599975585938
-31.630479117526	779.799987792969
-28.6285723426709	779.840026855469
-25.6276721997107	779.440002441406
-22.6277782108771	779.320007324219
-19.628889898701	779.640014648438
-16.6310067860081	780.119995117188
-13.6341283959385	783.119995117188
-10.6382542519231	795.840026855469
-7.64338387769432	831.840026855469
-4.64951679729502	853.599975585938
-1.65665253506141	836.679992675781
1.33520938438089	798.919982910156
4.32606943608095	781.119995117188
7.315928094803	779.679992675781
10.3047858350146	779.440002441406
13.2926431308747	779.440002441406
16.2795004562541	779.080017089844
19.2653582847118	779.320007324219
22.2502170895187	779.440002441406
25.2340773436344	779.400024414063
28.216939519735	779.359985351563
31.1988040901939	779.400024414063
34.1796715270814	779.080017089844
37.1595423021732	779.119995117188
40.1384168869468	779.320007324219
43.1162957525854	779.52001953125
46.0931793699786	778.719970703125
49.0690682097059	779
52.0439627420619	779.440002441406
55.0178634370476	779.200012207031
57.9907707643592	779.320007324219
60.9626851933962	779.320007324219
63.9336071932735	779.320007324219
66.9035372328018	779.47998046875
69.8724757804959	779.440002441406
72.8404233045826	779.200012207031
75.8073802729932	778.960021972656
78.7733471533597	779.119995117188
81.738324413019	779.280029296875
84.702312519025	779.280029296875
87.665311938125	779.640014648438
90.6273231367761	779.400024414063
93.5883465811569	779.200012207031
96.5483827371242	779.280029296875
99.5074320702731	778.880004882813
102.465495045889	779.440002441406
105.422572128961	779.200012207031
108.378663784199	779.799987792969
111.333770476014	779.239990234375
114.287892668528	779.239990234375
117.24103082557	779.599975585938
120.193185410674	779.440002441406
123.144356887097	780.159973144531
126.094545717786	780.119995117188
129.043752365413	780.200012207031
131.991977292355	780.159973144531
134.939220960695	781.320007324219
137.885483832232	781.239990234375
140.83076636847	781.599975585938
143.775069030632	782.239990234375
146.718392279644	782.320007324219
149.660736576149	783.400024414063
152.602102380488	783.719970703125
155.54249015274	784.239990234375
158.481900352672	784.880004882813
161.420333439765	785.47998046875
164.357789873227	785.719970703125
167.294270111968	786.400024414063
170.229774614617	787.719970703125
173.164303839496	788.280029296875
176.097858244675	789.039978027344
179.030438287908	788.760009765625
181.962044426678	789.47998046875
184.89267711817	790.320007324219
187.822336819302	792.080017089844
190.751023986678	790.799987792969
193.678739076648	792.080017089844
196.605482545255	792.400024414063
199.531254848261	792.559997558594
202.456056441152	793.320007324219
205.379887779119	792.320007324219
208.30274931708	793.200012207031
211.224641509656	792.320007324219
214.145564811189	792.119995117188
217.06551967574	791.799987792969
219.984506557089	792.159973144531
222.902525908723	791.599975585938
225.819578183856	791.599975585938
228.735663835415	792.47998046875
231.650783316047	791.960021972656
234.564937078107	791.960021972656
237.478125573679	791.880004882813
240.390349254566	792
243.301608572278	793.280029296875
246.211903978051	792.679992675781
249.121235922839	793.599975585938
252.029604857321	793.840026855469
254.93701123188	793.559997558594
257.843455496632	793.960021972656
260.748938101415	795.239990234375
263.653459495766	796.039978027344
266.557020128967	796.52001953125
269.459620450005	797
272.361260907595	796.960021972656
275.261941950168	797.200012207031
278.161664025874	796.039978027344
281.060427582592	797.52001953125
283.958233067921	796.880004882813
286.855080929176	797.159973144531
289.750971613398	797.799987792969
292.645905567344	796.280029296875
295.539883237503	796.239990234375
298.432905070079	797.039978027344
301.324971511007	796.919982910156
304.216083005931	799.599975585938
307.10624000023	803.559997558594
309.995442939003	810.200012207031
312.883692267071	822.440002441406
315.770988428979	841.640014648438
318.657331869	854.760009765625
321.542723031127	852.239990234375
324.427162359076	836.919982910156
327.310650296293	820.080017089844
330.193187285945	809.320007324219
333.074773770929	803.719970703125
335.955410193855	800.880004882813
338.835096997075	798.039978027344
341.713834622655	796.359985351563
344.59162351239	795.880004882813
347.468464107802	794.359985351563
350.344356850137	793.919982910156
353.219302180373	793.559997558594
356.093300539208	794.359985351563
358.966352367073	793.400024414063
361.838458104123	793.679992675781
364.70961819024	793.719970703125
367.579833065031	793.400024414063
370.449103167837	792.559997558594
373.317428937727	792.47998046875
376.184810813496	792.760009765625
379.051249233659	793.880004882813
381.916744636474	792.719970703125
384.78129745992	792.039978027344
387.644908141706	792.320007324219
390.50757711927	792.719970703125
393.36930482978	793.320007324219
396.23009171014	792.239990234375
399.089938196969	792.52001953125
401.948844726631	792.840026855469
404.806811735214	791.840026855469
407.66383965853	792.52001953125
410.519928932138	793
413.375079991314	792.760009765625
416.229293271071	792.719970703125
419.082569206155	792.239990234375
421.934908231031	792.559997558594
424.786310779917	791.679992675781
427.636777286748	792.52001953125
430.486308185189	792.960021972656
433.334903908649	792.47998046875
436.182564890262	792.840026855469
439.029291562898	792.159973144531
441.875084359157	792.840026855469
444.719943711374	791.760009765625
447.563870051618	792.440002441406
450.406863811695	792.559997558594
453.248925423132	792.039978027344
456.090055317208	792.359985351563
458.93025392492	791.559997558594
461.76952167701	791.119995117188
464.60785900395	792.400024414063
467.44526633595	792.47998046875
470.281744102955	792.320007324219
473.117292734635	791.400024414063
475.951912660415	791.320007324219
478.785604309439	791.440002441406
481.618368110592	791.280029296875
484.450204492499	790.679992675781
487.281113883518	792.039978027344
490.111096711738	792.679992675781
492.940153404999	791.840026855469
495.768284390864	791.919982910156
498.595490096635	792.359985351563
501.421770949366	792.039978027344
504.247127375825	792.320007324219
507.071559802537	792
509.89506865575	793.119995117188
512.717654361473	792.320007324219
515.539317345424	792.47998046875
518.360058033083	792.119995117188
521.179876849652	792.640014648438
523.998774220083	792.760009765625
526.816750569068	792.359985351563
529.633806321025	792
532.44994190013	791.400024414063
535.265157730284	790.919982910156
538.079454235133	791.719970703125
540.892831838066	790.960021972656
543.705290962208	792.200012207031
546.516832030424	792.080017089844
549.32745546533	791.880004882813
552.137161689268	791.239990234375
554.945951124325	792.119995117188
557.753824192341	790.719970703125
560.560781314883	791.960021972656
563.36682291327	791.400024414063
566.171949408555	791.159973144531
568.976161221537	791.039978027344
571.779458772759	791
574.5818424825	791.47998046875
577.383312770792	792.320007324219
580.183870057402	791.679992675781
582.983514761843	790.719970703125
585.782247303363	791.440002441406
588.580068100976	790.320007324219
591.376977573414	790.960021972656
594.172976139164	791.239990234375
596.968064216463	790.880004882813
599.762242223282	791.119995117188
602.555510577335	790.400024414063
605.347869696099	789.960021972656
608.139319996771	789.799987792969
610.929861896313	790.679992675781
613.719495811421	790.880004882813
616.508222158541	790.640014648438
619.296041353863	790.799987792969
622.082953813324	790.719970703125
624.868959952607	790.52001953125
627.654060187137	790.320007324219
630.438254932094	789.47998046875
633.221544602397	790.280029296875
636.003929612719	789.840026855469
638.785410377468	791.159973144531
641.565987310814	790.599975585938
644.345660826665	790.840026855469
647.124431338674	790.400024414063
649.902299260252	790.359985351563
652.679265004552	790.080017089844
655.455328984475	789.919982910156
658.230491612671	789.840026855469
661.004753301541	790.880004882813
663.778114463229	790.280029296875
666.550575509631	790.880004882813
669.322136852395	790.320007324219
672.092798902916	790.320007324219
674.862562072336	790.919982910156
677.631426771548	790.400024414063
680.399393411204	790.559997558594
683.166462401689	791.239990234375
685.93263415315	790.679992675781
688.697909075486	790.159973144531
691.462287578337	790.760009765625
694.225770071098	789.760009765625
696.988356962926	789.960021972656
699.750048662705	789.719970703125
702.5108455791	789.640014648438
705.270748120503	790.760009765625
708.029756695068	790.679992675781
710.787871710705	789.440002441406
713.545093575065	790.400024414063
716.301422695566	791.280029296875
719.056859479364	791.599975585938
721.811404333376	790.719970703125
724.56505766427	790.239990234375
727.317819878473	790.280029296875
730.069691382148	789.919982910156
732.820672581226	790.119995117188
735.570763881396	790.559997558594
738.319965688092	790.239990234375
741.068278406496	790.640014648438
743.815702441559	791.320007324219
746.562238197974	790.960021972656
749.307886080196	791
752.052646492436	791.200012207031
754.796519838656	791.559997558594
757.539506522567	790.679992675781
760.28160694765	790.239990234375
763.022821517128	790.799987792969
765.76315063399	790.559997558594
768.502594700972	791.159973144531
771.241154120572	790.760009765625
773.978829295045	789.679992675781
776.715620626397	791.880004882813
779.451528516396	792.440002441406
782.186553366565	792.719970703125
784.920695578179	791.760009765625
787.653955552283	792.760009765625
790.386333689662	791.719970703125
793.117830390877	791.919982910156
795.848446056227	791.039978027344
798.578181085792	790.679992675781
801.307035879389	791.440002441406
804.035010836599	791.47998046875
806.762106356774	790.359985351563
809.488322839013	790.679992675781
812.213660682169	790.200012207031
814.938120284866	790.679992675781
817.661702045482	790.840026855469
820.384406362153	789.880004882813
823.10623363278	791.52001953125
825.827184255014	790.640014648438
828.547258626283	790.239990234375
831.266457143747	790.599975585938
833.984780204358	791.200012207031
836.702228204804	790.119995117188
839.418801541552	790.280029296875
842.134500610814	789.599975585938
844.849325808575	789.440002441406
847.563277530579	791.320007324219
850.276356172319	790.960021972656
852.988562129066	791.440002441406
855.69989579585	791.239990234375
858.410357567456	791.559997558594
861.119947838428	790.719970703125
863.828667003087	789.359985351563
866.536515455503	789.200012207031
869.243493589517	789
871.949601798728	789.599975585938
874.654840476504	789.840026855469
877.359210015961	790.320007324219
880.062710810003	789.960021972656
882.765343251273	789.960021972656
885.467107732191	790.119995117188
888.168004644938	789.960021972656
890.868034381467	790.640014648438
893.567197333476	790.080017089844
896.265493892445	790.320007324219
898.962924449614	790
901.659489395985	789.719970703125
904.355189122325	789.760009765625
907.050024019165	789.47998046875
909.743994476809	789.840026855469
912.437100885322	790.440002441406
915.129343634532	790.359985351563
917.820723114032	790.440002441406
920.511239713189	789.960021972656
923.200893821127	790.760009765625
925.889685826744	790
928.577616118699	790.239990234375
931.264685085419	790.719970703125
933.950893115098	791.159973144531
936.6362405957	791.719970703125
939.320727914956	790.799987792969
942.004355460359	790.280029296875
944.687123619173	790.719970703125
947.369032778431	790.280029296875
950.050083324934	790.080017089844
952.730275645247	791.039978027344
955.409610125711	790.799987792969
958.088087152423	791.159973144531
960.765707111263	790.559997558594
963.442470387871	790.080017089844
966.118377367657	790.440002441406
968.793428435798	790.440002441406
971.467623977254	789.760009765625
974.140964376739	789.599975585938
976.813450018737	789.960021972656
979.485081287511	790.400024414063
982.155858567087	790.880004882813
984.825782241271	789.919982910156
987.494852693624	790.719970703125
990.163070307487	790.719970703125
992.830435465978	791.440002441406
995.496948551973	790.559997558594
998.162609948122	791.52001953125
1000.82742003685	793.239990234375
1003.49137920036	793.200012207031
1006.15448782061	792.760009765625
1008.81674627934	790.840026855469
1011.47815495806	790.159973144531
1014.13871423805	790.47998046875
1016.79842450037	789.400024414063
1019.45728612586	789.119995117188
1022.11529949509	789.039978027344
1024.77246498846	789.359985351563
1027.4287829861	789.719970703125
1030.08425386792	790.400024414063
1032.73887801363	790.320007324219
1035.3926558027	790.599975585938
1038.04558761435	789.359985351563
1040.69767382761	789.039978027344
1043.34891482125	790.400024414063
1045.99931097384	790.159973144531
1048.64886266371	790.159973144531
1051.29757026898	789.440002441406
1053.94543416753	789.559997558594
1056.59245473701	789.320007324219
1059.23863235486	789.239990234375
1061.8839673983	790.320007324219
1064.5284602443	790.359985351563
1067.17211126962	790.239990234375
1069.8149208508	790.039978027344
1072.45688936415	789.880004882813
1075.09801718577	789.599975585938
1077.7383046915	790.200012207031
1080.377752257	790.599975585938
1083.01636025767	790.679992675781
1085.65412906872	791.080017089844
1088.2910590651	791.559997558594
1090.92715062157	790.760009765625
1093.56240411266	790.559997558594
1096.19681991265	791.440002441406
1098.83039839564	791.119995117188
1101.46313993547	791.559997558594
1104.09504490579	790.640014648438
1106.72611368	790.679992675781
1109.35634663129	790.239990234375
1111.98574413263	789.719970703125
1114.61430655677	789.640014648438
1117.24203427624	789.159973144531
1119.86892766333	788.919982910156
1122.49498709014	788.679992675781
1125.12021292851	789.640014648438
1127.74460555011	789.320007324219
1130.36816532634	789.840026855469
1132.99089262841	789.200012207031
1135.6127878273	787.880004882813
1138.23385129376	787.640014648438
1140.85408339834	787.440002441406
1143.47348451137	788.200012207031
1146.09205500294	787.960021972656
1148.70979524293	787.320007324219
1151.326705601	787.640014648438
1153.9427864466	788
1156.55803814896	788.119995117188
1159.17246107707	788.239990234375
1161.78605559974	788.400024414063
1164.39882208551	788.52001953125
1167.01076090276	788.039978027344
1169.6218724196	788.440002441406
1172.23215700396	788.919982910156
1174.84161502352	789.320007324219
1177.45024684578	788.52001953125
1180.05805283799	788.52001953125
1182.66503336719	788.880004882813
1185.27118880021	788.919982910156
1187.87651950367	788.679992675781
1190.48102584395	789.039978027344
1193.08470818723	788.159973144531
1195.68756689948	788.840026855469
1198.28960234643	789.359985351563
1200.89081489363	789.239990234375
1203.49120490636	790.320007324219
1206.09077274974	791.280029296875
1208.68951878864	789.52001953125
1211.28744338773	789.919982910156
1213.88454691145	790.200012207031
1216.48082972404	791.119995117188
1219.07629218953	790.960021972656
1221.6709346717	791.47998046875
1224.26475753416	791.880004882813
1226.85776114028	791.359985351563
1229.44994585322	792.320007324219
1232.04131203592	792.52001953125
1234.63186005112	792.559997558594
1237.22159026133	792.679992675781
1239.81050302886	793.919982910156
1242.3985987158	792.280029296875
1244.98587768402	794.679992675781
1247.5723402952	794.280029296875
1250.15798691078	793.559997558594
1252.74281789199	793.679992675781
1255.32683359987	793.119995117188
1257.91003439523	793.320007324219
1260.49242063865	793.599975585938
1263.07399269055	793.039978027344
1265.65475091108	792.280029296875
1268.23469566021	792.320007324219
1270.81382729769	793.359985351563
1273.39214618306	792.039978027344
1275.96965267566	791.679992675781
1278.54634713458	792.52001953125
1281.12222991875	791.280029296875
1283.69730138685	791.52001953125
1286.27156189737	792.200012207031
1288.84501180858	791.440002441406
1291.41765147853	791.679992675781
1293.98948126509	792.760009765625
1296.56050152589	792.119995117188
1299.13071261837	793.640014648438
1301.70011489973	793.440002441406
1304.268708727	792.640014648438
1306.83649445698	793.039978027344
1309.40347244625	793.960021972656
1311.96964305119	793.440002441406
1314.53500662799	793.679992675781
1317.0995635326	793.719970703125
1319.66331412077	793.200012207031
1322.22625874806	793.440002441406
1324.7883977698	792.719970703125
1327.34973154112	792.679992675781
1329.91026041694	792.840026855469
1332.46998475197	793.440002441406
1335.0289049007	794.039978027344
1337.58702121746	794
1340.14433405631	793.159973144531
1342.70084377115	793.200012207031
1345.25655071563	791.840026855469
1347.81145524323	792.239990234375
1350.36555770721	791.559997558594
1352.91885846062	790.719970703125
1355.47135785631	790.400024414063
1358.02305624691	790.640014648438
1360.57395398486	790.239990234375
1363.12405142237	790.080017089844
1365.67334891148	790.280029296875
1368.22184680399	789.880004882813
1370.76954545151	789.320007324219
1373.31644520545	789.280029296875
1375.86254641699	789.840026855469
1378.40784943713	788.960021972656
1380.95235461666	789.400024414063
1383.49606230615	788.559997558594
1386.03897285598	790.039978027344
1388.58108661632	789.400024414063
1391.12240393713	789.47998046875
1393.66292516818	788.880004882813
1396.20265065903	789.119995117188
1398.74158075901	789.52001953125
1401.2797158173	788.640014648438
1403.81705618282	789.400024414063
1406.35360220431	789.440002441406
1408.88935423032	788.400024414063
1411.42431260919	788.760009765625
1413.95847768903	789.039978027344
1416.49184981777	789.47998046875
1419.02442934314	789.080017089844
1421.55621661266	789.840026855469
1424.08721197364	789.760009765625
1426.61741577321	789.320007324219
1429.14682835828	789.919982910156
1431.67545007555	789.840026855469
1434.20328127153	790.080017089844
1436.73032229253	791.200012207031
1439.25657348466	792.200012207031
1441.78203519381	793.559997558594
1444.3067077657	793.080017089844
1446.83059154581	794.080017089844
1449.35368687944	793.880004882813
1451.8759941117	794.119995117188
1454.39751358748	793.47998046875
1456.91824565148	793.159973144531
1459.43819064818	792.919982910156
1461.95734892189	793.080017089844
1464.4757208167	792.280029296875
1466.99330667649	792.799987792969
1469.51010684497	790.880004882813
1472.02612166564	790.200012207031
1474.54135148177	790.239990234375
1477.05579663646	790.080017089844
1479.56945747262	788.679992675781
1482.08233433293	789.239990234375
1484.59442755989	789.52001953125
1487.10573749579	788.47998046875
1489.61626448275	788.52001953125
1492.12600886264	787.960021972656
1494.63497097718	786.960021972656
1497.14315116786	786.719970703125
1499.65054977599	786.119995117188
1502.15716714267	785.840026855469
1504.66300360881	785.640014648438
1507.16805951512	786.47998046875
1509.67233520211	785.719970703125
1512.1758310101	786.840026855469
1514.67854727919	786.159973144531
1517.18048434931	785.760009765625
1519.68164256018	785.799987792969
1522.18202225132	785.640014648438
1524.68162376207	785.679992675781
1527.18044743155	785.679992675781
1529.67849359869	785.960021972656
1532.17576260224	785.47998046875
1534.67225478072	786.599975585938
1537.1679704725	785.840026855469
1539.66291001572	785.960021972656
1542.15707374832	785.840026855469
1544.65046200807	787.080017089844
1547.14307513254	786.559997558594
1549.63491345907	786.880004882813
1552.12597732485	787.320007324219
1554.61626706685	787.47998046875
1557.10578302185	787.239990234375
1559.59452552644	787.52001953125
1562.082494917	787.080017089844
1564.56969152973	788.320007324219
1567.05611570064	788.640014648438
1569.54176776552	788.640014648438
1572.02664806	788.760009765625
1574.51075691949	789.640014648438
1576.99409467921	789.320007324219
1579.4766616742	788.52001953125
1581.95845823929	789.280029296875
1584.43948470912	789.159973144531
1586.91974141815	789.280029296875
1589.39922870064	789.320007324219
1591.87794689064	788.039978027344
1594.35589632202	788.960021972656
1596.83307732848	788.679992675781
1599.30949024348	789.080017089844
1601.78513540033	789.239990234375
1604.26001313211	789.119995117188
1606.73412377175	790.239990234375
1609.20746765196	790.320007324219
1611.68004510526	790.960021972656
1614.15185646398	790.799987792969
1616.62290206026	790.359985351563
1619.09318222605	791
1621.56269729311	790.200012207031
1624.031447593	789.719970703125
1626.4994334571	790.799987792969
1628.9666552166	790.840026855469
1631.43311320248	791.280029296875
1633.89880774554	791.760009765625
1636.3637391764	792.039978027344
1638.82790782548	792
1641.29131402301	792
1643.75395809903	792.640014648438
1646.21584038339	793.320007324219
1648.67696120575	794.440002441406
1651.13732089558	794.760009765625
1653.59691978216	793.320007324219
1656.05575819459	794.320007324219
1658.51383646175	794.239990234375
1660.97115491238	795.239990234375
1663.42771387498	794.559997558594
1665.8835136779	794
1668.33855464928	792.47998046875
1670.79283711708	792.320007324219
1673.24636140907	793.960021972656
1675.69912785282	792.080017089844
1678.15113677572	791.440002441406
1680.602388505	791.159973144531
1683.05288336764	789.47998046875
1685.50262169049	789.719970703125
1687.95160380019	788.599975585938
1690.39983002318	789.159973144531
1692.84730068573	787.559997558594
1695.29401611392	787.47998046875
1697.73997663364	786.799987792969
1700.18518257059	786.119995117188
1702.6296342503	786.320007324219
1705.07333199807	785.440002441406
1707.51627613907	784.840026855469
1709.95846699824	785.280029296875
1712.39990490036	784.719970703125
1714.84059017001	785
1717.28052313159	784.799987792969
1719.7197041093	784.719970703125
1722.15813342718	783.960021972656
1724.59581140906	783.960021972656
1727.03273837859	783.960021972656
1729.46891465926	784.200012207031
1731.90434057432	783.320007324219
1734.3390164469	783.919982910156
1736.7729425999	783.52001953125
1739.20611935604	783.559997558594
1741.63854703787	783.359985351563
1744.07022596776	783.280029296875
1746.50115646787	783.280029296875
1748.93133886019	783.200012207031
1751.36077346652	783.119995117188
1753.7894606085	782.840026855469
1756.21740060755	782.919982910156
1758.64459378494	783.200012207031
1761.07104046172	783.239990234375
1763.49674095879	783.440002441406
1765.92169559684	783.119995117188
1768.3459046964	783.080017089844
1770.7693685778	782.359985351563
1773.1920875612	782.840026855469
1775.61406196656	782.640014648438
1778.03529211367	783.400024414063
1780.45577832214	782.159973144531
1782.87552091138	782.359985351563
1785.29452020064	782.599975585938
1787.71277650897	782.719970703125
1790.13029015525	782.719970703125
1792.54706145817	782.799987792969
1794.96309073625	782.679992675781
1797.3783783078	783.280029296875
1799.79292449097	782.559997558594
1802.20672960375	782.559997558594
1804.61979396389	783.080017089844
1807.03211788902	782.679992675781
1809.44370169655	782.760009765625
1811.85454570373	782.640014648438
1814.2646502276	782.640014648438
1816.67401558506	782.400024414063
1819.0826420928	782.440002441406
1821.49053006734	782.919982910156
1823.89767982501	782.52001953125
1826.30409168198	782.599975585938
1828.70976595422	782.840026855469
1831.11470295753	782.239990234375
1833.51890300752	782.719970703125
1835.92236641964	781.960021972656
1838.32509350914	782.239990234375
1840.72708459111	782.359985351563
1843.12833998044	781.960021972656
1845.52885999184	782.599975585938
1847.92864493987	782.47998046875
1850.32769513889	782.559997558594
1852.72601090307	782.320007324219
1855.12359254642	782.440002441406
1857.52044038278	782.52001953125
1859.91655472578	781.840026855469
1862.31193588889	782.039978027344
1864.70658418542	782.239990234375
1867.10049992847	782.679992675781
1869.49368343096	782.440002441406
1871.88613500568	782.239990234375
1874.27785496518	782.559997558594
1876.66884362188	781.840026855469
1879.059101288	781.960021972656
1881.44862827559	781.919982910156
1883.8374248965	782.080017089844
1886.22549146246	782.039978027344
1888.61282828495	782.400024414063
1890.99943567534	782.159973144531
1893.38531394477	782.119995117188
1895.77046340424	783.039978027344
1898.15488436455	782.400024414063
1900.53857713634	782.559997558594
1902.92154203006	782.359985351563
1905.303779356	782.760009765625
1907.68528942426	782.119995117188
1910.06607254477	781.840026855469
1912.44612902729	782.47998046875
1914.82545918139	782.440002441406
1917.20406331648	782.52001953125
1919.58194174178	782.159973144531
1921.95909476634	782.840026855469
1924.33552269905	782.400024414063
1926.71122584861	782.52001953125
1929.08620452353	782.719970703125
1931.46045903219	782.47998046875
1933.83398968275	782.679992675781
1936.20679678322	782.799987792969
1938.57888064142	782.840026855469
1940.95024156502	783.080017089844
1943.3208798615	782.080017089844
1945.69079583816	782.880004882813
1948.05998980213	782.440002441406
1950.42846206038	781.960021972656
1952.79621291969	782.080017089844
1955.16324268668	782.719970703125
1957.52955166778	782.52001953125
1959.89514016927	782
1962.26000849723	782.679992675781
1964.62415695759	782.679992675781
1966.98758585609	782.880004882813
1969.3502954983	782.679992675781
1971.71228618964	782.400024414063
1974.07355823532	782.760009765625
1976.43411194042	783.080017089844
1978.79394760981	782.679992675781
1981.1530655482	782.280029296875
1983.51146606014	782.679992675781
1985.86914944999	782.640014648438
1988.22611602196	782.799987792969
1990.58236608007	782.719970703125
1992.93789992817	782.840026855469
1995.29271786995	782.679992675781
1997.64682020892	782.679992675781
2000.00020724843	782.760009765625
2002.35287929162	782.440002441406
2004.70483664152	782.760009765625
2007.05607960095	782.440002441406
2009.40660847256	782.599975585938
2011.75642355884	782.599975585938
2014.1055251621	782.359985351563
2016.4539135845	782.960021972656
2018.80158912802	782.280029296875
2021.14855209444	783.039978027344
2023.49480278542	783
2025.84034150242	783.159973144531
2028.18516854673	783.119995117188
2030.52928421948	782.719970703125
2032.87268882163	782.559997558594
2035.21538265398	783.039978027344
2037.55736601713	782.799987792969
2039.89863921153	783.400024414063
2042.23920253747	783.039978027344
2044.57905629506	782.52001953125
2046.91820078425	782.760009765625
2049.2566363048	783.47998046875
2051.59436315633	783.159973144531
2053.93138163827	782.840026855469
2056.2676920499	782.799987792969
2058.6032946903	782.080017089844
2060.93818985843	783.159973144531
2063.27237785303	782.799987792969
2065.60585897272	783.159973144531
2067.93863351592	782.679992675781
2070.27070178089	783.119995117188
2072.60206406574	782.679992675781
2074.93272066838	783.039978027344
2077.26267188658	782.840026855469
2079.59191801793	782.52001953125
2081.92045935985	782.52001953125
2084.24829620962	782.760009765625
2086.57542886431	782.880004882813
2088.90185762087	783.47998046875
2091.22758277604	783.400024414063
2093.55260462643	783.47998046875
2095.87692346845	782.52001953125
2098.20053959837	783.320007324219
2100.52345331229	783.239990234375
2102.84566490614	782.919982910156
2105.16717467567	783.320007324219
2107.48798291649	783.159973144531
2109.80808992403	783.159973144531
2112.12749599355	782.880004882813
2114.44620142016	782.880004882813
2116.7642064988	783.320007324219
2119.08151152423	782.960021972656
2121.39811679106	782.760009765625
2123.71402259374	783.080017089844
2126.02922922653	782.919982910156
2128.34373698356	782.440002441406
2130.65754615876	783.080017089844
2132.97065704594	783.119995117188
2135.28306993869	783.119995117188
2137.59478513047	783.159973144531
2139.90580291459	782.679992675781
2142.21612358416	783.119995117188
2144.52574743214	783.039978027344
2146.83467475134	782.919982910156
2149.1429058344	783.47998046875
2151.45044097377	783.359985351563
2153.75728046178	783
2156.06342459057	783.359985351563
2158.36887365212	782.719970703125
2160.67362793825	783.159973144531
2162.97768774061	782.719970703125
2165.28105335071	783.080017089844
2167.58372505987	783.239990234375
2169.88570315926	783.719970703125
2172.18698793988	782.880004882813
2174.48757969258	782.760009765625
2176.78747870805	782.799987792969
2179.08668527679	782.52001953125
2181.38519968917	783.159973144531
2183.68302223538	783.119995117188
2185.98015320547	782.599975585938
2188.27659288929	783.559997558594
2190.57234157656	782.799987792969
2192.86739955682	782.440002441406
2195.16176711948	782.119995117188
2197.45544455375	782.47998046875
2199.74843214869	782.640014648438
2202.04073019322	783.400024414063
2204.33233897607	782.799987792969
2206.62325878583	782.719970703125
2208.91348991093	782.919982910156
2211.20303263961	782.599975585938
2213.49188726	782.799987792969
2215.78005406001	782.799987792969
2218.06753332744	782.919982910156
2220.35432534991	782.880004882813
2222.64043041487	782.880004882813
2224.92584880964	782.719970703125
2227.21058082134	781.960021972656
2229.49462673696	782.880004882813
2231.77798684332	782.679992675781
2234.06066142709	782.359985351563
2236.34265077477	782.799987792969
2238.62395517269	782.440002441406
2240.90457490706	782.559997558594
2243.18451026388	782.320007324219
2245.46376152904	782.679992675781
2247.74232898823	782.880004882813
2250.02021292701	782.880004882813
2252.29741363077	782.919982910156
2254.57393138475	782.400024414063
2256.849766474	782.47998046875
2259.12491918346	782.239990234375
2261.39938979788	781.919982910156
2263.67317860185	782.320007324219
2265.94628587983	782.47998046875
2268.2187119161	782.200012207031
2270.49045699478	781.840026855469
2272.76152139985	783
2275.03190541511	782.559997558594
2277.30160932421	782.52001953125
2279.57063341067	782.599975585938
2281.83897795781	782.239990234375
2284.10664324882	782.599975585938
2286.37362956672	782.440002441406
2288.63993719439	782.559997558594
2290.90556641454	783.119995117188
2293.17051750973	782.679992675781
2295.43479076235	782.47998046875
2297.69838645465	782.679992675781
2299.96130486871	782.719970703125
2302.22354628647	782.320007324219
2304.48511098971	782.320007324219
2306.74599926003	781.919982910156
2309.00621137891	782.119995117188
2311.26574762765	782.52001953125
2313.52460828741	782.039978027344
2315.78279363917	781.840026855469
2318.04030396379	782.760009765625
2320.29713954195	781.840026855469
2322.55330065418	782.440002441406
2324.80878758085	782.640014648438
2327.06360060219	782.559997558594
2329.31773999826	782.159973144531
2331.57120604897	782.799987792969
2333.82399903409	782.880004882813
2336.0761192332	782.039978027344
2338.32756692577	782.47998046875
2340.57834239108	782.119995117188
2342.82844590827	782.280029296875
2345.07787775633	782.400024414063
2347.32663821409	782.119995117188
2349.57472756023	782.359985351563
2351.82214607327	781.960021972656
2354.06889403158	782.080017089844
2356.31497171337	782.239990234375
2358.56037939672	782
2360.80511735953	782.320007324219
2363.04918587955	781.719970703125
2365.29258523439	782.559997558594
2367.5353157015	782.200012207031
2369.77737755817	781.599975585938
2372.01877108156	781.880004882813
2374.25949654865	782.280029296875
2376.49955423629	782.359985351563
2378.73894442115	782.280029296875
2380.97766737977	782.320007324219
2383.21572338855	782.320007324219
2385.45311272369	782.679992675781
2387.68983566129	781.440002441406
2389.92589247727	782.159973144531
2392.1612834474	782.200012207031
2394.39600884731	781.719970703125
2396.63006895246	782
2398.86346403818	782.200012207031
2401.09619437962	782.239990234375
2403.32826025182	782.359985351563
2405.55966192963	782.039978027344
2407.79039968777	782.359985351563
2410.0204738008	782.919982910156
2412.24988454313	782.320007324219
2414.47863218902	781.760009765625
2416.70671701258	781.760009765625
2418.93413928778	782.039978027344
2421.16089928842	781.919982910156
2423.38699728817	781.960021972656
2425.61243356052	781.880004882813
2427.83720837884	781.760009765625
2430.06132201633	781.239990234375
2432.28477474606	782.119995117188
2434.50756684093	781.880004882813
2436.72969857371	782.080017089844
2438.95117021699	781.960021972656
2441.17198204325	781.760009765625
2443.39213432478	782.159973144531
2445.61162733376	781.200012207031
2447.83046134218	782.440002441406
2450.04863662192	782.559997558594
2452.26615344468	781.599975585938
2454.48301208203	782.080017089844
2456.69921280539	781.400024414063
2458.91475588602	781.919982910156
2461.12964159504	781.320007324219
2463.34387020342	782.47998046875
2465.55744198198	782
2467.77035720139	781.919982910156
2469.98261613217	782.47998046875
2472.1942190447	782
2474.40516620922	782
2476.6154578958	782.47998046875
2478.82509437436	781.919982910156
2481.03407591471	781.400024414063
2483.24240278646	781.599975585938
2485.45007525911	782.080017089844
2487.65709360202	781.840026855469
2489.86345808435	781.320007324219
2492.06916897518	781.679992675781
2494.27422654339	782.320007324219
2496.47863105774	782.320007324219
2498.68238278683	782.200012207031
2500.88548199912	781.760009765625
2503.08792896294	782.039978027344
2505.28972394643	781.719970703125
2507.49086721763	781.880004882813
2509.6913590444	782.239990234375
2511.89119969447	781.760009765625
2514.09038943543	782.159973144531
2516.2889285347	782.119995117188
2518.48681725957	782.440002441406
2520.6840558772	782.47998046875
2522.88064465456	782.320007324219
2525.07658385852	782.039978027344
2527.27187375578	782.440002441406
2529.4665146129	781.799987792969
2531.66050669629	782
2533.85385027222	781.599975585938
2536.04654560681	781.799987792969
2538.23859296605	781.960021972656
2540.42999261577	782.200012207031
2542.62074482166	781.719970703125
2544.81084984925	782.200012207031
2547.00030796395	782.719970703125
2549.18911943101	782.200012207031
2551.37728451555	781.840026855469
2553.56480348252	782.200012207031
2555.75167659675	781.640014648438
2557.93790412292	782.640014648438
2560.12348632556	782.039978027344
2562.30842346905	782.119995117188
2564.49271581764	782.599975585938
2566.67636363544	782.080017089844
2568.85936718639	781.719970703125
2571.04172673431	781.919982910156
2573.22344254288	782.440002441406
2575.40451487562	781.679992675781
2577.58494399591	782.159973144531
2579.76473016699	782.840026855469
2581.94387365196	782.039978027344
2584.12237471377	782.320007324219
2586.30023361523	781.840026855469
2588.47745061901	782
2590.65402598763	782.840026855469
2592.82995998348	782.52001953125
2595.0052528688	782.760009765625
2597.17990490568	782.280029296875
2599.35391635608	781.840026855469
2601.52728748181	782
2603.70001854454	781.840026855469
2605.8721098058	782.440002441406
2608.04356152698	782.039978027344
2610.21437396931	781.719970703125
2612.3845473939	782
2614.55408206173	782.239990234375
2616.72297823359	782.719970703125
2618.89123617017	782.320007324219
2621.058856132	781.719970703125
2623.22583837949	782.119995117188
2625.39218317288	782.440002441406
2627.55789077229	782.200012207031
2629.72296143769	782.080017089844
2631.88739542891	781.960021972656
2634.05119300563	782.159973144531
2636.21435442742	782.640014648438
2638.37687995367	782.559997558594
2640.53876984365	781.719970703125
2642.70002435649	782.239990234375
2644.86064375119	782.760009765625
2647.02062828658	782.159973144531
2649.17997822137	782.640014648438
2651.33869381413	782
2653.49677532328	782.47998046875
2655.65422300711	782.47998046875
2657.81103712378	782.559997558594
2659.96721793127	782.440002441406
2662.12276568747	781.760009765625
2664.2776806501	782.400024414063
2666.43196307675	782.320007324219
2668.58561322486	782.679992675781
2670.73863135176	782.640014648438
2672.8910177146	782.47998046875
2675.04277257043	782.159973144531
2677.19389617612	781.679992675781
2679.34438878845	782.719970703125
2681.49425066402	782.52001953125
2683.64348205931	782.599975585938
2685.79208323065	783.080017089844
2687.94005443425	782.400024414063
2690.08739592617	782.200012207031
2692.23410796233	782.599975585938
2694.38019079852	782.47998046875
2696.52564469038	782.52001953125
2698.67046989342	782.52001953125
2700.81466666302	783.400024414063
2702.9582352544	782.960021972656
2705.10117592265	782.440002441406
2707.24348892275	782.919982910156
2709.3851745095	782.719970703125
2711.5262329376	782.880004882813
2713.66666446158	783.039978027344
2715.80646933585	783.119995117188
2717.94564781468	783.039978027344
2720.08420015222	782.640014648438
2722.22212660245	783.719970703125
2724.35942741923	783.200012207031
2726.49610285628	783.039978027344
2728.63215316721	783.679992675781
2730.76757860544	783.320007324219
2732.9023794243	783.880004882813
2735.03655587697	783.359985351563
2737.17010821648	783.359985351563
2739.30303669573	783.359985351563
2741.4353415675	783.840026855469
2743.56702308442	783.400024414063
2745.69808149898	783.320007324219
2747.82851706355	783.239990234375
2749.95833003034	783.640014648438
2752.08752065145	783.719970703125
2754.21608917883	783.200012207031
2756.3440358643	783.400024414063
2758.47136095954	783.080017089844
2760.59806471609	783.239990234375
2762.72414738537	783.239990234375
2764.84960921865	782.47998046875
2766.97445046708	783.039978027344
2769.09867138166	783.200012207031
2771.22227221326	783.119995117188
2773.34525321263	783.880004882813
2775.46761463035	783
2777.58935671691	783
2779.71047972262	783.119995117188
2781.83098389771	782.919982910156
2783.95086949221	782.719970703125
2786.07013675607	783.47998046875
2788.18878593908	783.440002441406
2790.3068172909	783.840026855469
2792.42423106106	782.880004882813
2794.54102749895	783.320007324219
2796.65720685384	783.080017089844
2798.77276937486	783.400024414063
2800.88771531098	783.280029296875
2803.00204491107	783.679992675781
2805.11575842387	783.640014648438
2807.22885609796	783.960021972656
2809.34133818179	783.760009765625
2811.4532049237	783.719970703125
2813.56445657189	784.359985351563
2815.6750933744	783.440002441406
2817.78511557916	783.799987792969
2819.89452343398	783.799987792969
2822.00331718652	783.960021972656
2824.11149708429	784.159973144531
2826.2190633747	785.47998046875
2828.32601630502	784.47998046875
2830.43235612237	784.52001953125
2832.53808307375	785.080017089844
2834.64319740603	785.760009765625
2836.74769936595	786.47998046875
2838.85158920011	785.919982910156
2840.95486715497	787.039978027344
2843.05753347689	788.239990234375
2845.15958841206	788.599975585938
2847.26103220657	789.239990234375
2849.36186510636	789.840026855469
2851.46208735724	790.640014648438
2853.56169920488	790.039978027344
2855.66070089485	790.719970703125
2857.75909267257	792.52001953125
2859.85687478332	792.159973144531
2861.95404747225	793.880004882813
2864.05061098439	795.52001953125
2866.14656556464	795.960021972656
2868.24191145777	795.119995117188
2870.3366489084	795.359985351563
2872.43077816104	796.440002441406
2874.52429946006	797.960021972656
2876.61721304971	798.919982910156
2878.70951917409	798.679992675781
2880.8012180772	798.080017089844
2882.89231000287	799.239990234375
2884.98279519483	798.47998046875
2887.07267389667	799.599975585938
2889.16194635186	799.640014648438
2891.25061280373	800.880004882813
2893.33867349546	799.47998046875
2895.42612867015	800.840026855469
2897.51297857074	800.880004882813
2899.59922344003	800.599975585938
2901.68486352071	800.640014648438
2903.76989905533	802.039978027344
2905.85433028632	804.159973144531
2907.93815745598	805.359985351563
2910.02138080648	804.280029296875
2912.10400057985	805.200012207031
2914.186017018	805.599975585938
2916.26743036271	807.599975585938
2918.34824085563	805.47998046875
2920.4284487383	807.200012207031
2922.5080542521	807.880004882813
2924.58705763829	811.840026855469
2926.66545913802	810
2928.74325899231	810.760009765625
2930.82045744202	811
2932.89705472792	810.599975585938
2934.97305109062	811.719970703125
2937.04844677063	812.320007324219
2939.12324200832	811.640014648438
2941.19743704393	812.159973144531
2943.27103211757	811.119995117188
2945.34402746923	809
2947.41642333876	807.359985351563
2949.48821996592	806.799987792969
2951.55941759028	806.400024414063
2953.63001645135	806.440002441406
2955.70001678845	804.719970703125
2957.76941884083	805
2959.83822284757	805.080017089844
2961.90642904764	803.919982910156
2963.97403767988	804.320007324219
2966.04104898302	802.559997558594
2968.10746319565	803.679992675781
2970.17328055621	801.440002441406
2972.23850130305	800.679992675781
2974.30312567438	800.080017089844
2976.36715390829	800.719970703125
2978.43058624273	802.559997558594
2980.49342291553	801.960021972656
2982.55566416439	800.919982910156
2984.61731022691	799.840026855469
2986.67836134051	799.559997558594
2988.73881774255	799.47998046875
2990.79867967021	797.320007324219
2992.85794736058	798.440002441406
2994.9166210506	796.919982910156
2996.97470097711	795.799987792969
2999.03218737679	795.640014648438
3001.08908048622	795.599975585938
3003.14538054186	795.599975585938
3005.20108778002	795.840026855469
3007.25620243691	796
3009.3107247486	796.039978027344
3011.36465495104	794.280029296875
3013.41799328004	794.719970703125
3015.47073997133	794.280029296875
3017.52289526045	795.119995117188
3019.57445938288	794.320007324219
3021.62543257393	795.599975585938
3023.6758150688	794.960021972656
3025.72560710258	794.960021972656
3027.77480891021	794.760009765625
3029.82342072652	794.679992675781
3031.87144278622	795.799987792969
3033.91887532389	795.47998046875
3035.96571857399	795.280029296875
3038.01197277084	795.840026855469
3040.05763814867	796.080017089844
3042.10271494154	795.52001953125
3044.14720338344	796.760009765625
3046.19110370818	797.840026855469
3048.2344161495	797.200012207031
3050.27714094097	797.400024414063
3052.31927831608	798.559997558594
3054.36082850816	799.799987792969
3056.40179175044	799.559997558594
3058.44216827602	799.280029296875
3060.48195831786	800.400024414063
3062.52116210884	800.080017089844
3064.55977988167	800.440002441406
3066.59781186897	800.840026855469
3068.63525830322	800.840026855469
3070.67211941678	801.599975585938
3072.7083954419	801.880004882813
3074.7440866107	801.239990234375
3076.77919315516	802.159973144531
3078.81371530716	802.599975585938
3080.84765329846	802.919982910156
3082.88100736068	802.080017089844
3084.91377772534	801.640014648438
3086.94596462381	802.400024414063
3088.97756828737	803.880004882813
3091.00858894714	803.880004882813
3093.03902683417	804.080017089844
3095.06888217933	803.599975585938
3097.09815521342	805.159973144531
3099.12684616709	806.559997558594
3101.15495527087	806.200012207031
3103.18248275518	805.760009765625
3105.20942885031	806.919982910156
3107.23579378642	808.559997558594
3109.26157779358	808.559997558594
3111.28678110171	809.960021972656
3113.31140394062	809.880004882813
3115.33544654	808.280029296875
3117.35890912942	810.719970703125
3119.38179193832	811.679992675781
3121.40409519602	811.320007324219
3123.42581913174	813.320007324219
3125.44696397457	812.280029296875
3127.46752995345	813.599975585938
3129.48751729725	813.039978027344
3131.50692623469	814.47998046875
3133.52575699436	814.320007324219
3135.54400980476	815.359985351563
3137.56168489425	817.47998046875
3139.57878249108	816.880004882813
3141.59530282337	817.039978027344
3143.61124611913	816.719970703125
3145.62661260624	818.200012207031
3147.64140251247	818.52001953125
3149.65561606547	815.840026855469
3151.66925349277	818.960021972656
3153.68231502177	821.039978027344
3155.69480087977	818.200012207031
3157.70671129394	824.960021972656
3159.71804649132	824.280029296875
3161.72880669886	822.359985351563
3163.73899214336	822.320007324219
3165.74860305152	823.640014648438
3167.75763964991	823.159973144531
3169.766102165	825.559997558594
3171.77399082313	828.559997558594
3173.7813058505	825.760009765625
3175.78804747323	824.440002441406
3177.79421591731	825.880004882813
3179.79981140859	828.640014648438
3181.80483417282	828.47998046875
3183.80928443564	829.47998046875
3185.81316242255	830.559997558594
3187.81646835896	829.359985351563
3189.81920247013	828.440002441406
3191.82136498122	832.599975585938
3193.82295611727	833.799987792969
3195.82397610321	834.640014648438
3197.82442516385	832.599975585938
3199.82430352386	832.599975585938
3201.82361140782	836.47998046875
3203.82234904018	836.52001953125
3205.82051664529	834.880004882813
3207.81811444735	834.159973144531
3209.81514267047	836.159973144531
3211.81160153863	835.440002441406
3213.80749127571	834.200012207031
3215.80281210545	835.47998046875
3217.79756425148	837.679992675781
3219.79174793733	836.400024414063
3221.7853633864	834.039978027344
3223.77841082196	835.640014648438
3225.77089046719	838.679992675781
3227.76280254513	840.359985351563
3229.75414727873	839.159973144531
3231.74492489081	839.52001953125
3233.73513560406	838.320007324219
3235.72477964107	839.039978027344
3237.71385722431	840.280029296875
3239.70236857614	840.52001953125
3241.6903139188	837.52001953125
3243.6776934744	836.679992675781
3245.66450746496	838.440002441406
3247.65075611237	835.119995117188
3249.63643963841	835.799987792969
3251.62155826472	838.359985351563
3253.60611221287	837.960021972656
3255.59010170428	838.400024414063
3257.57352696026	842.239990234375
3259.55638820202	840.599975585938
3261.53868565064	840.919982910156
3263.52041952708	845.840026855469
3265.50159005221	843.960021972656
3267.48219744676	837.880004882813
3269.46224193136	839
3271.44172372651	842.960021972656
3273.42064305262	842.200012207031
3275.39900012996	840.840026855469
3277.3767951787	839.52001953125
3279.35402841889	838.840026855469
3281.33070007047	839.47998046875
3283.30681035326	842.039978027344
3285.28235948698	841.919982910156
3287.25734769121	840.640014648438
3289.23177518544	845.239990234375
3291.20564218903	841.760009765625
3293.17894892124	842.919982910156
3295.1516956012	839.400024414063
3297.12388244795	837.47998046875
3299.09550968039	838.559997558594
3301.06657751732	840.119995117188
3303.03708617743	841.760009765625
3305.00703587929	843.599975585938
3306.97642684135	843.679992675781
3308.94525928196	838.47998046875
3310.91353341935	838.840026855469
3312.88124947164	842.239990234375
3314.84840765683	839.52001953125
3316.81500819282	838.52001953125
3318.78105129738	839.559997558594
3320.74653718818	839.919982910156
3322.71146608278	835.880004882813
3324.67583819861	839.599975585938
3326.639653753	842
3328.60291296317	840.640014648438
3330.56561604621	841.280029296875
3332.52776321913	844.640014648438
3334.4893546988	842.280029296875
3336.45039070198	839.320007324219
3338.41087144533	838.440002441406
3340.37079714539	837.280029296875
3342.33016801859	834.640014648438
3344.28898428124	837.679992675781
3346.24724614955	841.320007324219
3348.20495383962	837.119995117188
3350.16210756742	836.880004882813
3352.11870754883	838.799987792969
3354.07475399961	836.080017089844
3356.03024713539	836.799987792969
3357.98518717173	838.760009765625
3359.93957432403	841.159973144531
3361.89340880761	840.239990234375
3363.84669083768	839.320007324219
3365.79942062933	835.880004882813
3367.75159839753	838.359985351563
3369.70322435715	841.52001953125
3371.65429872295	841
3373.60482170957	843.799987792969
3375.55479353155	843.840026855469
3377.50421440332	840.799987792969
3379.45308453918	841.039978027344
3381.40140415335	838.919982910156
3383.34917345991	840.080017089844
3385.29639267284	839.119995117188
3387.24306200602	837.200012207031
3389.18918167321	837.400024414063
3391.13475188806	842.52001953125
3393.07977286411	844.400024414063
3395.02424481479	847.080017089844
3396.96816795342	844.159973144531
3398.91154249322	842.640014648438
3400.85436864728	843.239990234375
3402.79664662859	841.159973144531
3404.73837665004	840.440002441406
3406.67955892439	840.359985351563
3408.62019366432	839.880004882813
3410.56028108236	842.52001953125
3412.49982139096	844.039978027344
3414.43881480247	845.679992675781
3416.37726152909	845.159973144531
3418.31516178295	843.760009765625
3420.25251577605	842.599975585938
3422.18932372029	841.840026855469
3424.12558582746	840.239990234375
3426.06130230922	844.039978027344
3427.99647337717	844.039978027344
3429.93109924274	841.200012207031
3431.8651801173	839.559997558594
3433.79871621209	838.599975585938
3435.73170773824	840.960021972656
3437.66415490678	843.159973144531
3439.59605792862	839
3441.52741701458	838.52001953125
3443.45823237536	839.239990234375
3445.38850422154	836.679992675781
3447.31823276362	841.039978027344
3449.24741821196	841.200012207031
3451.17606077684	838.799987792969
3453.10416066842	837.640014648438
3455.03171809674	840.760009765625
3456.95873327175	837.159973144531
3458.88520640329	834.919982910156
3460.81113770109	834.919982910156
3462.73652737477	835.159973144531
3464.66137563383	834.919982910156
3466.58568268769	834.919982910156
3468.50944874565	833.119995117188
3470.43267401689	833.200012207031
3472.3553587105	833.47998046875
3474.27750303545	830.320007324219
3476.19910720062	829.919982910156
3478.12017141476	833.880004882813
3480.04069588654	834.760009765625
3481.9606808245	832.280029296875
3483.88012643707	831.559997558594
3485.79903293259	830.799987792969
3487.7174005193	827.159973144531
3489.63522940532	826.760009765625
3491.55251979864	824.200012207031
3493.46927190719	824.359985351563
3495.38548593877	825.719970703125
3497.30116210107	824.640014648438
3499.21630060167	826
3501.13090164807	823.159973144531
3503.04496544763	823.52001953125
3504.95849220763	823.960021972656
3506.87148213523	824.919982910156
3508.78393543748	822.640014648438
3510.69585232134	821.239990234375
3512.60723299365	821.880004882813
3514.51807766116	821.039978027344
3516.42838653049	821.640014648438
3518.33815980819	818.799987792969
3520.24739770066	816.880004882813
3522.15610041423	817.080017089844
3524.06426815511	815.52001953125
3525.9719011294	818.239990234375
3527.87899954311	819.200012207031
3529.78556360213	818.320007324219
3531.69159351225	817.599975585938
3533.59708947916	817.080017089844
3535.50205170844	817.919982910156
3537.40648040556	815.880004882813
3539.3103757759	812.919982910156
3541.21373802472	810.47998046875
3543.11656735717	809.919982910156
3545.01886397833	808.840026855469
3546.92062809313	811.799987792969
3548.82185990643	813.440002441406
3550.72255962297	810.52001953125
3552.62272744738	811.440002441406
3554.5223635842	810.239990234375
3556.42146823786	809.359985351563
3558.32004161268	808.679992675781
3560.21808391289	807.760009765625
3562.11559534259	807.400024414063
3564.01257610581	806.280029296875
3565.90902640645	807
3567.80494644831	807.52001953125
3569.7003364351	806.880004882813
3571.59519657042	807.200012207031
3573.48952705774	804.47998046875
3575.38332810048	805.47998046875
3577.27659990191	806.200012207031
3579.16934266521	805.400024414063
3581.06155659346	805.640014648438
3582.95324188965	805.47998046875
3584.84439875663	803.799987792969
3586.73502739718	802.359985351563
3588.62512801397	802
3590.51470080955	803.400024414063
3592.40374598639	802.840026855469
3594.29226374685	801.960021972656
3596.18025429317	801.760009765625
3598.06771782751	800.52001953125
3599.95465455192	800.159973144531
3601.84106466834	800
3603.72694837861	800.52001953125
3605.61230588447	800
3607.49713738756	800.719970703125
3609.38144308942	800.679992675781
3611.26522319148	799.52001953125
3613.14847789506	798.400024414063
3615.0312074014	798.599975585938
3616.91341191162	797.239990234375
3618.79509162674	796.119995117188
3620.67624674769	796
3622.55687747528	795.47998046875
3624.43698401024	796.919982910156
3626.31656655317	796.840026855469
3628.1956253046	798.440002441406
3630.07416046492	795.960021972656
3631.95217223446	794.799987792969
3633.82966081342	794
3635.70662640191	794.039978027344
3637.58306919993	793.840026855469
3639.45898940739	794.559997558594
3641.33438722409	794.200012207031
3643.20926284973	792.960021972656
3645.08361648392	792.159973144531
3646.95744832614	792.760009765625
3648.8307585758	793.47998046875
3650.7035474322	792.880004882813
3652.57581509452	792.039978027344
3654.44756176188	791.280029296875
3656.31878763324	790.880004882813
3658.18949290753	789.880004882813
3660.05967778352	789.239990234375
3661.9293424599	789.320007324219
3663.79848713527	790.119995117188
3665.66711200812	789.47998046875
3667.53521727684	789.119995117188
3669.40280313972	788.640014648438
3671.26986979494	788.159973144531
3673.13641744059	787.599975585938
3675.00244627468	786.440002441406
