-140.373595351881	779.47998046875
-137.335129063906	779.640014648438
-134.297686810867	779.679992675781
-131.261268103955	779.119995117188
-128.225872454677	779.359985351563
-125.191499374839	778.960021972656
-122.158148376567	779.119995117188
-119.125818972292	779.320007324219
-116.094510674759	779.52001953125
-113.064222997021	779.440002441406
-110.034955452443	779.200012207031
-107.006707554687	779.559997558594
-103.979478817741	779.320007324219
-100.95326875589	779.239990234375
-97.928076883731	779.440002441406
-94.9039027161698	779.039978027344
-91.8807457684175	779.280029296875
-88.8586055560018	779.080017089844
-85.8374815947384	779.440002441406
-82.8173734007715	779.359985351563
-79.7982804905411	779.47998046875
-76.7802023807988	779.440002441406
-73.7631385885914	779.320007324219
-70.7470886312892	779.760009765625
-67.732052026553	779.280029296875
-64.7180282923587	779.200012207031
-61.7050169469884	779.200012207031
-58.6930175090183	779.159973144531
-55.6820294973386	779.440002441406
-52.6720524311495	779.039978027344
-49.66308582994	779.159973144531
-46.6551292135171	779.719970703125
-43.6481821019882	779.719970703125
-40.6422440157577	779.599975585938
-37.6373144755424	779.200012207031
-34.6333930023594	779.760009765625
-31.630479117526	779.159973144531
-28.6285723426709	779.320007324219
-25.6276721997107	779.840026855469
-22.6277782108771	780.159973144531
-19.628889898701	779.359985351563
-16.6310067860081	779.919982910156
-13.6341283959385	782.719970703125
-10.6382542519231	793.679992675781
-7.64338387769432	825.559997558594
-4.64951679729502	852.159973144531
-1.65665253506141	837.760009765625
1.33520938438089	798.840026855469
4.32606943608095	780.960021972656
7.315928094803	779.039978027344
10.3047858350146	779.280029296875
13.2926431308747	779.679992675781
16.2795004562541	779.320007324219
19.2653582847118	779.400024414063
22.2502170895187	779.159973144531
25.2340773436344	779.400024414063
28.216939519735	779.200012207031
31.1988040901939	779.440002441406
34.1796715270814	779.52001953125
37.1595423021732	779.440002441406
40.1384168869468	779.359985351563
43.1162957525854	779.52001953125
46.0931793699786	779.280029296875
49.0690682097059	779.559997558594
52.0439627420619	779.559997558594
55.0178634370476	779.119995117188
57.9907707643592	778.880004882813
60.9626851933962	779.320007324219
63.9336071932735	779.280029296875
66.9035372328018	779.200012207031
69.8724757804959	778.960021972656
72.8404233045826	779.400024414063
75.8073802729932	779.159973144531
78.7733471533597	778.840026855469
81.738324413019	779.280029296875
84.702312519025	779.200012207031
87.665311938125	779.080017089844
90.6273231367761	778.919982910156
93.5883465811569	779.119995117188
96.5483827371242	779.119995117188
99.5074320702731	778.880004882813
102.465495045889	779.400024414063
105.422572128961	779.559997558594
108.378663784199	779.080017089844
111.333770476014	779.440002441406
114.287892668528	779.52001953125
117.24103082557	779.280029296875
120.193185410674	779.719970703125
123.144356887097	780.119995117188
126.094545717786	780.159973144531
129.043752365413	780.440002441406
131.991977292355	780.559997558594
134.939220960695	780.919982910156
137.885483832232	781.359985351563
140.83076636847	781.640014648438
143.775069030632	782.080017089844
146.718392279644	782.200012207031
149.660736576149	782.760009765625
152.602102380488	783.239990234375
155.54249015274	783.760009765625
158.481900352672	784.679992675781
161.420333439765	785.280029296875
164.357789873227	785.719970703125
167.294270111968	786.159973144531
170.229774614617	786.799987792969
173.164303839496	788.280029296875
176.097858244675	789.080017089844
179.030438287908	789.039978027344
181.962044426678	790.239990234375
184.89267711817	791.400024414063
187.822336819302	791.919982910156
190.751023986678	791.080017089844
193.678739076648	792.159973144531
196.605482545255	791.039978027344
199.531254848261	793.400024414063
202.456056441152	791.840026855469
205.379887779119	791.640014648438
208.30274931708	793.200012207031
211.224641509656	792.280029296875
214.145564811189	791.599975585938
217.06551967574	792.080017089844
219.984506557089	792.200012207031
222.902525908723	791.960021972656
225.819578183856	792.239990234375
228.735663835415	791.52001953125
231.650783316047	791.799987792969
234.564937078107	791.960021972656
237.478125573679	791.200012207031
240.390349254566	792.359985351563
243.301608572278	792.52001953125
246.211903978051	793.200012207031
249.121235922839	793.359985351563
252.029604857321	793.159973144531
254.93701123188	793.960021972656
257.843455496632	794.239990234375
260.748938101415	795.200012207031
263.653459495766	795.119995117188
266.557020128967	795.640014648438
269.459620450005	796.440002441406
272.361260907595	797.200012207031
275.261941950168	795.599975585938
278.161664025874	797.719970703125
281.060427582592	796.080017089844
283.958233067921	796.400024414063
286.855080929176	797.200012207031
289.750971613398	796.599975585938
292.645905567344	796.640014648438
295.539883237503	796
298.432905070079	796.239990234375
301.324971511007	797.47998046875
304.216083005931	800.679992675781
307.10624000023	802.960021972656
309.995442939003	810.280029296875
312.883692267071	822.760009765625
315.770988428979	842.280029296875
318.657331869	857.239990234375
321.542723031127	852.799987792969
324.427162359076	836.919982910156
327.310650296293	820.039978027344
330.193187285945	809.799987792969
333.074773770929	802.559997558594
335.955410193855	800.640014648438
338.835096997075	798.039978027344
341.713834622655	796.719970703125
344.59162351239	796.679992675781
347.468464107802	795.200012207031
350.344356850137	794.320007324219
353.219302180373	793.47998046875
356.093300539208	793.280029296875
358.966352367073	793.440002441406
361.838458104123	793
364.70961819024	793.200012207031
367.579833065031	792.47998046875
370.449103167837	792.440002441406
373.317428937727	792.239990234375
376.184810813496	792.320007324219
379.051249233659	793.159973144531
381.916744636474	793.559997558594
384.78129745992	792.239990234375
387.644908141706	792.359985351563
390.50757711927	792.640014648438
393.36930482978	792.440002441406
396.23009171014	792.039978027344
399.089938196969	792.200012207031
401.948844726631	792.719970703125
404.806811735214	792.239990234375
407.66383965853	792.239990234375
410.519928932138	792.559997558594
413.375079991314	792.880004882813
416.229293271071	792.280029296875
419.082569206155	792.080017089844
421.934908231031	792.400024414063
424.786310779917	791.679992675781
427.636777286748	791.52001953125
430.486308185189	792.47998046875
433.334903908649	792.719970703125
436.182564890262	792.640014648438
439.029291562898	792.359985351563
441.875084359157	792.320007324219
444.719943711374	792.760009765625
447.563870051618	791.280029296875
450.406863811695	791.880004882813
453.248925423132	791.47998046875
456.090055317208	792.039978027344
458.93025392492	791.440002441406
461.76952167701	791.640014648438
464.60785900395	791.320007324219
467.44526633595	791.719970703125
470.281744102955	791.640014648438
473.117292734635	790.52001953125
475.951912660415	790.719970703125
478.785604309439	791.280029296875
481.618368110592	791.719970703125
484.450204492499	791.47998046875
487.281113883518	791.119995117188
490.111096711738	791.52001953125
492.940153404999	792.159973144531
495.768284390864	791.880004882813
498.595490096635	791.400024414063
501.421770949366	793
504.247127375825	791.080017089844
507.071559802537	791.679992675781
509.89506865575	791.799987792969
512.717654361473	791.679992675781
515.539317345424	792.080017089844
518.360058033083	791.559997558594
521.179876849652	791.840026855469
523.998774220083	792.039978027344
526.816750569068	790.919982910156
529.633806321025	791.47998046875
532.44994190013	791
535.265157730284	790.359985351563
538.079454235133	791.559997558594
540.892831838066	791.280029296875
543.705290962208	791.760009765625
546.516832030424	791.440002441406
549.32745546533	791.52001953125
552.137161689268	791.280029296875
554.945951124325	791.47998046875
557.753824192341	791.119995117188
560.560781314883	791.840026855469
563.36682291327	791.039978027344
566.171949408555	791.080017089844
568.976161221537	791.119995117188
571.779458772759	790.760009765625
574.5818424825	791.080017089844
577.383312770792	790.679992675781
580.183870057402	791.719970703125
582.983514761843	790.799987792969
585.782247303363	791.320007324219
588.580068100976	791.280029296875
591.376977573414	790.880004882813
594.172976139164	790.640014648438
596.968064216463	790
599.762242223282	790.119995117188
602.555510577335	789.039978027344
605.347869696099	790.760009765625
608.139319996771	789.239990234375
610.929861896313	790.159973144531
613.719495811421	790.239990234375
616.508222158541	790.760009765625
619.296041353863	790.919982910156
622.082953813324	790.359985351563
624.868959952607	790.799987792969
627.654060187137	790.679992675781
630.438254932094	789.47998046875
633.221544602397	789.840026855469
636.003929612719	790.159973144531
638.785410377468	790
641.565987310814	790.52001953125
644.345660826665	790.440002441406
647.124431338674	790.039978027344
649.902299260252	790.159973144531
652.679265004552	790.039978027344
655.455328984475	789.760009765625
658.230491612671	790.200012207031
661.004753301541	789.880004882813
663.778114463229	790.320007324219
666.550575509631	790.400024414063
669.322136852395	790.799987792969
672.092798902916	789.760009765625
674.862562072336	789.880004882813
677.631426771548	789.679992675781
680.399393411204	789.640014648438
683.166462401689	790.359985351563
685.93263415315	789.960021972656
688.697909075486	791
691.462287578337	790.280029296875
694.225770071098	789.880004882813
696.988356962926	788.760009765625
699.750048662705	789.840026855469
702.5108455791	789.239990234375
705.270748120503	789.239990234375
708.029756695068	789.719970703125
710.787871710705	789.919982910156
713.545093575065	790.559997558594
716.301422695566	790.080017089844
719.056859479364	790.359985351563
721.811404333376	791.039978027344
724.56505766427	789.880004882813
727.317819878473	790.080017089844
730.069691382148	790.200012207031
732.820672581226	790.840026855469
735.570763881396	789.400024414063
738.319965688092	790.039978027344
741.068278406496	790.52001953125
743.815702441559	790.400024414063
746.562238197974	789.640014648438
749.307886080196	790.52001953125
752.052646492436	791.159973144531
754.796519838656	790.919982910156
757.539506522567	790.559997558594
760.28160694765	790.559997558594
763.022821517128	790.919982910156
765.76315063399	790.880004882813
768.502594700972	789.280029296875
771.241154120572	790.320007324219
773.978829295045	791.080017089844
776.715620626397	791.640014648438
779.451528516396	792.760009765625
782.186553366565	791.799987792969
784.920695578179	791.799987792969
787.653955552283	791.280029296875
790.386333689662	792.159973144531
793.117830390877	790.799987792969
795.848446056227	790.52001953125
798.578181085792	790.440002441406
801.307035879389	790.559997558594
804.035010836599	790.52001953125
806.762106356774	790.960021972656
809.488322839013	790.599975585938
812.213660682169	790.239990234375
814.938120284866	790.239990234375
817.661702045482	789.719970703125
820.384406362153	790
823.10623363278	789.640014648438
825.827184255014	790.080017089844
828.547258626283	790.080017089844
831.266457143747	790.359985351563
833.984780204358	790
836.702228204804	790.559997558594
839.418801541552	789.679992675781
842.134500610814	790.200012207031
844.849325808575	790.359985351563
847.563277530579	791.159973144531
850.276356172319	790.559997558594
852.988562129066	791.159973144531
855.69989579585	791.359985351563
858.410357567456	790.080017089844
861.119947838428	790.239990234375
863.828667003087	789.719970703125
866.536515455503	789.47998046875
869.243493589517	789
871.949601798728	789.919982910156
874.654840476504	789.640014648438
877.359210015961	790.039978027344
880.062710810003	789.640014648438
882.765343251273	790.159973144531
885.467107732191	790.880004882813
888.168004644938	789.760009765625
890.868034381467	789.640014648438
893.567197333476	789.799987792969
896.265493892445	789.760009765625
898.962924449614	790
901.659489395985	790.47998046875
904.355189122325	789.880004882813
907.050024019165	790.799987792969
909.743994476809	789.880004882813
912.437100885322	789.440002441406
915.129343634532	789.280029296875
917.820723114032	789.679992675781
920.511239713189	790.239990234375
923.200893821127	789.799987792969
925.889685826744	790
928.577616118699	791
931.264685085419	790.599975585938
933.950893115098	790.960021972656
936.6362405957	790.880004882813
939.320727914956	790.280029296875
942.004355460359	790.400024414063
944.687123619173	791.159973144531
947.369032778431	790.679992675781
950.050083324934	790.159973144531
952.730275645247	790.080017089844
955.409610125711	790.880004882813
958.088087152423	790.559997558594
960.765707111263	790.200012207031
963.442470387871	790.559997558594
966.118377367657	790.359985351563
968.793428435798	790.47998046875
971.467623977254	789.799987792969
974.140964376739	789.760009765625
976.813450018737	789.880004882813
979.485081287511	789.919982910156
982.155858567087	790.280029296875
984.825782241271	790.400024414063
987.494852693624	789.599975585938
990.163070307487	790.719970703125
992.830435465978	790.119995117188
995.496948551973	790.599975585938
998.162609948122	790.840026855469
1000.82742003685	792.559997558594
1003.49137920036	793.039978027344
1006.15448782061	792.320007324219
1008.81674627934	791
1011.47815495806	789.200012207031
1014.13871423805	789.599975585938
1016.79842450037	790.039978027344
1019.45728612586	789.200012207031
1022.11529949509	788.880004882813
1024.77246498846	789.039978027344
1027.4287829861	788.919982910156
1030.08425386792	790
1032.73887801363	790.359985351563
1035.3926558027	789.960021972656
1038.04558761435	789.159973144531
1040.69767382761	790
1043.34891482125	789.200012207031
1045.99931097384	789.640014648438
1048.64886266371	789.47998046875
1051.29757026898	789.52001953125
1053.94543416753	789.760009765625
1056.59245473701	789.919982910156
1059.23863235486	789.719970703125
1061.8839673983	789.400024414063
1064.5284602443	789.599975585938
1067.17211126962	789.47998046875
1069.8149208508	789.119995117188
1072.45688936415	789.719970703125
1075.09801718577	789.719970703125
1077.7383046915	790.440002441406
1080.377752257	789.840026855469
1083.01636025767	790.400024414063
1085.65412906872	790.559997558594
1088.2910590651	789.960021972656
1090.92715062157	790.840026855469
1093.56240411266	791
1096.19681991265	790.719970703125
1098.83039839564	790.880004882813
1101.46313993547	790.200012207031
1104.09504490579	790.239990234375
1106.72611368	790.119995117188
1109.35634663129	789.359985351563
1111.98574413263	788.359985351563
1114.61430655677	788.960021972656
1117.24203427624	789.440002441406
1119.86892766333	788.359985351563
1122.49498709014	789.320007324219
1125.12021292851	789.640014648438
1127.74460555011	789.719970703125
1130.36816532634	788.799987792969
1132.99089262841	788.679992675781
1135.6127878273	787.400024414063
1138.23385129376	787.559997558594
1140.85408339834	787.239990234375
1143.47348451137	787.119995117188
1146.09205500294	787.679992675781
1148.70979524293	787.52001953125
1151.326705601	787.52001953125
1153.9427864466	787.799987792969
1156.55803814896	787.719970703125
1159.17246107707	787.799987792969
1161.78605559974	788.039978027344
1164.39882208551	788.119995117188
1167.01076090276	788.840026855469
1169.6218724196	788.280029296875
1172.23215700396	789.200012207031
1174.84161502352	788.440002441406
1177.45024684578	788.760009765625
1180.05805283799	788.559997558594
1182.66503336719	788.760009765625
1185.27118880021	787.880004882813
1187.87651950367	788
1190.48102584395	788.599975585938
1193.08470818723	788.200012207031
1195.68756689948	787.760009765625
1198.28960234643	788.679992675781
1200.89081489363	788.640014648438
1203.49120490636	789.640014648438
1206.09077274974	789.880004882813
1208.68951878864	789.880004882813
1211.28744338773	790.159973144531
1213.88454691145	789.47998046875
1216.48082972404	790.359985351563
1219.07629218953	790.239990234375
1221.6709346717	791.320007324219
1224.26475753416	791.52001953125
1226.85776114028	790.840026855469
1229.44994585322	790.960021972656
1232.04131203592	791.760009765625
1234.63186005112	792.039978027344
1237.22159026133	792.359985351563
1239.81050302886	793.239990234375
1242.3985987158	794.320007324219
1244.98587768402	793.799987792969
1247.5723402952	793.159973144531
1250.15798691078	792.640014648438
1252.74281789199	793
1255.32683359987	792.919982910156
1257.91003439523	794.440002441406
1260.49242063865	793.119995117188
1263.07399269055	792.679992675781
1265.65475091108	792.559997558594
1268.23469566021	792.119995117188
1270.81382729769	792.119995117188
1273.39214618306	792.239990234375
1275.96965267566	792.080017089844
1278.54634713458	792.280029296875
1281.12222991875	791.679992675781
1283.69730138685	791.760009765625
1286.27156189737	791.760009765625
1288.84501180858	792.280029296875
1291.41765147853	792.039978027344
1293.98948126509	793.320007324219
1296.56050152589	792.599975585938
1299.13071261837	792.359985351563
1301.70011489973	793.159973144531
1304.268708727	792.840026855469
1306.83649445698	792.799987792969
1309.40347244625	793.039978027344
1311.96964305119	793.760009765625
1314.53500662799	794.080017089844
1317.0995635326	794.280029296875
1319.66331412077	792.799987792969
1322.22625874806	793.200012207031
1324.7883977698	793.52001953125
1327.34973154112	793.640014648438
1329.91026041694	792.559997558594
1332.46998475197	792.400024414063
1335.0289049007	793.239990234375
1337.58702121746	793.400024414063
1340.14433405631	792.880004882813
1342.70084377115	792.599975585938
1345.25655071563	791.280029296875
1347.81145524323	791.559997558594
1350.36555770721	790.919982910156
1352.91885846062	790.880004882813
1355.47135785631	789.919982910156
1358.02305624691	790.200012207031
1360.57395398486	789.52001953125
1363.12405142237	789.200012207031
1365.67334891148	789.799987792969
1368.22184680399	788.719970703125
1370.76954545151	789.200012207031
1373.31644520545	789.52001953125
1375.86254641699	789.159973144531
1378.40784943713	789.640014648438
1380.95235461666	789.200012207031
1383.49606230615	788.52001953125
1386.03897285598	790.200012207031
1388.58108661632	790.200012207031
1391.12240393713	789.320007324219
1393.66292516818	789.320007324219
1396.20265065903	788.679992675781
1398.74158075901	789.599975585938
1401.2797158173	789.239990234375
1403.81705618282	789.760009765625
1406.35360220431	789.880004882813
1408.88935423032	788.880004882813
1411.42431260919	788.039978027344
1413.95847768903	788.080017089844
1416.49184981777	789.119995117188
1419.02442934314	788.960021972656
1421.55621661266	789.359985351563
1424.08721197364	789.840026855469
1426.61741577321	788.960021972656
1429.14682835828	788.880004882813
1431.67545007555	789.559997558594
1434.20328127153	790.320007324219
1436.73032229253	790.880004882813
1439.25657348466	791.640014648438
1441.78203519381	791.840026855469
1444.3067077657	792.799987792969
1446.83059154581	793.359985351563
1449.35368687944	794.159973144531
1451.8759941117	793.320007324219
1454.39751358748	793.039978027344
1456.91824565148	793.640014648438
1459.43819064818	792.320007324219
1461.95734892189	792.559997558594
1464.4757208167	791.52001953125
1466.99330667649	791.679992675781
1469.51010684497	790.400024414063
1472.02612166564	789.400024414063
1474.54135148177	789.919982910156
1477.05579663646	789.760009765625
1479.56945747262	789.320007324219
1482.08233433293	788.559997558594
1484.59442755989	789
1487.10573749579	788.52001953125
1489.61626448275	788.119995117188
1492.12600886264	786.960021972656
1494.63497097718	786.960021972656
1497.14315116786	787
1499.65054977599	786.47998046875
1502.15716714267	785.440002441406
1504.66300360881	786.640014648438
1507.16805951512	785.719970703125
1509.67233520211	786.599975585938
1512.1758310101	785.719970703125
1514.67854727919	785.640014648438
1517.18048434931	785.840026855469
1519.68164256018	785.679992675781
1522.18202225132	785.799987792969
1524.68162376207	785.320007324219
1527.18044743155	785
1529.67849359869	785.559997558594
1532.17576260224	785.960021972656
1534.67225478072	785.919982910156
1537.1679704725	785.640014648438
1539.66291001572	785.640014648438
1542.15707374832	785.960021972656
1544.65046200807	785.640014648438
1547.14307513254	786.080017089844
1549.63491345907	785.960021972656
1552.12597732485	786.400024414063
1554.61626706685	787.159973144531
1557.10578302185	786.640014648438
1559.59452552644	787.400024414063
1562.082494917	787.47998046875
1564.56969152973	787.919982910156
1567.05611570064	787.880004882813
1569.54176776552	788.280029296875
1572.02664806	788.799987792969
1574.51075691949	788.919982910156
1576.99409467921	788.880004882813
1579.4766616742	788.880004882813
1581.95845823929	788.919982910156
1584.43948470912	788.880004882813
1586.91974141815	789.039978027344
1589.39922870064	788.200012207031
1591.87794689064	787.880004882813
1594.35589632202	788.52001953125
1596.83307732848	788.52001953125
1599.30949024348	788.320007324219
1601.78513540033	789.52001953125
1604.26001313211	789.719970703125
1606.73412377175	789.239990234375
1609.20746765196	790.440002441406
1611.68004510526	789.799987792969
1614.15185646398	790.119995117188
1616.62290206026	790.119995117188
1619.09318222605	790.599975585938
1621.56269729311	789.799987792969
1624.031447593	790.159973144531
1626.4994334571	790.440002441406
1628.9666552166	789.760009765625
1631.43311320248	789.799987792969
1633.89880774554	791.239990234375
1636.3637391764	791.52001953125
1638.82790782548	791.47998046875
1641.29131402301	792.679992675781
1643.75395809903	792.559997558594
1646.21584038339	793.039978027344
1648.67696120575	793.599975585938
1651.13732089558	794.119995117188
1653.59691978216	794.400024414063
1656.05575819459	793.640014648438
1658.51383646175	793
1660.97115491238	794.559997558594
1663.42771387498	794.039978027344
1665.8835136779	793.239990234375
1668.33855464928	792.200012207031
1670.79283711708	792.359985351563
1673.24636140907	792.640014648438
1675.69912785282	791.119995117188
1678.15113677572	791.719970703125
1680.602388505	789.919982910156
1683.05288336764	790.400024414063
1685.50262169049	789.239990234375
1687.95160380019	788.52001953125
1690.39983002318	788
1692.84730068573	786.760009765625
1695.29401611392	787.239990234375
1697.73997663364	787.760009765625
1700.18518257059	786.280029296875
1702.6296342503	784.960021972656
1705.07333199807	785.239990234375
1707.51627613907	785.159973144531
1709.95846699824	784.47998046875
1712.39990490036	784.599975585938
1714.84059017001	784.47998046875
1717.28052313159	785.159973144531
1719.7197041093	784.159973144531
1722.15813342718	783.919982910156
1724.59581140906	783.47998046875
1727.03273837859	783.559997558594
1729.46891465926	783.359985351563
1731.90434057432	784.359985351563
1734.3390164469	784
1736.7729425999	783.400024414063
1739.20611935604	783.799987792969
1741.63854703787	783.239990234375
1744.07022596776	783.039978027344
1746.50115646787	782.960021972656
1748.93133886019	783.320007324219
1751.36077346652	783.239990234375
1753.7894606085	782.679992675781
1756.21740060755	782.679992675781
1758.64459378494	782.640014648438
1761.07104046172	783
1763.49674095879	783.159973144531
1765.92169559684	782.47998046875
1768.3459046964	783.039978027344
1770.7693685778	783.039978027344
1773.1920875612	782.119995117188
1775.61406196656	782.47998046875
1778.03529211367	782.400024414063
1780.45577832214	782.440002441406
1782.87552091138	781.960021972656
1785.29452020064	782.440002441406
1787.71277650897	782.840026855469
1790.13029015525	782.799987792969
1792.54706145817	781.880004882813
1794.96309073625	782.280029296875
1797.3783783078	782.47998046875
1799.79292449097	782.679992675781
1802.20672960375	782
1804.61979396389	782
1807.03211788902	782.880004882813
1809.44370169655	782.440002441406
1811.85454570373	782.919982910156
1814.2646502276	782.159973144531
1816.67401558506	782.119995117188
1819.0826420928	782.52001953125
1821.49053006734	782.159973144531
1823.89767982501	782.159973144531
1826.30409168198	782.159973144531
1828.70976595422	782.080017089844
1831.11470295753	782
1833.51890300752	782.119995117188
1835.92236641964	782.200012207031
1838.32509350914	782.159973144531
1840.72708459111	782.280029296875
1843.12833998044	782.159973144531
1845.52885999184	781.919982910156
1847.92864493987	782.320007324219
1850.32769513889	782
1852.72601090307	782.359985351563
1855.12359254642	782.320007324219
1857.52044038278	782.359985351563
1859.91655472578	782.320007324219
1862.31193588889	782.280029296875
1864.70658418542	781.799987792969
1867.10049992847	781.840026855469
1869.49368343096	782.52001953125
1871.88613500568	782.440002441406
1874.27785496518	782
1876.66884362188	782
1879.059101288	782
1881.44862827559	782.080017089844
1883.8374248965	782.200012207031
1886.22549146246	782
1888.61282828495	782.159973144531
1890.99943567534	782.239990234375
1893.38531394477	782.880004882813
1895.77046340424	782.039978027344
1898.15488436455	782
1900.53857713634	781.880004882813
1902.92154203006	782.52001953125
1905.303779356	781.880004882813
1907.68528942426	782.280029296875
1910.06607254477	782.320007324219
1912.44612902729	781.760009765625
1914.82545918139	782.440002441406
1917.20406331648	781.640014648438
1919.58194174178	782.359985351563
1921.95909476634	782.280029296875
1924.33552269905	781.960021972656
1926.71122584861	782.280029296875
1929.08620452353	781.799987792969
1931.46045903219	781.840026855469
1933.83398968275	782.239990234375
1936.20679678322	782.200012207031
1938.57888064142	782.239990234375
1940.95024156502	782.640014648438
1943.3208798615	782.400024414063
1945.69079583816	782.239990234375
1948.05998980213	782.359985351563
1950.42846206038	782.47998046875
1952.79621291969	782.159973144531
1955.16324268668	782.52001953125
1957.52955166778	781.799987792969
1959.89514016927	782.880004882813
1962.26000849723	782.559997558594
1964.62415695759	782.159973144531
1966.98758585609	782.52001953125
1969.3502954983	782.280029296875
1971.71228618964	782
1974.07355823532	782.719970703125
1976.43411194042	782.400024414063
1978.79394760981	782.359985351563
1981.1530655482	782.119995117188
1983.51146606014	782.599975585938
1985.86914944999	782.599975585938
1988.22611602196	782.359985351563
1990.58236608007	782.640014648438
1992.93789992817	782.200012207031
1995.29271786995	782.52001953125
1997.64682020892	782.400024414063
2000.00020724843	782.440002441406
2002.35287929162	782.799987792969
2004.70483664152	782.52001953125
2007.05607960095	782.640014648438
2009.40660847256	782.599975585938
2011.75642355884	782.52001953125
2014.1055251621	782.719970703125
2016.4539135845	782.280029296875
2018.80158912802	782.599975585938
2021.14855209444	782.400024414063
2023.49480278542	783.039978027344
2025.84034150242	782.760009765625
2028.18516854673	782.280029296875
2030.52928421948	782.760009765625
2032.87268882163	782.719970703125
2035.21538265398	782.640014648438
2037.55736601713	782.52001953125
2039.89863921153	782.280029296875
2042.23920253747	782.880004882813
2044.57905629506	782.52001953125
2046.91820078425	782.239990234375
2049.2566363048	782.599975585938
2051.59436315633	782.880004882813
2053.93138163827	782.359985351563
2056.2676920499	782.239990234375
2058.6032946903	782.559997558594
2060.93818985843	782.320007324219
2063.27237785303	782.440002441406
2065.60585897272	783.159973144531
2067.93863351592	782.960021972656
2070.27070178089	783.119995117188
2072.60206406574	782.599975585938
2074.93272066838	782.960021972656
2077.26267188658	782.799987792969
2079.59191801793	782.880004882813
2081.92045935985	783.239990234375
2084.24829620962	782.400024414063
2086.57542886431	783.280029296875
2088.90185762087	782.599975585938
2091.22758277604	783.359985351563
2093.55260462643	782.640014648438
2095.87692346845	783.159973144531
2098.20053959837	783.200012207031
2100.52345331229	782.239990234375
2102.84566490614	782.559997558594
2105.16717467567	783.47998046875
2107.48798291649	782.47998046875
2109.80808992403	782.679992675781
2112.12749599355	783.039978027344
2114.44620142016	782.679992675781
2116.7642064988	782.840026855469
2119.08151152423	782.440002441406
2121.39811679106	782.119995117188
2123.71402259374	782.919982910156
2126.02922922653	782.919982910156
2128.34373698356	782.52001953125
2130.65754615876	782.719970703125
2132.97065704594	783.200012207031
2135.28306993869	782.960021972656
2137.59478513047	783.679992675781
2139.90580291459	783.239990234375
2142.21612358416	782.840026855469
2144.52574743214	782.840026855469
2146.83467475134	782.960021972656
2149.1429058344	782.919982910156
2151.45044097377	783.159973144531
2153.75728046178	782.640014648438
2156.06342459057	782.320007324219
2158.36887365212	782.960021972656
2160.67362793825	782.960021972656
2162.97768774061	783.200012207031
2165.28105335071	782.599975585938
2167.58372505987	782.320007324219
2169.88570315926	782.840026855469
2172.18698793988	782.359985351563
2174.48757969258	782.880004882813
2176.78747870805	783
2179.08668527679	782.599975585938
2181.38519968917	782.400024414063
2183.68302223538	782.719970703125
2185.98015320547	782.960021972656
2188.27659288929	782.960021972656
2190.57234157656	782.239990234375
2192.86739955682	783
2195.16176711948	782.719970703125
2197.45544455375	782.760009765625
2199.74843214869	782.679992675781
2202.04073019322	782.599975585938
2204.33233897607	783.119995117188
2206.62325878583	782.679992675781
2208.91348991093	782.679992675781
2211.20303263961	782.679992675781
2213.49188726	782.640014648438
2215.78005406001	782.47998046875
2218.06753332744	782.559997558594
2220.35432534991	782.599975585938
2222.64043041487	782.679992675781
2224.92584880964	782.640014648438
2227.21058082134	782.919982910156
2229.49462673696	782.400024414063
2231.77798684332	782.359985351563
2234.06066142709	782.960021972656
2236.34265077477	782.359985351563
2238.62395517269	782.039978027344
2240.90457490706	782.080017089844
2243.18451026388	782.280029296875
2245.46376152904	782.239990234375
2247.74232898823	782.47998046875
2250.02021292701	782
2252.29741363077	782.440002441406
2254.57393138475	782.320007324219
2256.849766474	781.960021972656
2259.12491918346	782.159973144531
2261.39938979788	782.559997558594
2263.67317860185	782.52001953125
2265.94628587983	782.280029296875
2268.2187119161	782.840026855469
2270.49045699478	782.239990234375
2272.76152139985	783.039978027344
2275.03190541511	782.52001953125
2277.30160932421	782.640014648438
2279.57063341067	782.679992675781
2281.83897795781	782.159973144531
2284.10664324882	782.679992675781
2286.37362956672	782.320007324219
2288.63993719439	782.200012207031
2290.90556641454	782.359985351563
2293.17051750973	782.359985351563
2295.43479076235	782.119995117188
2297.69838645465	782.47998046875
2299.96130486871	782.239990234375
2302.22354628647	781.640014648438
2304.48511098971	782.359985351563
2306.74599926003	782.119995117188
2309.00621137891	782.599975585938
2311.26574762765	782.200012207031
2313.52460828741	782
2315.78279363917	781.960021972656
2318.04030396379	782.599975585938
2320.29713954195	782.039978027344
2322.55330065418	782.280029296875
2324.80878758085	782.280029296875
2327.06360060219	782.080017089844
2329.31773999826	781.760009765625
2331.57120604897	782.440002441406
2333.82399903409	782.47998046875
2336.0761192332	782.239990234375
2338.32756692577	782.119995117188
2340.57834239108	781.719970703125
2342.82844590827	781.880004882813
2345.07787775633	781.919982910156
2347.32663821409	782.039978027344
2349.57472756023	781.799987792969
2351.82214607327	782
2354.06889403158	781.799987792969
2356.31497171337	782
2358.56037939672	782.039978027344
2360.80511735953	782
2363.04918587955	782.039978027344
2365.29258523439	782.159973144531
2367.5353157015	781.880004882813
2369.77737755817	781.719970703125
2372.01877108156	782.640014648438
2374.25949654865	781.640014648438
2376.49955423629	781.559997558594
2378.73894442115	782
2380.97766737977	781.880004882813
2383.21572338855	782.119995117188
2385.45311272369	781.840026855469
2387.68983566129	782.080017089844
2389.92589247727	781.960021972656
2392.1612834474	781.840026855469
2394.39600884731	782.400024414063
2396.63006895246	782.159973144531
2398.86346403818	782.52001953125
2401.09619437962	782
2403.32826025182	782.039978027344
2405.55966192963	781.960021972656
2407.79039968777	781.919982910156
2410.0204738008	781.960021972656
2412.24988454313	781.840026855469
2414.47863218902	781.960021972656
2416.70671701258	781.960021972656
2418.93413928778	781.280029296875
2421.16089928842	781.320007324219
2423.38699728817	781.559997558594
2425.61243356052	781.960021972656
2427.83720837884	781.760009765625
2430.06132201633	781.679992675781
2432.28477474606	781.919982910156
2434.50756684093	782
2436.72969857371	782
2438.95117021699	781.559997558594
2441.17198204325	781.960021972656
2443.39213432478	781.919982910156
2445.61162733376	781.760009765625
2447.83046134218	782.159973144531
2450.04863662192	781.599975585938
2452.26615344468	782
2454.48301208203	781.880004882813
2456.69921280539	782.200012207031
2458.91475588602	782.200012207031
2461.12964159504	782
2463.34387020342	781.840026855469
2465.55744198198	782.280029296875
2467.77035720139	781.52001953125
2469.98261613217	781.919982910156
2472.1942190447	781.840026855469
2474.40516620922	781.359985351563
2476.6154578958	781.52001953125
2478.82509437436	781.840026855469
2481.03407591471	782.159973144531
2483.24240278646	781.760009765625
2485.45007525911	781.840026855469
2487.65709360202	781.760009765625
2489.86345808435	781.400024414063
2492.06916897518	781.760009765625
2494.27422654339	781.599975585938
2496.47863105774	781.400024414063
2498.68238278683	781.719970703125
2500.88548199912	781.799987792969
2503.08792896294	782.47998046875
2505.28972394643	781.880004882813
2507.49086721763	781.880004882813
2509.6913590444	781.679992675781
2511.89119969447	781.679992675781
2514.09038943543	781.47998046875
2516.2889285347	781.47998046875
2518.48681725957	782.320007324219
2520.6840558772	781.960021972656
2522.88064465456	781.880004882813
2525.07658385852	781.599975585938
2527.27187375578	782.200012207031
2529.4665146129	782
2531.66050669629	781.47998046875
2533.85385027222	781.760009765625
2536.04654560681	781.52001953125
2538.23859296605	782
2540.42999261577	782.159973144531
2542.62074482166	782.039978027344
2544.81084984925	782.080017089844
2547.00030796395	781.919982910156
2549.18911943101	781.400024414063
2551.37728451555	782.359985351563
2553.56480348252	782.440002441406
2555.75167659675	782
2557.93790412292	781.640014648438
2560.12348632556	781.280029296875
2562.30842346905	782.080017089844
2564.49271581764	781.719970703125
2566.67636363544	782.440002441406
2568.85936718639	782.080017089844
2571.04172673431	782.080017089844
2573.22344254288	782.280029296875
2575.40451487562	782.679992675781
2577.58494399591	781.679992675781
2579.76473016699	781.559997558594
2581.94387365196	782.039978027344
2584.12237471377	781.640014648438
2586.30023361523	781.52001953125
2588.47745061901	781.320007324219
2590.65402598763	781.799987792969
2592.82995998348	782.159973144531
2595.0052528688	782.400024414063
2597.17990490568	782.840026855469
2599.35391635608	781.880004882813
2601.52728748181	781.719970703125
2603.70001854454	781.799987792969
2605.8721098058	782.119995117188
2608.04356152698	782.280029296875
2610.21437396931	781.640014648438
2612.3845473939	782.47998046875
2614.55408206173	782.119995117188
2616.72297823359	782.320007324219
2618.89123617017	781.640014648438
2621.058856132	781.320007324219
2623.22583837949	781.840026855469
2625.39218317288	782.599975585938
2627.55789077229	782.599975585938
2629.72296143769	781.359985351563
2631.88739542891	782.440002441406
2634.05119300563	781.880004882813
2636.21435442742	782.320007324219
2638.37687995367	781.799987792969
2640.53876984365	782.47998046875
2642.70002435649	782.080017089844
2644.86064375119	782.239990234375
2647.02062828658	781.719970703125
2649.17997822137	782.239990234375
2651.33869381413	782.080017089844
2653.49677532328	782.359985351563
2655.65422300711	782.400024414063
2657.81103712378	782.320007324219
2659.96721793127	782.400024414063
2662.12276568747	782.440002441406
2664.2776806501	782.359985351563
2666.43196307675	782.760009765625
2668.58561322486	782.320007324219
2670.73863135176	781.760009765625
2672.8910177146	782.559997558594
2675.04277257043	781.919982910156
2677.19389617612	782.080017089844
2679.34438878845	782.840026855469
2681.49425066402	782.640014648438
2683.64348205931	782.239990234375
2685.79208323065	782.640014648438
2687.94005443425	782.799987792969
2690.08739592617	782.559997558594
2692.23410796233	782.280029296875
2694.38019079852	782.159973144531
2696.52564469038	782.559997558594
2698.67046989342	782.960021972656
2700.81466666302	782.960021972656
2702.9582352544	782.599975585938
2705.10117592265	782.799987792969
2707.24348892275	782.919982910156
2709.3851745095	782.960021972656
2711.5262329376	782.52001953125
2713.66666446158	782.880004882813
2715.80646933585	782.719970703125
2717.94564781468	783.280029296875
2720.08420015222	783.400024414063
2722.22212660245	783.080017089844
2724.35942741923	782.47998046875
2726.49610285628	782.760009765625
2728.63215316721	783.039978027344
2730.76757860544	783.119995117188
2732.9023794243	783.159973144531
2735.03655587697	782.719970703125
2737.17010821648	783.919982910156
2739.30303669573	782.559997558594
2741.4353415675	783
2743.56702308442	783.239990234375
2745.69808149898	783.039978027344
2747.82851706355	783.039978027344
2749.95833003034	782.960021972656
2752.08752065145	783.159973144531
2754.21608917883	782.799987792969
2756.3440358643	783.47998046875
2758.47136095954	783.119995117188
2760.59806471609	783.440002441406
2762.72414738537	783.119995117188
2764.84960921865	783.039978027344
2766.97445046708	783.080017089844
2769.09867138166	783.280029296875
2771.22227221326	783.47998046875
2773.34525321263	783
2775.46761463035	783.080017089844
2777.58935671691	783.280029296875
2779.71047972262	783.080017089844
2781.83098389771	782.919982910156
2783.95086949221	782.640014648438
2786.07013675607	782.919982910156
2788.18878593908	783.239990234375
2790.3068172909	783.47998046875
2792.42423106106	783.359985351563
2794.54102749895	783.039978027344
2796.65720685384	782.719970703125
2798.77276937486	783.799987792969
2800.88771531098	783.559997558594
2803.00204491107	783.200012207031
2805.11575842387	783.280029296875
2807.22885609796	783.559997558594
2809.34133818179	782.960021972656
2811.4532049237	783.200012207031
2813.56445657189	783.320007324219
2815.6750933744	783.119995117188
2817.78511557916	783.719970703125
2819.89452343398	783.840026855469
2822.00331718652	783.960021972656
2824.11149708429	784
2826.2190633747	783.719970703125
2828.32601630502	784.52001953125
2830.43235612237	784.799987792969
2832.53808307375	785.239990234375
2834.64319740603	785.960021972656
2836.74769936595	785.880004882813
2838.85158920011	786.799987792969
2840.95486715497	786.280029296875
2843.05753347689	787.960021972656
2845.15958841206	787.599975585938
2847.26103220657	789.159973144531
2849.36186510636	789.799987792969
2851.46208735724	790.239990234375
2853.56169920488	790.799987792969
2855.66070089485	790.47998046875
2857.75909267257	791.640014648438
2859.85687478332	792.440002441406
2861.95404747225	794.559997558594
2864.05061098439	795.52001953125
2866.14656556464	795.400024414063
2868.24191145777	795.919982910156
2870.3366489084	795.640014648438
2872.43077816104	796.440002441406
2874.52429946006	798.47998046875
2876.61721304971	798.880004882813
2878.70951917409	798.679992675781
2880.8012180772	798.280029296875
2882.89231000287	798.47998046875
2884.98279519483	798.559997558594
2887.07267389667	798.320007324219
2889.16194635186	800.400024414063
2891.25061280373	800.080017089844
2893.33867349546	800.359985351563
2895.42612867015	801.200012207031
2897.51297857074	801.640014648438
2899.59922344003	799.719970703125
2901.68486352071	800.200012207031
2903.76989905533	802.919982910156
2905.85433028632	804
2907.93815745598	804.679992675781
2910.02138080648	804.640014648438
2912.10400057985	804.840026855469
2914.186017018	806
2916.26743036271	806.799987792969
2918.34824085563	806.47998046875
2920.4284487383	807.960021972656
2922.5080542521	808.359985351563
2924.58705763829	810.039978027344
2926.66545913802	810.039978027344
2928.74325899231	810.400024414063
2930.82045744202	810.880004882813
2932.89705472792	810.880004882813
2934.97305109062	811.400024414063
2937.04844677063	813.400024414063
2939.12324200832	811.679992675781
2941.19743704393	811.599975585938
2943.27103211757	810.239990234375
2945.34402746923	808.880004882813
2947.41642333876	805.760009765625
2949.48821996592	805.880004882813
2951.55941759028	805.200012207031
2953.63001645135	805.640014648438
2955.70001678845	805.799987792969
2957.76941884083	804.159973144531
2959.83822284757	804.599975585938
2961.90642904764	803.760009765625
2963.97403767988	803.47998046875
2966.04104898302	803.239990234375
2968.10746319565	803.400024414063
2970.17328055621	800.960021972656
2972.23850130305	801.640014648438
2974.30312567438	800.200012207031
2976.36715390829	801.159973144531
2978.43058624273	802.47998046875
2980.49342291553	799.880004882813
2982.55566416439	800.320007324219
2984.61731022691	799.799987792969
2986.67836134051	800.039978027344
2988.73881774255	799.599975585938
2990.79867967021	797.960021972656
2992.85794736058	797.359985351563
2994.9166210506	797.679992675781
2996.97470097711	796
2999.03218737679	796.080017089844
3001.08908048622	794.599975585938
3003.14538054186	795.599975585938
3005.20108778002	796.119995117188
3007.25620243691	795.440002441406
3009.3107247486	795.080017089844
3011.36465495104	795.599975585938
3013.41799328004	793.320007324219
3015.47073997133	794.159973144531
3017.52289526045	795.400024414063
3019.57445938288	794.840026855469
3021.62543257393	794.719970703125
3023.6758150688	795.200012207031
3025.72560710258	793.960021972656
3027.77480891021	794.799987792969
3029.82342072652	794.440002441406
3031.87144278622	795.200012207031
3033.91887532389	795.919982910156
3035.96571857399	795.080017089844
3038.01197277084	795.880004882813
3040.05763814867	795.840026855469
3042.10271494154	795.119995117188
3044.14720338344	796.400024414063
3046.19110370818	797.280029296875
3048.2344161495	796.280029296875
3050.27714094097	797.159973144531
3052.31927831608	798.559997558594
3054.36082850816	799.039978027344
3056.40179175044	799.440002441406
3058.44216827602	798.880004882813
3060.48195831786	799.840026855469
3062.52116210884	799.760009765625
3064.55977988167	800.119995117188
3066.59781186897	798.960021972656
3068.63525830322	800.599975585938
3070.67211941678	801.200012207031
3072.7083954419	801.640014648438
3074.7440866107	800.200012207031
3076.77919315516	800.719970703125
3078.81371530716	802.159973144531
3080.84765329846	803.599975585938
3082.88100736068	801.359985351563
3084.91377772534	802.919982910156
3086.94596462381	802.280029296875
3088.97756828737	804.960021972656
3091.00858894714	803.919982910156
3093.03902683417	802.640014648438
3095.06888217933	803.599975585938
3097.09815521342	804.400024414063
3099.12684616709	805.200012207031
3101.15495527087	807.119995117188
3103.18248275518	805.159973144531
3105.20942885031	806.679992675781
3107.23579378642	808.960021972656
3109.26157779358	808.280029296875
3111.28678110171	809.840026855469
3113.31140394062	808.799987792969
3115.33544654	806.919982910156
3117.35890912942	810.239990234375
3119.38179193832	810.52001953125
3121.40409519602	811.239990234375
3123.42581913174	812.280029296875
3125.44696397457	812
3127.46752995345	812.919982910156
3129.48751729725	813.719970703125
3131.50692623469	814.200012207031
3133.52575699436	813.760009765625
3135.54400980476	815.559997558594
3137.56168489425	816.559997558594
3139.57878249108	816.47998046875
3141.59530282337	817.440002441406
3143.61124611913	816.039978027344
3145.62661260624	817.760009765625
3147.64140251247	817.47998046875
3149.65561606547	816.960021972656
3151.66925349277	817.359985351563
3153.68231502177	819.280029296875
3155.69480087977	820.52001953125
3157.70671129394	823.840026855469
3159.71804649132	825.359985351563
3161.72880669886	823.159973144531
3163.73899214336	822.159973144531
3165.74860305152	824.760009765625
3167.75763964991	822.880004882813
3169.766102165	826.200012207031
3171.77399082313	829.239990234375
3173.7813058505	825.559997558594
3175.78804747323	824.960021972656
3177.79421591731	825.359985351563
3179.79981140859	827.440002441406
3181.80483417282	826.47998046875
3183.80928443564	828.880004882813
3185.81316242255	830.119995117188
3187.81646835896	828.719970703125
3189.81920247013	829.679992675781
3191.82136498122	832.559997558594
3193.82295611727	832.679992675781
3195.82397610321	833.559997558594
3197.82442516385	832.119995117188
3199.82430352386	830.799987792969
3201.82361140782	835.119995117188
3203.82234904018	837.47998046875
3205.82051664529	834.559997558594
3207.81811444735	833.440002441406
3209.81514267047	836.559997558594
3211.81160153863	834.599975585938
3213.80749127571	834
3215.80281210545	832.320007324219
3217.79756425148	837.359985351563
3219.79174793733	834.640014648438
3221.7853633864	833.559997558594
3223.77841082196	837.200012207031
3225.77089046719	837.719970703125
3227.76280254513	840.52001953125
3229.75414727873	838.960021972656
3231.74492489081	839.840026855469
3233.73513560406	839.960021972656
3235.72477964107	840.320007324219
3237.71385722431	839.599975585938
3239.70236857614	837.840026855469
3241.6903139188	838.440002441406
3243.6776934744	836.640014648438
3245.66450746496	836.719970703125
3247.65075611237	836.359985351563
3249.63643963841	835.52001953125
3251.62155826472	837.239990234375
3253.60611221287	838.200012207031
3255.59010170428	840.919982910156
3257.57352696026	841.47998046875
3259.55638820202	842.200012207031
3261.53868565064	842.280029296875
3263.52041952708	845.47998046875
3265.50159005221	842.119995117188
3267.48219744676	835.320007324219
3269.46224193136	837.200012207031
3271.44172372651	841.359985351563
3273.42064305262	839.799987792969
3275.39900012996	840.280029296875
3277.3767951787	838.320007324219
3279.35402841889	836.760009765625
3281.33070007047	839.080017089844
3283.30681035326	842.200012207031
3285.28235948698	839.599975585938
3287.25734769121	839.400024414063
3289.23177518544	843.080017089844
3291.20564218903	841.919982910156
3293.17894892124	840.47998046875
3295.1516956012	839.640014648438
3297.12388244795	836
3299.09550968039	838.640014648438
3301.06657751732	840.239990234375
3303.03708617743	840.239990234375
3305.00703587929	844.559997558594
3306.97642684135	843.359985351563
3308.94525928196	837.799987792969
3310.91353341935	837.919982910156
3312.88124947164	839.760009765625
3314.84840765683	837.159973144531
3316.81500819282	837.359985351563
3318.78105129738	837.400024414063
3320.74653718818	836.320007324219
3322.71146608278	835.679992675781
3324.67583819861	838.679992675781
3326.639653753	840.239990234375
3328.60291296317	839.960021972656
3330.56561604621	841.880004882813
3332.52776321913	842.359985351563
3334.4893546988	840.679992675781
3336.45039070198	838.760009765625
3338.41087144533	837.200012207031
3340.37079714539	837.679992675781
3342.33016801859	835.239990234375
3344.28898428124	837.440002441406
3346.24724614955	841.47998046875
3348.20495383962	838.47998046875
3350.16210756742	834.960021972656
3352.11870754883	836
3354.07475399961	836
3356.03024713539	836.359985351563
3357.98518717173	838.280029296875
3359.93957432403	840.47998046875
3361.89340880761	840.599975585938
3363.84669083768	838.52001953125
3365.79942062933	837.200012207031
3367.75159839753	837.599975585938
3369.70322435715	840.239990234375
3371.65429872295	838.840026855469
3373.60482170957	842.559997558594
3375.55479353155	843.919982910156
3377.50421440332	840.799987792969
3379.45308453918	839.640014648438
3381.40140415335	838.280029296875
3383.34917345991	839.039978027344
3385.29639267284	840.640014648438
3387.24306200602	835.880004882813
3389.18918167321	838.880004882813
3391.13475188806	840.760009765625
3393.07977286411	843.400024414063
3395.02424481479	847.239990234375
3396.96816795342	845.559997558594
3398.91154249322	842.799987792969
3400.85436864728	842.039978027344
3402.79664662859	842.47998046875
3404.73837665004	841.799987792969
3406.67955892439	838.760009765625
3408.62019366432	839.119995117188
3410.56028108236	842.760009765625
3412.49982139096	844
3414.43881480247	844.679992675781
3416.37726152909	844.640014648438
3418.31516178295	842.47998046875
3420.25251577605	841.52001953125
3422.18932372029	841.679992675781
3424.12558582746	841.679992675781
3426.06130230922	843.559997558594
3427.99647337717	844.880004882813
3429.93109924274	841.119995117188
3431.8651801173	839.320007324219
3433.79871621209	838.679992675781
3435.73170773824	840.280029296875
3437.66415490678	841.200012207031
3439.59605792862	836.840026855469
3441.52741701458	838.239990234375
3443.45823237536	836.359985351563
3445.38850422154	837.47998046875
3447.31823276362	840.359985351563
3449.24741821196	840.320007324219
3451.17606077684	839.960021972656
3453.10416066842	838.320007324219
3455.03171809674	839.47998046875
3456.95873327175	835.919982910156
3458.88520640329	836.640014648438
3460.81113770109	834.919982910156
3462.73652737477	834.799987792969
3464.66137563383	833.919982910156
3466.58568268769	834.599975585938
3468.50944874565	832.679992675781
3470.43267401689	832.280029296875
3472.3553587105	832.280029296875
3474.27750303545	829.840026855469
3476.19910720062	827.640014648438
3478.12017141476	832.559997558594
3480.04069588654	835.559997558594
3481.9606808245	834.159973144531
3483.88012643707	832.880004882813
3485.79903293259	829.919982910156
3487.7174005193	826.640014648438
3489.63522940532	825.760009765625
3491.55251979864	823.799987792969
3493.46927190719	824.719970703125
3495.38548593877	823.599975585938
3497.30116210107	824.320007324219
3499.21630060167	825.919982910156
3501.13090164807	822.960021972656
3503.04496544763	821.47998046875
3504.95849220763	822.039978027344
3506.87148213523	824.47998046875
3508.78393543748	823.039978027344
3510.69585232134	821.039978027344
3512.60723299365	820.919982910156
3514.51807766116	820.080017089844
3516.42838653049	823.119995117188
3518.33815980819	817.840026855469
3520.24739770066	817.280029296875
3522.15610041423	817.159973144531
3524.06426815511	816.52001953125
3525.9719011294	818.200012207031
3527.87899954311	820.52001953125
3529.78556360213	818.679992675781
3531.69159351225	817.440002441406
3533.59708947916	817.239990234375
3535.50205170844	816.640014648438
3537.40648040556	814.840026855469
3539.3103757759	812.880004882813
3541.21373802472	810.080017089844
3543.11656735717	808.960021972656
3545.01886397833	809.52001953125
3546.92062809313	811.52001953125
3548.82185990643	812.679992675781
3550.72255962297	809.599975585938
3552.62272744738	810.880004882813
3554.5223635842	809.039978027344
3556.42146823786	807.880004882813
3558.32004161268	807.640014648438
3560.21808391289	807.840026855469
3562.11559534259	807.080017089844
3564.01257610581	805.239990234375
3565.90902640645	807.640014648438
3567.80494644831	807.239990234375
3569.7003364351	806.280029296875
3571.59519657042	805.559997558594
3573.48952705774	804.280029296875
3575.38332810048	804.960021972656
3577.27659990191	805.840026855469
3579.16934266521	804.919982910156
3581.06155659346	805.359985351563
3582.95324188965	805.320007324219
3584.84439875663	803.880004882813
3586.73502739718	801.840026855469
3588.62512801397	802.359985351563
3590.51470080955	803.159973144531
3592.40374598639	802.719970703125
3594.29226374685	802.119995117188
3596.18025429317	802
3598.06771782751	800.760009765625
3599.95465455192	799.359985351563
3601.84106466834	800.400024414063
3603.72694837861	800.799987792969
3605.61230588447	800.599975585938
3607.49713738756	799.719970703125
3609.38144308942	799.760009765625
3611.26522319148	798.280029296875
3613.14847789506	797.719970703125
3615.0312074014	798.080017089844
3616.91341191162	798
3618.79509162674	796.159973144531
3620.67624674769	795.880004882813
3622.55687747528	796.440002441406
3624.43698401024	796.239990234375
3626.31656655317	797.080017089844
3628.1956253046	796.280029296875
3630.07416046492	795.320007324219
3631.95217223446	794.440002441406
3633.82966081342	793.280029296875
3635.70662640191	793.400024414063
3637.58306919993	794.200012207031
3639.45898940739	794.159973144531
3641.33438722409	793.359985351563
3643.20926284973	792.960021972656
3645.08361648392	792.679992675781
3646.95744832614	791.640014648438
3648.8307585758	792.679992675781
3650.7035474322	792.599975585938
3652.57581509452	791.880004882813
3654.44756176188	791.200012207031
3656.31878763324	790.280029296875
3658.18949290753	790.119995117188
3660.05967778352	788.840026855469
3661.9293424599	788.559997558594
3663.79848713527	790.239990234375
3665.66711200812	789.880004882813
3667.53521727684	788.640014648438
3669.40280313972	787.919982910156
3671.26986979494	787.760009765625
3673.13641744059	787.640014648438
3675.00244627468	787.440002441406
