-140.373595351881	779.150024414063
-137.335129063906	779
-134.297686810867	779.549987792969
-131.261268103955	778.900024414063
-128.225872454677	779.200012207031
-125.191499374839	779.349975585938
-122.158148376567	779.099975585938
-119.125818972292	778.900024414063
-116.094510674759	779.200012207031
-113.064222997021	779.849975585938
-110.034955452443	779.349975585938
-107.006707554687	779.549987792969
-103.979478817741	779.150024414063
-100.95326875589	779
-97.928076883731	779.700012207031
-94.9039027161698	779.5
-91.8807457684175	779.5
-88.8586055560018	779.75
-85.8374815947384	779.299987792969
-82.8173734007715	779.200012207031
-79.7982804905411	778.900024414063
-76.7802023807988	779.849975585938
-73.7631385885914	779.400024414063
-70.7470886312892	778.849975585938
-67.732052026553	779.5
-64.7180282923587	779.650024414063
-61.7050169469884	779.150024414063
-58.6930175090183	779.599975585938
-55.6820294973386	779.549987792969
-52.6720524311495	779.450012207031
-49.66308582994	779.25
-46.6551292135171	779.5
-43.6481821019882	779.200012207031
-40.6422440157577	779.400024414063
-37.6373144755424	779.400024414063
-34.6333930023594	779.299987792969
-31.630479117526	779.349975585938
-28.6285723426709	779.150024414063
-25.6276721997107	779.400024414063
-22.6277782108771	779.650024414063
-19.628889898701	779.799987792969
-16.6310067860081	780.299987792969
-13.6341283959385	782.549987792969
-10.6382542519231	793.650024414063
-7.64338387769432	825.950012207031
-4.64951679729502	850.299987792969
-1.65665253506141	839.049987792969
1.33520938438089	799.299987792969
4.32606943608095	781.150024414063
7.315928094803	779.400024414063
10.3047858350146	779.349975585938
13.2926431308747	779.25
16.2795004562541	779.150024414063
19.2653582847118	779.25
22.2502170895187	779.200012207031
25.2340773436344	779.5
28.216939519735	779.349975585938
31.1988040901939	779.450012207031
34.1796715270814	779.150024414063
37.1595423021732	779.25
40.1384168869468	779.25
43.1162957525854	778.900024414063
46.0931793699786	779.549987792969
49.0690682097059	779.349975585938
52.0439627420619	779.200012207031
55.0178634370476	779.5
57.9907707643592	779.549987792969
60.9626851933962	779.650024414063
63.9336071932735	779.549987792969
66.9035372328018	779.700012207031
69.8724757804959	779.400024414063
72.8404233045826	779.200012207031
75.8073802729932	779.299987792969
78.7733471533597	779.200012207031
81.738324413019	778.799987792969
84.702312519025	779.799987792969
87.665311938125	779.25
90.6273231367761	779.700012207031
93.5883465811569	779.450012207031
96.5483827371242	779.599975585938
99.5074320702731	779.150024414063
102.465495045889	779.049987792969
105.422572128961	779.200012207031
108.378663784199	779.549987792969
111.333770476014	779.25
114.287892668528	779.25
117.24103082557	779.700012207031
120.193185410674	779
123.144356887097	780.049987792969
126.094545717786	780.349975585938
129.043752365413	779.950012207031
131.991977292355	780.650024414063
134.939220960695	780.849975585938
137.885483832232	781.450012207031
140.83076636847	781.049987792969
143.775069030632	782.049987792969
146.718392279644	782.799987792969
149.660736576149	783.400024414063
152.602102380488	783.200012207031
155.54249015274	783.950012207031
158.481900352672	784.700012207031
161.420333439765	785.5
164.357789873227	785.450012207031
167.294270111968	786.299987792969
170.229774614617	786.599975585938
173.164303839496	787.75
176.097858244675	788.150024414063
179.030438287908	790.25
181.962044426678	789.900024414063
184.89267711817	790.599975585938
187.822336819302	790.75
190.751023986678	791.549987792969
193.678739076648	791.950012207031
196.605482545255	791.200012207031
199.531254848261	791.75
202.456056441152	790.950012207031
205.379887779119	792.299987792969
208.30274931708	792.950012207031
211.224641509656	792.700012207031
214.145564811189	792.299987792969
217.06551967574	791.400024414063
219.984506557089	791.700012207031
222.902525908723	791.950012207031
225.819578183856	791.599975585938
228.735663835415	792.349975585938
231.650783316047	791.549987792969
234.564937078107	791.200012207031
237.478125573679	792.150024414063
240.390349254566	791.450012207031
243.301608572278	791.900024414063
246.211903978051	792.549987792969
249.121235922839	792.950012207031
252.029604857321	794.700012207031
254.93701123188	793.950012207031
257.843455496632	794.200012207031
260.748938101415	795.400024414063
263.653459495766	795.900024414063
266.557020128967	795.799987792969
269.459620450005	797.049987792969
272.361260907595	795.549987792969
275.261941950168	795.75
278.161664025874	796.25
281.060427582592	795.849975585938
283.958233067921	796.849975585938
286.855080929176	797.799987792969
289.750971613398	796.400024414063
292.645905567344	795.049987792969
295.539883237503	796.049987792969
298.432905070079	796
301.324971511007	797.849975585938
304.216083005931	799.150024414063
307.10624000023	803.200012207031
309.995442939003	810.75
312.883692267071	823.950012207031
315.770988428979	842.700012207031
318.657331869	859.799987792969
321.542723031127	854.650024414063
324.427162359076	840.049987792969
327.310650296293	821.549987792969
330.193187285945	808.450012207031
333.074773770929	803.349975585938
335.955410193855	800.700012207031
338.835096997075	797.849975585938
341.713834622655	795.349975585938
344.59162351239	795.599975585938
347.468464107802	795.25
350.344356850137	794
353.219302180373	793.450012207031
356.093300539208	794.049987792969
358.966352367073	793.5
361.838458104123	793.400024414063
364.70961819024	792.849975585938
367.579833065031	792.25
370.449103167837	792.450012207031
373.317428937727	792.450012207031
376.184810813496	792.150024414063
379.051249233659	792.349975585938
381.916744636474	792.25
384.78129745992	792.400024414063
387.644908141706	792.349975585938
390.50757711927	790.849975585938
393.36930482978	792
396.23009171014	793.200012207031
399.089938196969	792.450012207031
401.948844726631	792.299987792969
404.806811735214	791.799987792969
407.66383965853	792.049987792969
410.519928932138	793.700012207031
413.375079991314	792.450012207031
416.229293271071	792.849975585938
419.082569206155	793.049987792969
421.934908231031	791.799987792969
424.786310779917	792.700012207031
427.636777286748	792.349975585938
430.486308185189	792.849975585938
433.334903908649	791.900024414063
436.182564890262	792.599975585938
439.029291562898	792.25
441.875084359157	791.799987792969
444.719943711374	792.299987792969
447.563870051618	791.700012207031
450.406863811695	791.5
453.248925423132	791.799987792969
456.090055317208	792.049987792969
458.93025392492	791.400024414063
461.76952167701	791.200012207031
464.60785900395	791.650024414063
467.44526633595	791.450012207031
470.281744102955	791.299987792969
473.117292734635	790.5
475.951912660415	791.450012207031
478.785604309439	791.400024414063
481.618368110592	790.849975585938
484.450204492499	791.950012207031
487.281113883518	791.299987792969
490.111096711738	791.549987792969
492.940153404999	791.849975585938
495.768284390864	791.75
498.595490096635	792.299987792969
501.421770949366	792.349975585938
504.247127375825	791.5
507.071559802537	791.299987792969
509.89506865575	792.25
512.717654361473	791.5
515.539317345424	791
518.360058033083	792.150024414063
521.179876849652	791.099975585938
523.998774220083	791.25
526.816750569068	791.900024414063
529.633806321025	791.349975585938
532.44994190013	791.349975585938
535.265157730284	791.5
538.079454235133	790.799987792969
540.892831838066	791.5
543.705290962208	791.599975585938
546.516832030424	791.5
549.32745546533	791.75
552.137161689268	791.049987792969
554.945951124325	791.849975585938
557.753824192341	791.549987792969
560.560781314883	791.5
563.36682291327	790.950012207031
566.171949408555	790.049987792969
568.976161221537	790.549987792969
571.779458772759	790.5
574.5818424825	790.150024414063
577.383312770792	791.650024414063
580.183870057402	791.950012207031
582.983514761843	790.400024414063
585.782247303363	790.650024414063
588.580068100976	791.5
591.376977573414	790.75
594.172976139164	790.450012207031
596.968064216463	790.849975585938
599.762242223282	790.150024414063
602.555510577335	790.200012207031
605.347869696099	790.5
608.139319996771	789.400024414063
610.929861896313	788.900024414063
613.719495811421	790.150024414063
616.508222158541	791.049987792969
619.296041353863	790.650024414063
622.082953813324	790.099975585938
624.868959952607	789.799987792969
627.654060187137	789.700012207031
630.438254932094	789.349975585938
633.221544602397	790.200012207031
636.003929612719	790.5
638.785410377468	790.150024414063
641.565987310814	789.599975585938
644.345660826665	790.549987792969
647.124431338674	791.549987792969
649.902299260252	790.099975585938
652.679265004552	790.599975585938
655.455328984475	789.849975585938
658.230491612671	789.849975585938
661.004753301541	789.75
663.778114463229	789.950012207031
666.550575509631	790.549987792969
669.322136852395	790.5
672.092798902916	790.099975585938
674.862562072336	790.099975585938
677.631426771548	790.5
680.399393411204	790.450012207031
683.166462401689	790
685.93263415315	790.650024414063
688.697909075486	790.150024414063
691.462287578337	789.5
694.225770071098	789.849975585938
696.988356962926	789.75
699.750048662705	789.049987792969
702.5108455791	789.700012207031
705.270748120503	788.75
708.029756695068	789.299987792969
710.787871710705	790
713.545093575065	790.599975585938
716.301422695566	790.900024414063
719.056859479364	791.200012207031
721.811404333376	789.75
724.56505766427	792.299987792969
727.317819878473	789.950012207031
730.069691382148	790.75
732.820672581226	791
735.570763881396	790.200012207031
738.319965688092	790.099975585938
741.068278406496	791
743.815702441559	790.900024414063
746.562238197974	790.950012207031
749.307886080196	790.700012207031
752.052646492436	791.650024414063
754.796519838656	791.099975585938
757.539506522567	791.599975585938
760.28160694765	791.099975585938
763.022821517128	791.299987792969
765.76315063399	790.799987792969
768.502594700972	790.900024414063
771.241154120572	791.450012207031
773.978829295045	790.849975585938
776.715620626397	791.75
779.451528516396	792.950012207031
782.186553366565	791.849975585938
784.920695578179	792.349975585938
787.653955552283	791.400024414063
790.386333689662	791.150024414063
793.117830390877	791.299987792969
795.848446056227	790.5
798.578181085792	790.25
801.307035879389	790.299987792969
804.035010836599	790.650024414063
806.762106356774	790.450012207031
809.488322839013	790.400024414063
812.213660682169	790.849975585938
814.938120284866	789.650024414063
817.661702045482	790.150024414063
820.384406362153	790.5
823.10623363278	790.200012207031
825.827184255014	790
828.547258626283	790.349975585938
831.266457143747	790.700012207031
833.984780204358	790.049987792969
836.702228204804	790.75
839.418801541552	789.700012207031
842.134500610814	789.599975585938
844.849325808575	790.200012207031
847.563277530579	789.549987792969
850.276356172319	790.900024414063
852.988562129066	791.650024414063
855.69989579585	791.549987792969
858.410357567456	790.150024414063
861.119947838428	790.200012207031
863.828667003087	790.150024414063
866.536515455503	789.049987792969
869.243493589517	789.950012207031
871.949601798728	789.75
874.654840476504	790.099975585938
877.359210015961	789.799987792969
880.062710810003	790.049987792969
882.765343251273	790.25
885.467107732191	789.849975585938
888.168004644938	790.299987792969
890.868034381467	789.900024414063
893.567197333476	789.450012207031
896.265493892445	789.950012207031
898.962924449614	789.25
901.659489395985	790.150024414063
904.355189122325	789.799987792969
907.050024019165	789.150024414063
909.743994476809	790.299987792969
912.437100885322	788.950012207031
915.129343634532	788.900024414063
917.820723114032	789.650024414063
920.511239713189	790.049987792969
923.200893821127	789.900024414063
925.889685826744	790.5
928.577616118699	789.799987792969
931.264685085419	790.200012207031
933.950893115098	790.650024414063
936.6362405957	790.099975585938
939.320727914956	790.400024414063
942.004355460359	791.150024414063
944.687123619173	790.950012207031
947.369032778431	789.450012207031
950.050083324934	790.150024414063
952.730275645247	789.099975585938
955.409610125711	789.700012207031
958.088087152423	790.349975585938
960.765707111263	791.099975585938
963.442470387871	790.5
966.118377367657	789.75
968.793428435798	789.5
971.467623977254	790.200012207031
974.140964376739	790.150024414063
976.813450018737	789.849975585938
979.485081287511	790.450012207031
982.155858567087	789.400024414063
984.825782241271	789.849975585938
987.494852693624	790.25
990.163070307487	790.950012207031
992.830435465978	790.450012207031
995.496948551973	790.650024414063
998.162609948122	790.900024414063
1000.82742003685	793.700012207031
1003.49137920036	793
1006.15448782061	791.849975585938
1008.81674627934	789.849975585938
1011.47815495806	789.549987792969
1014.13871423805	789.450012207031
1016.79842450037	789.450012207031
1019.45728612586	789.549987792969
1022.11529949509	789.700012207031
1024.77246498846	789.099975585938
1027.4287829861	789.950012207031
1030.08425386792	789.650024414063
1032.73887801363	789.900024414063
1035.3926558027	789.349975585938
1038.04558761435	789.799987792969
1040.69767382761	790.299987792969
1043.34891482125	790.200012207031
1045.99931097384	790.200012207031
1048.64886266371	790.599975585938
1051.29757026898	789.900024414063
1053.94543416753	789.450012207031
1056.59245473701	789.5
1059.23863235486	789.650024414063
1061.8839673983	789.5
1064.5284602443	789.599975585938
1067.17211126962	789.5
1069.8149208508	789.150024414063
1072.45688936415	790.75
1075.09801718577	789.549987792969
1077.7383046915	789
1080.377752257	790.599975585938
1083.01636025767	790.099975585938
1085.65412906872	790.25
1088.2910590651	790
1090.92715062157	790.450012207031
1093.56240411266	791.200012207031
1096.19681991265	791.700012207031
1098.83039839564	791.450012207031
1101.46313993547	790.75
1104.09504490579	790.650024414063
1106.72611368	790.700012207031
1109.35634663129	790.450012207031
1111.98574413263	789.650024414063
1114.61430655677	789.049987792969
1117.24203427624	788.75
1119.86892766333	788.349975585938
1122.49498709014	789.25
1125.12021292851	789.5
1127.74460555011	789.700012207031
1130.36816532634	789.450012207031
1132.99089262841	789.400024414063
1135.6127878273	787.200012207031
1138.23385129376	787.700012207031
1140.85408339834	787.700012207031
1143.47348451137	788.299987792969
1146.09205500294	787.450012207031
1148.70979524293	787.25
1151.326705601	788.150024414063
1153.9427864466	788.400024414063
1156.55803814896	787.849975585938
1159.17246107707	788.25
1161.78605559974	788.5
1164.39882208551	788.549987792969
1167.01076090276	788.549987792969
1169.6218724196	788.25
1172.23215700396	788.700012207031
1174.84161502352	789.400024414063
1177.45024684578	788.099975585938
1180.05805283799	788.400024414063
1182.66503336719	788.75
1185.27118880021	788.549987792969
1187.87651950367	787.950012207031
1190.48102584395	788.25
1193.08470818723	788.599975585938
1195.68756689948	787.950012207031
1198.28960234643	788.700012207031
1200.89081489363	789.450012207031
1203.49120490636	789.549987792969
1206.09077274974	790
1208.68951878864	789.5
1211.28744338773	789.599975585938
1213.88454691145	789.549987792969
1216.48082972404	790.75
1219.07629218953	790.349975585938
1221.6709346717	789.950012207031
1224.26475753416	791.049987792969
1226.85776114028	790.900024414063
1229.44994585322	790.75
1232.04131203592	790.799987792969
1234.63186005112	792.549987792969
1237.22159026133	792.700012207031
1239.81050302886	793.900024414063
1242.3985987158	793.299987792969
1244.98587768402	794.799987792969
1247.5723402952	792.700012207031
1250.15798691078	792.75
1252.74281789199	793.650024414063
1255.32683359987	792.450012207031
1257.91003439523	793.700012207031
1260.49242063865	792.450012207031
1263.07399269055	793.150024414063
1265.65475091108	792.799987792969
1268.23469566021	792.400024414063
1270.81382729769	792.599975585938
1273.39214618306	791.450012207031
1275.96965267566	792.799987792969
1278.54634713458	792.200012207031
1281.12222991875	792.049987792969
1283.69730138685	791.349975585938
1286.27156189737	791.849975585938
1288.84501180858	791.799987792969
1291.41765147853	791.400024414063
1293.98948126509	792.200012207031
1296.56050152589	792.549987792969
1299.13071261837	792.450012207031
1301.70011489973	792
1304.268708727	792.700012207031
1306.83649445698	793.150024414063
1309.40347244625	794.150024414063
1311.96964305119	793.650024414063
1314.53500662799	795.099975585938
1317.0995635326	794.049987792969
1319.66331412077	792.950012207031
1322.22625874806	794.200012207031
1324.7883977698	792.400024414063
1327.34973154112	793.049987792969
1329.91026041694	792.200012207031
1332.46998475197	792.400024414063
1335.0289049007	793
1337.58702121746	793.349975585938
1340.14433405631	793.25
1342.70084377115	793.5
1345.25655071563	791.849975585938
1347.81145524323	791.549987792969
1350.36555770721	790.25
1352.91885846062	790.799987792969
1355.47135785631	790.049987792969
1358.02305624691	790.549987792969
1360.57395398486	789.75
1363.12405142237	789.849975585938
1365.67334891148	790.200012207031
1368.22184680399	789.400024414063
1370.76954545151	789.700012207031
1373.31644520545	789.25
1375.86254641699	789.400024414063
1378.40784943713	788.400024414063
1380.95235461666	789
1383.49606230615	789.049987792969
1386.03897285598	790
1388.58108661632	788.900024414063
1391.12240393713	789.049987792969
1393.66292516818	789.099975585938
1396.20265065903	788.849975585938
1398.74158075901	789.049987792969
1401.2797158173	788.450012207031
1403.81705618282	788.549987792969
1406.35360220431	788
1408.88935423032	789.299987792969
1411.42431260919	788.400024414063
1413.95847768903	789.200012207031
1416.49184981777	789.299987792969
1419.02442934314	789.049987792969
1421.55621661266	789.450012207031
1424.08721197364	789
1426.61741577321	789.049987792969
1429.14682835828	788.950012207031
1431.67545007555	789.400024414063
1434.20328127153	790
1436.73032229253	791.450012207031
1439.25657348466	792.299987792969
1441.78203519381	792.599975585938
1444.3067077657	793.450012207031
1446.83059154581	793.700012207031
1449.35368687944	793.099975585938
1451.8759941117	793.799987792969
1454.39751358748	793.849975585938
1456.91824565148	793.400024414063
1459.43819064818	792.849975585938
1461.95734892189	792.299987792969
1464.4757208167	791.599975585938
1466.99330667649	791.450012207031
1469.51010684497	790.099975585938
1472.02612166564	790.25
1474.54135148177	790.099975585938
1477.05579663646	789.599975585938
1479.56945747262	788.900024414063
1482.08233433293	789
1484.59442755989	788.849975585938
1487.10573749579	788.299987792969
1489.61626448275	788.25
1492.12600886264	787.349975585938
1494.63497097718	786.650024414063
1497.14315116786	786.549987792969
1499.65054977599	786.349975585938
1502.15716714267	785.900024414063
1504.66300360881	785.349975585938
1507.16805951512	785.599975585938
1509.67233520211	786.099975585938
1512.1758310101	785.349975585938
1514.67854727919	785.299987792969
1517.18048434931	785.599975585938
1519.68164256018	785.450012207031
1522.18202225132	785.450012207031
1524.68162376207	785.700012207031
1527.18044743155	785.299987792969
1529.67849359869	785.299987792969
1532.17576260224	785.099975585938
1534.67225478072	785.150024414063
1537.1679704725	785.5
1539.66291001572	785.349975585938
1542.15707374832	785.650024414063
1544.65046200807	786.400024414063
1547.14307513254	786.150024414063
1549.63491345907	786.650024414063
1552.12597732485	786.75
1554.61626706685	786.700012207031
1557.10578302185	786.799987792969
1559.59452552644	787.75
1562.082494917	787.549987792969
1564.56969152973	788.049987792969
1567.05611570064	788.200012207031
1569.54176776552	788.099975585938
1572.02664806	788.950012207031
1574.51075691949	788.299987792969
1576.99409467921	789.5
1579.4766616742	788.849975585938
1581.95845823929	789.450012207031
1584.43948470912	788.950012207031
1586.91974141815	787.849975585938
1589.39922870064	788.25
1591.87794689064	788.549987792969
1594.35589632202	788.450012207031
1596.83307732848	788.099975585938
1599.30949024348	788.349975585938
1601.78513540033	789.349975585938
1604.26001313211	789.599975585938
1606.73412377175	789.400024414063
1609.20746765196	789.150024414063
1611.68004510526	790.700012207031
1614.15185646398	789.549987792969
1616.62290206026	790.299987792969
1619.09318222605	789.75
1621.56269729311	790.549987792969
1624.031447593	789.599975585938
1626.4994334571	790.450012207031
1628.9666552166	790.150024414063
1631.43311320248	790.75
1633.89880774554	790.950012207031
1636.3637391764	791
1638.82790782548	790.849975585938
1641.29131402301	791.450012207031
1643.75395809903	792.599975585938
1646.21584038339	792.599975585938
1648.67696120575	793.049987792969
1651.13732089558	793.599975585938
1653.59691978216	794.150024414063
1656.05575819459	794.150024414063
1658.51383646175	794.349975585938
1660.97115491238	794.200012207031
1663.42771387498	793.450012207031
1665.8835136779	793.650024414063
1668.33855464928	792.549987792969
1670.79283711708	792.549987792969
1673.24636140907	792.5
1675.69912785282	790.400024414063
1678.15113677572	791.5
1680.602388505	790.049987792969
1683.05288336764	789.799987792969
1685.50262169049	790.049987792969
1687.95160380019	787.950012207031
1690.39983002318	787.549987792969
1692.84730068573	787.599975585938
1695.29401611392	787.25
1697.73997663364	786.849975585938
1700.18518257059	785.75
1702.6296342503	785.900024414063
1705.07333199807	786.049987792969
1707.51627613907	785.049987792969
1709.95846699824	785.150024414063
1712.39990490036	784.200012207031
1714.84059017001	784.400024414063
1717.28052313159	784.099975585938
1719.7197041093	784.400024414063
1722.15813342718	783.950012207031
1724.59581140906	783.549987792969
1727.03273837859	783.950012207031
1729.46891465926	783.5
1731.90434057432	783.650024414063
1734.3390164469	783.400024414063
1736.7729425999	783.200012207031
1739.20611935604	783.349975585938
1741.63854703787	783.299987792969
1744.07022596776	783.150024414063
1746.50115646787	782.900024414063
1748.93133886019	783.700012207031
1751.36077346652	782.849975585938
1753.7894606085	783.049987792969
1756.21740060755	783.200012207031
1758.64459378494	783.049987792969
1761.07104046172	782.75
1763.49674095879	782.849975585938
1765.92169559684	782.799987792969
1768.3459046964	782.400024414063
1770.7693685778	781.950012207031
1773.1920875612	781.849975585938
1775.61406196656	782.349975585938
1778.03529211367	782.5
1780.45577832214	782.299987792969
1782.87552091138	782.349975585938
1785.29452020064	782.549987792969
1787.71277650897	782.650024414063
1790.13029015525	782.450012207031
1792.54706145817	782.849975585938
1794.96309073625	782.5
1797.3783783078	782.349975585938
1799.79292449097	782.5
1802.20672960375	782.349975585938
1804.61979396389	782.549987792969
1807.03211788902	782.25
1809.44370169655	782.200012207031
1811.85454570373	782.299987792969
1814.2646502276	782.150024414063
1816.67401558506	782.849975585938
1819.0826420928	782.049987792969
1821.49053006734	782.650024414063
1823.89767982501	781.549987792969
1826.30409168198	782.25
1828.70976595422	782.25
1831.11470295753	782.700012207031
1833.51890300752	782.400024414063
1835.92236641964	782.450012207031
1838.32509350914	782.349975585938
1840.72708459111	782.5
1843.12833998044	783
1845.52885999184	782.099975585938
1847.92864493987	782.450012207031
1850.32769513889	782
1852.72601090307	782.650024414063
1855.12359254642	781.900024414063
1857.52044038278	782.299987792969
1859.91655472578	782.099975585938
1862.31193588889	782.599975585938
1864.70658418542	782.400024414063
1867.10049992847	781.75
1869.49368343096	781.75
1871.88613500568	781.75
1874.27785496518	781.650024414063
1876.66884362188	781.75
1879.059101288	781.900024414063
1881.44862827559	781.950012207031
1883.8374248965	782.099975585938
1886.22549146246	781.950012207031
1888.61282828495	781.75
1890.99943567534	782
1893.38531394477	783
1895.77046340424	782.849975585938
1898.15488436455	782.150024414063
1900.53857713634	781.799987792969
1902.92154203006	782.099975585938
1905.303779356	782.200012207031
1907.68528942426	781.849975585938
1910.06607254477	782.700012207031
1912.44612902729	782.349975585938
1914.82545918139	782.75
1917.20406331648	782.549987792969
1919.58194174178	781.849975585938
1921.95909476634	782.400024414063
1924.33552269905	782.200012207031
1926.71122584861	782.549987792969
1929.08620452353	782.650024414063
1931.46045903219	782.099975585938
1933.83398968275	782.150024414063
1936.20679678322	782.799987792969
1938.57888064142	782.200012207031
1940.95024156502	781.950012207031
1943.3208798615	782.150024414063
1945.69079583816	782.200012207031
1948.05998980213	781.549987792969
1950.42846206038	781.849975585938
1952.79621291969	782.5
1955.16324268668	782.400024414063
1957.52955166778	782.349975585938
1959.89514016927	782.25
1962.26000849723	782.25
1964.62415695759	782.099975585938
1966.98758585609	782.200012207031
1969.3502954983	782.400024414063
1971.71228618964	782
1974.07355823532	782.349975585938
1976.43411194042	782.5
1978.79394760981	782.049987792969
1981.1530655482	782.099975585938
1983.51146606014	782.599975585938
1985.86914944999	782.549987792969
1988.22611602196	782.349975585938
1990.58236608007	782.400024414063
1992.93789992817	782
1995.29271786995	782.200012207031
1997.64682020892	782.700012207031
2000.00020724843	782.200012207031
2002.35287929162	783
2004.70483664152	783.099975585938
2007.05607960095	782.450012207031
2009.40660847256	783
2011.75642355884	782.349975585938
2014.1055251621	782.400024414063
2016.4539135845	782.599975585938
2018.80158912802	782.700012207031
2021.14855209444	783.099975585938
2023.49480278542	782.900024414063
2025.84034150242	783.450012207031
2028.18516854673	782.549987792969
2030.52928421948	781.650024414063
2032.87268882163	782.75
2035.21538265398	782.299987792969
2037.55736601713	782.650024414063
2039.89863921153	782.650024414063
2042.23920253747	782.450012207031
2044.57905629506	783.099975585938
2046.91820078425	782.099975585938
2049.2566363048	783.200012207031
2051.59436315633	782.450012207031
2053.93138163827	782.299987792969
2056.2676920499	782.75
2058.6032946903	783.5
2060.93818985843	782.650024414063
2063.27237785303	782.549987792969
2065.60585897272	782.900024414063
2067.93863351592	782.599975585938
2070.27070178089	782.400024414063
2072.60206406574	782.799987792969
2074.93272066838	782.5
2077.26267188658	782.599975585938
2079.59191801793	782.650024414063
2081.92045935985	783.049987792969
2084.24829620962	783.200012207031
2086.57542886431	782.849975585938
2088.90185762087	782.5
2091.22758277604	782.950012207031
2093.55260462643	783.099975585938
2095.87692346845	782.400024414063
2098.20053959837	782.650024414063
2100.52345331229	782.950012207031
2102.84566490614	782.799987792969
2105.16717467567	783.450012207031
2107.48798291649	782.75
2109.80808992403	783.200012207031
2112.12749599355	782.75
2114.44620142016	782.700012207031
2116.7642064988	782.099975585938
2119.08151152423	783.700012207031
2121.39811679106	782.849975585938
2123.71402259374	782.099975585938
2126.02922922653	782.75
2128.34373698356	782.650024414063
2130.65754615876	782.950012207031
2132.97065704594	782.75
2135.28306993869	783.25
2137.59478513047	782.299987792969
2139.90580291459	783.150024414063
2142.21612358416	782.75
2144.52574743214	782.900024414063
2146.83467475134	783.099975585938
2149.1429058344	782.900024414063
2151.45044097377	782.75
2153.75728046178	782.700012207031
2156.06342459057	782.299987792969
2158.36887365212	783.049987792969
2160.67362793825	782.900024414063
2162.97768774061	783.299987792969
2165.28105335071	782.700012207031
2167.58372505987	782.599975585938
2169.88570315926	782.849975585938
2172.18698793988	781.950012207031
2174.48757969258	783.099975585938
2176.78747870805	783.049987792969
2179.08668527679	782.700012207031
2181.38519968917	782.849975585938
2183.68302223538	782.349975585938
2185.98015320547	783.299987792969
2188.27659288929	782.950012207031
2190.57234157656	782.650024414063
2192.86739955682	782.650024414063
2195.16176711948	782.599975585938
2197.45544455375	781.950012207031
2199.74843214869	782.75
2202.04073019322	783.200012207031
2204.33233897607	783
2206.62325878583	782.700012207031
2208.91348991093	782.299987792969
2211.20303263961	782.75
2213.49188726	782.450012207031
2215.78005406001	782
2218.06753332744	782.950012207031
2220.35432534991	782.450012207031
2222.64043041487	782.549987792969
2224.92584880964	782.099975585938
2227.21058082134	782.849975585938
2229.49462673696	782.150024414063
2231.77798684332	782.25
2234.06066142709	782.5
2236.34265077477	782.900024414063
2238.62395517269	782.150024414063
2240.90457490706	781.700012207031
2243.18451026388	782.200012207031
2245.46376152904	782.549987792969
2247.74232898823	781.799987792969
2250.02021292701	782.450012207031
2252.29741363077	782.549987792969
2254.57393138475	782.700012207031
2256.849766474	782.25
2259.12491918346	782.400024414063
2261.39938979788	782.099975585938
2263.67317860185	782.200012207031
2265.94628587983	781.950012207031
2268.2187119161	782.599975585938
2270.49045699478	782.400024414063
2272.76152139985	782.450012207031
2275.03190541511	781.950012207031
2277.30160932421	781.75
2279.57063341067	782
2281.83897795781	782.450012207031
2284.10664324882	782.349975585938
2286.37362956672	782.049987792969
2288.63993719439	781.599975585938
2290.90556641454	782.049987792969
2293.17051750973	781.950012207031
2295.43479076235	782.049987792969
2297.69838645465	782.299987792969
2299.96130486871	782.700012207031
2302.22354628647	781.950012207031
2304.48511098971	782.549987792969
2306.74599926003	782.349975585938
2309.00621137891	782.150024414063
2311.26574762765	781.75
2313.52460828741	782.400024414063
2315.78279363917	781.900024414063
2318.04030396379	782.299987792969
2320.29713954195	781.5
2322.55330065418	782.5
2324.80878758085	782.400024414063
2327.06360060219	781.849975585938
2329.31773999826	782.200012207031
2331.57120604897	782.349975585938
2333.82399903409	782.099975585938
2336.0761192332	781.700012207031
2338.32756692577	782.200012207031
2340.57834239108	781.900024414063
2342.82844590827	781.849975585938
2345.07787775633	781.75
2347.32663821409	782.5
2349.57472756023	781.650024414063
2351.82214607327	782.25
2354.06889403158	782.099975585938
2356.31497171337	782.549987792969
2358.56037939672	782.049987792969
2360.80511735953	782.200012207031
2363.04918587955	782
2365.29258523439	781.599975585938
2367.5353157015	781.5
2369.77737755817	781.950012207031
2372.01877108156	782.299987792969
2374.25949654865	781.799987792969
2376.49955423629	781.950012207031
2378.73894442115	782.099975585938
2380.97766737977	781.900024414063
2383.21572338855	781.549987792969
2385.45311272369	782.299987792969
2387.68983566129	782.549987792969
2389.92589247727	782.400024414063
2392.1612834474	781.950012207031
2394.39600884731	781.900024414063
2396.63006895246	782
2398.86346403818	781.849975585938
2401.09619437962	781.849975585938
2403.32826025182	782.450012207031
2405.55966192963	781.200012207031
2407.79039968777	781.849975585938
2410.0204738008	781.950012207031
2412.24988454313	782.049987792969
2414.47863218902	782.299987792969
2416.70671701258	781.799987792969
2418.93413928778	782.099975585938
2421.16089928842	781.849975585938
2423.38699728817	781.450012207031
2425.61243356052	781.900024414063
2427.83720837884	782.049987792969
2430.06132201633	782.200012207031
2432.28477474606	781.799987792969
2434.50756684093	781.599975585938
2436.72969857371	781.450012207031
2438.95117021699	781.849975585938
2441.17198204325	781.849975585938
2443.39213432478	781.950012207031
2445.61162733376	781.849975585938
2447.83046134218	782.349975585938
2450.04863662192	782.299987792969
2452.26615344468	782.299987792969
2454.48301208203	782.049987792969
2456.69921280539	781.5
2458.91475588602	781.650024414063
2461.12964159504	781.549987792969
2463.34387020342	781.900024414063
2465.55744198198	782.200012207031
2467.77035720139	781.450012207031
2469.98261613217	782
2472.1942190447	782.25
2474.40516620922	782.049987792969
2476.6154578958	782.349975585938
2478.82509437436	781.450012207031
2481.03407591471	782
2483.24240278646	781.75
2485.45007525911	781.849975585938
2487.65709360202	781.150024414063
2489.86345808435	781.549987792969
2492.06916897518	782
2494.27422654339	781.849975585938
2496.47863105774	781.549987792969
2498.68238278683	782.150024414063
2500.88548199912	781.5
2503.08792896294	782.049987792969
2505.28972394643	782.450012207031
2507.49086721763	781.599975585938
2509.6913590444	781.75
2511.89119969447	781.549987792969
2514.09038943543	781.799987792969
2516.2889285347	781.849975585938
2518.48681725957	782
2520.6840558772	781.900024414063
2522.88064465456	781.650024414063
2525.07658385852	781.549987792969
2527.27187375578	782.150024414063
2529.4665146129	781.799987792969
2531.66050669629	781.599975585938
2533.85385027222	781.650024414063
2536.04654560681	782.450012207031
2538.23859296605	781.75
2540.42999261577	782.150024414063
2542.62074482166	781.849975585938
2544.81084984925	782.049987792969
2547.00030796395	782.299987792969
2549.18911943101	781.950012207031
2551.37728451555	782.349975585938
2553.56480348252	782.650024414063
2555.75167659675	781.799987792969
2557.93790412292	781.799987792969
2560.12348632556	782.099975585938
2562.30842346905	782.5
2564.49271581764	782.200012207031
2566.67636363544	782.450012207031
2568.85936718639	781.950012207031
2571.04172673431	782.200012207031
2573.22344254288	781.849975585938
2575.40451487562	781.599975585938
2577.58494399591	782.200012207031
2579.76473016699	781.450012207031
2581.94387365196	782.200012207031
2584.12237471377	782.099975585938
2586.30023361523	782.150024414063
2588.47745061901	781.950012207031
2590.65402598763	781.75
2592.82995998348	781.950012207031
2595.0052528688	781.650024414063
2597.17990490568	782.099975585938
2599.35391635608	781.5
2601.52728748181	781.599975585938
2603.70001854454	782
2605.8721098058	782.299987792969
2608.04356152698	782.650024414063
2610.21437396931	782.75
2612.3845473939	781.599975585938
2614.55408206173	782.299987792969
2616.72297823359	782.25
2618.89123617017	781.900024414063
2621.058856132	781.900024414063
2623.22583837949	782
2625.39218317288	782.400024414063
2627.55789077229	782.5
2629.72296143769	782.049987792969
2631.88739542891	782.049987792969
2634.05119300563	782
2636.21435442742	782.25
2638.37687995367	781.799987792969
2640.53876984365	781.849975585938
2642.70002435649	781.900024414063
2644.86064375119	781.950012207031
2647.02062828658	781.950012207031
2649.17997822137	781.25
2651.33869381413	782
2653.49677532328	782.849975585938
2655.65422300711	781.900024414063
2657.81103712378	782.099975585938
2659.96721793127	781.599975585938
2662.12276568747	781.599975585938
2664.2776806501	782.25
2666.43196307675	782.549987792969
2668.58561322486	782.549987792969
2670.73863135176	782.25
2672.8910177146	782.200012207031
2675.04277257043	782.049987792969
2677.19389617612	782.150024414063
2679.34438878845	782.849975585938
2681.49425066402	782.450012207031
2683.64348205931	782.650024414063
2685.79208323065	782.549987792969
2687.94005443425	782.299987792969
2690.08739592617	782.099975585938
2692.23410796233	782.799987792969
2694.38019079852	782.450012207031
2696.52564469038	782.75
2698.67046989342	782.349975585938
2700.81466666302	782.400024414063
2702.9582352544	782.25
2705.10117592265	782.5
2707.24348892275	782.549987792969
2709.3851745095	782.75
2711.5262329376	782.549987792969
2713.66666446158	783.049987792969
2715.80646933585	782.450012207031
2717.94564781468	783.400024414063
2720.08420015222	783.099975585938
2722.22212660245	783.25
2724.35942741923	783.200012207031
2726.49610285628	783
2728.63215316721	783.150024414063
2730.76757860544	783.25
2732.9023794243	782.5
2735.03655587697	783.700012207031
2737.17010821648	783.5
2739.30303669573	783.400024414063
2741.4353415675	782.849975585938
2743.56702308442	783.25
2745.69808149898	783.400024414063
2747.82851706355	783.299987792969
2749.95833003034	783.150024414063
2752.08752065145	782.650024414063
2754.21608917883	782.650024414063
2756.3440358643	782.700012207031
2758.47136095954	783.099975585938
2760.59806471609	783.200012207031
2762.72414738537	783.25
2764.84960921865	783.75
2766.97445046708	783.5
2769.09867138166	782.700012207031
2771.22227221326	783.099975585938
2773.34525321263	783.25
2775.46761463035	783.099975585938
2777.58935671691	783.200012207031
2779.71047972262	782.950012207031
2781.83098389771	783.650024414063
2783.95086949221	782.799987792969
2786.07013675607	783.650024414063
2788.18878593908	782.400024414063
2790.3068172909	783.150024414063
2792.42423106106	783.049987792969
2794.54102749895	783.099975585938
2796.65720685384	783.150024414063
2798.77276937486	782.799987792969
2800.88771531098	783.200012207031
2803.00204491107	783.150024414063
2805.11575842387	783.549987792969
2807.22885609796	782.849975585938
2809.34133818179	783.400024414063
2811.4532049237	783.200012207031
2813.56445657189	783.700012207031
2815.6750933744	784.099975585938
2817.78511557916	783.450012207031
2819.89452343398	783.650024414063
2822.00331718652	783.349975585938
2824.11149708429	784.049987792969
2826.2190633747	784.799987792969
2828.32601630502	783.950012207031
2830.43235612237	784.150024414063
2832.53808307375	785.150024414063
2834.64319740603	785.5
2836.74769936595	786.25
2838.85158920011	786.200012207031
2840.95486715497	786.450012207031
2843.05753347689	787.950012207031
2845.15958841206	788.5
2847.26103220657	788.5
2849.36186510636	790.099975585938
2851.46208735724	790.150024414063
2853.56169920488	790.450012207031
2855.66070089485	791.049987792969
2857.75909267257	791.200012207031
2859.85687478332	792.599975585938
2861.95404747225	792.700012207031
2864.05061098439	794.5
2866.14656556464	795.549987792969
2868.24191145777	794.950012207031
2870.3366489084	794.900024414063
2872.43077816104	795.700012207031
2874.52429946006	798.099975585938
2876.61721304971	797.799987792969
2878.70951917409	797.849975585938
2880.8012180772	797.599975585938
2882.89231000287	797.5
2884.98279519483	797.349975585938
2887.07267389667	797.950012207031
2889.16194635186	797.950012207031
2891.25061280373	799.849975585938
2893.33867349546	798
2895.42612867015	799.049987792969
2897.51297857074	799.650024414063
2899.59922344003	799.900024414063
2901.68486352071	799.700012207031
2903.76989905533	801.75
2905.85433028632	803.400024414063
2907.93815745598	804.799987792969
2910.02138080648	803.599975585938
2912.10400057985	804.150024414063
2914.186017018	804.549987792969
2916.26743036271	806.5
2918.34824085563	806.349975585938
2920.4284487383	806.599975585938
2922.5080542521	807.799987792969
2924.58705763829	809.299987792969
2926.66545913802	809.450012207031
2928.74325899231	809.650024414063
2930.82045744202	810.099975585938
2932.89705472792	810.349975585938
2934.97305109062	810.700012207031
2937.04844677063	812.049987792969
2939.12324200832	810.549987792969
2941.19743704393	811.150024414063
2943.27103211757	810.400024414063
2945.34402746923	808.75
2947.41642333876	806.900024414063
2949.48821996592	804.950012207031
2951.55941759028	805.049987792969
2953.63001645135	804.549987792969
2955.70001678845	804.400024414063
2957.76941884083	803.950012207031
2959.83822284757	803.299987792969
2961.90642904764	803.25
2963.97403767988	803.200012207031
2966.04104898302	803
2968.10746319565	803.400024414063
2970.17328055621	800.900024414063
2972.23850130305	800.049987792969
2974.30312567438	801.299987792969
2976.36715390829	801.049987792969
2978.43058624273	801.799987792969
2980.49342291553	800.549987792969
2982.55566416439	800.849975585938
2984.61731022691	799.299987792969
2986.67836134051	800.349975585938
2988.73881774255	798.700012207031
2990.79867967021	797.799987792969
2992.85794736058	797.950012207031
2994.9166210506	796.150024414063
2996.97470097711	794.599975585938
2999.03218737679	795.049987792969
3001.08908048622	794.400024414063
3003.14538054186	794.900024414063
3005.20108778002	796.650024414063
3007.25620243691	794.400024414063
3009.3107247486	793.799987792969
3011.36465495104	795.549987792969
3013.41799328004	794.049987792969
3015.47073997133	794.349975585938
3017.52289526045	793.849975585938
3019.57445938288	793.549987792969
3021.62543257393	794.200012207031
3023.6758150688	794.75
3025.72560710258	794.25
3027.77480891021	794.299987792969
3029.82342072652	793.400024414063
3031.87144278622	794.299987792969
3033.91887532389	794.450012207031
3035.96571857399	794.599975585938
3038.01197277084	795.349975585938
3040.05763814867	796.049987792969
3042.10271494154	795.450012207031
3044.14720338344	796.099975585938
3046.19110370818	796.75
3048.2344161495	797
3050.27714094097	797.049987792969
3052.31927831608	797.799987792969
3054.36082850816	799.849975585938
3056.40179175044	799.299987792969
3058.44216827602	799.150024414063
3060.48195831786	798.700012207031
3062.52116210884	798.700012207031
3064.55977988167	798.849975585938
3066.59781186897	799.200012207031
3068.63525830322	800.450012207031
3070.67211941678	801.849975585938
3072.7083954419	800.849975585938
3074.7440866107	799.849975585938
3076.77919315516	801.099975585938
3078.81371530716	801.200012207031
3080.84765329846	801.5
3082.88100736068	801.700012207031
3084.91377772534	800.25
3086.94596462381	802.25
3088.97756828737	802.599975585938
3091.00858894714	803.099975585938
3093.03902683417	803.299987792969
3095.06888217933	804.799987792969
3097.09815521342	804.150024414063
3099.12684616709	806.200012207031
3101.15495527087	804.849975585938
3103.18248275518	805.099975585938
3105.20942885031	806.25
3107.23579378642	806.650024414063
3109.26157779358	806.349975585938
3111.28678110171	810.049987792969
3113.31140394062	808.799987792969
3115.33544654	808
3117.35890912942	809.150024414063
3119.38179193832	809.200012207031
3121.40409519602	811
3123.42581913174	811.549987792969
3125.44696397457	810.400024414063
3127.46752995345	812.099975585938
3129.48751729725	812.200012207031
3131.50692623469	812.799987792969
3133.52575699436	811.599975585938
3135.54400980476	814.5
3137.56168489425	816.299987792969
3139.57878249108	815.25
3141.59530282337	815.299987792969
3143.61124611913	815.599975585938
3145.62661260624	814.950012207031
3147.64140251247	816.049987792969
3149.65561606547	815.900024414063
3151.66925349277	815.450012207031
3153.68231502177	817.450012207031
3155.69480087977	817.599975585938
3157.70671129394	821.700012207031
3159.71804649132	821.900024414063
3161.72880669886	821.150024414063
3163.73899214336	819.650024414063
3165.74860305152	822.400024414063
3167.75763964991	821.599975585938
3169.766102165	824.25
3171.77399082313	826.849975585938
3173.7813058505	823.799987792969
3175.78804747323	824.25
3177.79421591731	822.5
3179.79981140859	824.75
3181.80483417282	825.200012207031
3183.80928443564	828.200012207031
3185.81316242255	828.950012207031
3187.81646835896	826
3189.81920247013	828.150024414063
3191.82136498122	832.450012207031
3193.82295611727	831.799987792969
3195.82397610321	833.099975585938
3197.82442516385	830.950012207031
3199.82430352386	829.849975585938
3201.82361140782	832.849975585938
3203.82234904018	833.950012207031
3205.82051664529	831.950012207031
3207.81811444735	830.299987792969
3209.81514267047	833.5
3211.81160153863	831.650024414063
3213.80749127571	830.299987792969
3215.80281210545	831.450012207031
3217.79756425148	834.900024414063
3219.79174793733	837.049987792969
3221.7853633864	832.549987792969
3223.77841082196	834.599975585938
3225.77089046719	836.150024414063
3227.76280254513	839.700012207031
3229.75414727873	836.650024414063
3231.74492489081	838.799987792969
3233.73513560406	837.75
3235.72477964107	837.099975585938
3237.71385722431	837.549987792969
3239.70236857614	837.400024414063
3241.6903139188	835.75
3243.6776934744	836.599975585938
3245.66450746496	835.349975585938
3247.65075611237	834.799987792969
3249.63643963841	832.950012207031
3251.62155826472	834.849975585938
3253.60611221287	835.349975585938
3255.59010170428	835.799987792969
3257.57352696026	837.650024414063
3259.55638820202	838.25
3261.53868565064	839.950012207031
3263.52041952708	842.099975585938
3265.50159005221	842.599975585938
3267.48219744676	836.299987792969
3269.46224193136	834.799987792969
3271.44172372651	839.5
3273.42064305262	838.799987792969
3275.39900012996	838.150024414063
3277.3767951787	835.75
3279.35402841889	837.049987792969
3281.33070007047	838.400024414063
3283.30681035326	838.799987792969
3285.28235948698	837.900024414063
3287.25734769121	837.799987792969
3289.23177518544	841.599975585938
3291.20564218903	840.400024414063
3293.17894892124	839.049987792969
3295.1516956012	836.599975585938
3297.12388244795	835.400024414063
3299.09550968039	837
3301.06657751732	836.299987792969
3303.03708617743	839.099975585938
3305.00703587929	840.200012207031
3306.97642684135	839.900024414063
3308.94525928196	836.150024414063
3310.91353341935	835.950012207031
3312.88124947164	837.099975585938
3314.84840765683	835.200012207031
3316.81500819282	834.299987792969
3318.78105129738	835.450012207031
3320.74653718818	836.450012207031
3322.71146608278	833.75
3324.67583819861	836.650024414063
3326.639653753	836.75
3328.60291296317	839.299987792969
3330.56561604621	838.900024414063
3332.52776321913	840.950012207031
3334.4893546988	840.049987792969
3336.45039070198	838.400024414063
3338.41087144533	836.099975585938
3340.37079714539	835.099975585938
3342.33016801859	830.400024414063
3344.28898428124	833.900024414063
3346.24724614955	838.099975585938
3348.20495383962	835.450012207031
3350.16210756742	834.150024414063
3352.11870754883	834.400024414063
3354.07475399961	831.900024414063
3356.03024713539	834.25
3357.98518717173	836.400024414063
3359.93957432403	837.5
3361.89340880761	836.599975585938
3363.84669083768	835.75
3365.79942062933	833.849975585938
3367.75159839753	835.450012207031
3369.70322435715	839.25
3371.65429872295	839.799987792969
3373.60482170957	840.950012207031
3375.55479353155	842.049987792969
3377.50421440332	840.299987792969
3379.45308453918	838.400024414063
3381.40140415335	835.299987792969
3383.34917345991	837.25
3385.29639267284	836.349975585938
3387.24306200602	834.650024414063
3389.18918167321	834.549987792969
3391.13475188806	840.400024414063
3393.07977286411	839.849975585938
3395.02424481479	843.75
3396.96816795342	843.150024414063
3398.91154249322	839.150024414063
3400.85436864728	839
3402.79664662859	839.049987792969
3404.73837665004	838.299987792969
3406.67955892439	837.150024414063
3408.62019366432	836.950012207031
3410.56028108236	837.950012207031
3412.49982139096	841.700012207031
3414.43881480247	843.25
3416.37726152909	842.950012207031
3418.31516178295	842.299987792969
3420.25251577605	838.650024414063
3422.18932372029	838.549987792969
3424.12558582746	839.400024414063
3426.06130230922	840.299987792969
3427.99647337717	841.349975585938
3429.93109924274	838.5
3431.8651801173	837.349975585938
3433.79871621209	836.849975585938
3435.73170773824	838.400024414063
3437.66415490678	839.150024414063
3439.59605792862	837.049987792969
3441.52741701458	835.150024414063
3443.45823237536	835.049987792969
3445.38850422154	832.900024414063
3447.31823276362	836.900024414063
3449.24741821196	838.599975585938
3451.17606077684	837.25
3453.10416066842	836.349975585938
3455.03171809674	837.849975585938
3456.95873327175	835.099975585938
3458.88520640329	833.75
3460.81113770109	834.450012207031
3462.73652737477	832
3464.66137563383	831.900024414063
3466.58568268769	833.200012207031
3468.50944874565	830.400024414063
3470.43267401689	830.5
3472.3553587105	830.400024414063
3474.27750303545	827.25
3476.19910720062	826.849975585938
3478.12017141476	831.349975585938
3480.04069588654	832.299987792969
3481.9606808245	830.75
3483.88012643707	830.599975585938
3485.79903293259	827.700012207031
3487.7174005193	826.5
3489.63522940532	824.150024414063
3491.55251979864	822.400024414063
3493.46927190719	823.599975585938
3495.38548593877	823.049987792969
3497.30116210107	822.400024414063
3499.21630060167	823.700012207031
3501.13090164807	821.650024414063
3503.04496544763	820.849975585938
3504.95849220763	820.549987792969
3506.87148213523	823.849975585938
3508.78393543748	821.75
3510.69585232134	819.400024414063
3512.60723299365	820.349975585938
3514.51807766116	821.599975585938
3516.42838653049	822
3518.33815980819	816.700012207031
3520.24739770066	815.599975585938
3522.15610041423	815.700012207031
3524.06426815511	814.75
3525.9719011294	817.200012207031
3527.87899954311	818.650024414063
3529.78556360213	817.049987792969
3531.69159351225	816.549987792969
3533.59708947916	816.799987792969
3535.50205170844	816.25
3537.40648040556	814.5
3539.3103757759	811.549987792969
3541.21373802472	809.150024414063
3543.11656735717	808.75
3545.01886397833	809.099975585938
3546.92062809313	808.799987792969
3548.82185990643	810.049987792969
3550.72255962297	809.150024414063
3552.62272744738	809.900024414063
3554.5223635842	806.75
3556.42146823786	807.75
3558.32004161268	805.900024414063
3560.21808391289	805.450012207031
3562.11559534259	805.700012207031
3564.01257610581	805.549987792969
3565.90902640645	806.349975585938
3567.80494644831	806.450012207031
3569.7003364351	805.049987792969
3571.59519657042	804.900024414063
3573.48952705774	804.450012207031
3575.38332810048	802.799987792969
3577.27659990191	806.349975585938
3579.16934266521	803.549987792969
3581.06155659346	802.900024414063
3582.95324188965	803.349975585938
3584.84439875663	803.049987792969
3586.73502739718	801.599975585938
3588.62512801397	801.200012207031
3590.51470080955	802.049987792969
3592.40374598639	801.349975585938
3594.29226374685	801.450012207031
3596.18025429317	802.25
3598.06771782751	800.450012207031
3599.95465455192	799.049987792969
3601.84106466834	799.5
3603.72694837861	799.900024414063
3605.61230588447	799.349975585938
3607.49713738756	799.75
3609.38144308942	798.950012207031
3611.26522319148	798.700012207031
3613.14847789506	797
3615.0312074014	797.349975585938
3616.91341191162	796.799987792969
3618.79509162674	795.799987792969
3620.67624674769	795.25
3622.55687747528	796.049987792969
3624.43698401024	795.599975585938
3626.31656655317	796.650024414063
3628.1956253046	796.450012207031
3630.07416046492	794.849975585938
3631.95217223446	794.650024414063
3633.82966081342	793
3635.70662640191	794.150024414063
3637.58306919993	793.900024414063
3639.45898940739	793.650024414063
3641.33438722409	792.799987792969
3643.20926284973	792.650024414063
3645.08361648392	792.450012207031
3646.95744832614	791.650024414063
3648.8307585758	791.900024414063
3650.7035474322	791.799987792969
3652.57581509452	792.799987792969
3654.44756176188	791.400024414063
3656.31878763324	790
3658.18949290753	789
3660.05967778352	789.200012207031
3661.9293424599	788.75
3663.79848713527	788.799987792969
3665.66711200812	789.200012207031
3667.53521727684	788.150024414063
3669.40280313972	787.349975585938
3671.26986979494	786.799987792969
3673.13641744059	786.700012207031
3675.00244627468	786.049987792969
