-140.373595351881	777.239990234375
-137.335129063906	778.080017089844
-134.297686810867	777.280029296875
-131.261268103955	777.52001953125
-128.225872454677	777.880004882813
-125.191499374839	777.359985351563
-122.158148376567	777.440002441406
-119.125818972292	777.47998046875
-116.094510674759	777.919982910156
-113.064222997021	777.320007324219
-110.034955452443	777.359985351563
-107.006707554687	777.679992675781
-103.979478817741	777.719970703125
-100.95326875589	777.559997558594
-97.928076883731	777.640014648438
-94.9039027161698	777.599975585938
-91.8807457684175	777.47998046875
-88.8586055560018	777.719970703125
-85.8374815947384	777.400024414063
-82.8173734007715	777.719970703125
-79.7982804905411	777.760009765625
-76.7802023807988	777.760009765625
-73.7631385885914	777.559997558594
-70.7470886312892	777.679992675781
-67.732052026553	777.559997558594
-64.7180282923587	777.559997558594
-61.7050169469884	777.919982910156
-58.6930175090183	777.760009765625
-55.6820294973386	777.599975585938
-52.6720524311495	777.440002441406
-49.66308582994	777.719970703125
-46.6551292135171	777.47998046875
-43.6481821019882	777.760009765625
-40.6422440157577	778.200012207031
-37.6373144755424	777.840026855469
-34.6333930023594	777.640014648438
-31.630479117526	777.52001953125
-28.6285723426709	777.840026855469
-25.6276721997107	777.640014648438
-22.6277782108771	778.039978027344
-19.628889898701	777.960021972656
-16.6310067860081	778.119995117188
-13.6341283959385	780.239990234375
-10.6382542519231	793.52001953125
-7.64338387769432	833.679992675781
-4.64951679729502	858.119995117188
-1.65665253506141	840.640014648438
1.33520938438089	798.840026855469
4.32606943608095	779.960021972656
7.315928094803	777.719970703125
10.3047858350146	777.840026855469
13.2926431308747	777.52001953125
16.2795004562541	777.320007324219
19.2653582847118	777.119995117188
22.2502170895187	778.320007324219
25.2340773436344	777.47998046875
28.216939519735	777.880004882813
31.1988040901939	777.47998046875
34.1796715270814	777.799987792969
37.1595423021732	777.440002441406
40.1384168869468	777.599975585938
43.1162957525854	777.640014648438
46.0931793699786	777.599975585938
49.0690682097059	777.400024414063
52.0439627420619	777.679992675781
55.0178634370476	776.960021972656
57.9907707643592	777.039978027344
60.9626851933962	777.320007324219
63.9336071932735	777.799987792969
66.9035372328018	777.280029296875
69.8724757804959	777.359985351563
72.8404233045826	777.440002441406
75.8073802729932	777.559997558594
78.7733471533597	777.719970703125
81.738324413019	777.719970703125
84.702312519025	777.760009765625
87.665311938125	777.719970703125
90.6273231367761	777
93.5883465811569	777.52001953125
96.5483827371242	777.919982910156
99.5074320702731	777.640014648438
102.465495045889	777.799987792969
105.422572128961	777.400024414063
108.378663784199	777.760009765625
111.333770476014	777.840026855469
114.287892668528	777.799987792969
117.24103082557	777.880004882813
120.193185410674	778
123.144356887097	778.159973144531
126.094545717786	778
129.043752365413	777.679992675781
131.991977292355	778.640014648438
134.939220960695	778.400024414063
137.885483832232	778.799987792969
140.83076636847	778.719970703125
143.775069030632	779.320007324219
146.718392279644	779.200012207031
149.660736576149	779.440002441406
152.602102380488	779.679992675781
155.54249015274	779.880004882813
158.481900352672	780.799987792969
161.420333439765	780.47998046875
164.357789873227	781.239990234375
167.294270111968	781.400024414063
170.229774614617	781.960021972656
173.164303839496	782.159973144531
176.097858244675	782.119995117188
179.030438287908	783.159973144531
181.962044426678	783.400024414063
184.89267711817	783.52001953125
187.822336819302	783.640014648438
190.751023986678	784.239990234375
193.678739076648	785.119995117188
196.605482545255	784.840026855469
199.531254848261	784.880004882813
202.456056441152	784.119995117188
205.379887779119	784.239990234375
208.30274931708	785.119995117188
211.224641509656	784.840026855469
214.145564811189	784.080017089844
217.06551967574	784.400024414063
219.984506557089	784.320007324219
222.902525908723	784.47998046875
225.819578183856	784.840026855469
228.735663835415	784.559997558594
231.650783316047	784.47998046875
234.564937078107	784.280029296875
237.478125573679	784.159973144531
240.390349254566	784
243.301608572278	784.760009765625
246.211903978051	784.719970703125
249.121235922839	785.640014648438
252.029604857321	784.960021972656
254.93701123188	784.640014648438
257.843455496632	785.52001953125
260.748938101415	786.119995117188
263.653459495766	785.799987792969
266.557020128967	786.200012207031
269.459620450005	786.719970703125
272.361260907595	787.280029296875
275.261941950168	786.640014648438
278.161664025874	786.47998046875
281.060427582592	786.719970703125
283.958233067921	786.119995117188
286.855080929176	786.559997558594
289.750971613398	787.039978027344
292.645905567344	785.640014648438
295.539883237503	787.080017089844
298.432905070079	787.039978027344
301.324971511007	787.47998046875
304.216083005931	788.880004882813
307.10624000023	789.960021972656
309.995442939003	794.159973144531
312.883692267071	801.840026855469
315.770988428979	813.719970703125
318.657331869	819.440002441406
321.542723031127	817.320007324219
324.427162359076	808.599975585938
327.310650296293	799.280029296875
330.193187285945	793.280029296875
333.074773770929	791.039978027344
335.955410193855	788.159973144531
338.835096997075	787.239990234375
341.713834622655	786.119995117188
344.59162351239	786.640014648438
347.468464107802	785.52001953125
350.344356850137	785.200012207031
353.219302180373	785.280029296875
356.093300539208	785.280029296875
358.966352367073	785.47998046875
361.838458104123	785.200012207031
364.70961819024	784.359985351563
367.579833065031	784.239990234375
370.449103167837	784.640014648438
373.317428937727	783.599975585938
376.184810813496	784.599975585938
379.051249233659	785.039978027344
381.916744636474	784.159973144531
384.78129745992	784.080017089844
387.644908141706	784.200012207031
390.50757711927	783.719970703125
393.36930482978	784.280029296875
396.23009171014	784.799987792969
399.089938196969	784.799987792969
401.948844726631	784.280029296875
404.806811735214	784.880004882813
407.66383965853	783.799987792969
410.519928932138	784.52001953125
413.375079991314	784.280029296875
416.229293271071	785.320007324219
419.082569206155	784.080017089844
421.934908231031	783.840026855469
424.786310779917	784.440002441406
427.636777286748	784.559997558594
430.486308185189	785.080017089844
433.334903908649	785.159973144531
436.182564890262	784.47998046875
439.029291562898	784.400024414063
441.875084359157	783.559997558594
444.719943711374	784.559997558594
447.563870051618	784.280029296875
450.406863811695	783.960021972656
453.248925423132	784.359985351563
456.090055317208	784
458.93025392492	784.760009765625
461.76952167701	783.119995117188
464.60785900395	783.919982910156
467.44526633595	784.799987792969
470.281744102955	783.960021972656
473.117292734635	784.280029296875
475.951912660415	784.719970703125
478.785604309439	784
481.618368110592	783.760009765625
484.450204492499	784.440002441406
487.281113883518	783.559997558594
490.111096711738	783.599975585938
492.940153404999	783.599975585938
495.768284390864	783.960021972656
498.595490096635	784.119995117188
501.421770949366	783.919982910156
504.247127375825	783.400024414063
507.071559802537	783.599975585938
509.89506865575	784
512.717654361473	783.400024414063
515.539317345424	784.039978027344
518.360058033083	784.320007324219
521.179876849652	783.679992675781
523.998774220083	784.280029296875
526.816750569068	784.159973144531
529.633806321025	783.880004882813
532.44994190013	783.359985351563
535.265157730284	784.359985351563
538.079454235133	783.47998046875
540.892831838066	784.239990234375
543.705290962208	783.52001953125
546.516832030424	783.47998046875
549.32745546533	783.919982910156
552.137161689268	783.559997558594
554.945951124325	783.960021972656
557.753824192341	783.719970703125
560.560781314883	784.320007324219
563.36682291327	783.599975585938
566.171949408555	784.119995117188
568.976161221537	784.039978027344
571.779458772759	783.239990234375
574.5818424825	783.919982910156
577.383312770792	783.080017089844
580.183870057402	783.719970703125
582.983514761843	784.359985351563
585.782247303363	783.400024414063
588.580068100976	783.280029296875
591.376977573414	783.280029296875
594.172976139164	782.919982910156
596.968064216463	783.400024414063
599.762242223282	783.200012207031
602.555510577335	783.280029296875
605.347869696099	783.280029296875
608.139319996771	782.960021972656
610.929861896313	782.52001953125
613.719495811421	783.239990234375
616.508222158541	783.119995117188
619.296041353863	783.52001953125
622.082953813324	782.640014648438
624.868959952607	783.280029296875
627.654060187137	783.359985351563
630.438254932094	782.799987792969
633.221544602397	782.52001953125
636.003929612719	782.599975585938
638.785410377468	783
641.565987310814	782.880004882813
644.345660826665	783.400024414063
647.124431338674	782.840026855469
649.902299260252	783
652.679265004552	783.039978027344
655.455328984475	782.599975585938
658.230491612671	783.960021972656
661.004753301541	783.239990234375
663.778114463229	782.919982910156
666.550575509631	782.679992675781
669.322136852395	783.119995117188
672.092798902916	783.359985351563
674.862562072336	782.799987792969
677.631426771548	783.359985351563
680.399393411204	783
683.166462401689	782.799987792969
685.93263415315	782.640014648438
688.697909075486	783.320007324219
691.462287578337	783.159973144531
694.225770071098	782.760009765625
696.988356962926	782.599975585938
699.750048662705	782.679992675781
702.5108455791	782.559997558594
705.270748120503	782.799987792969
708.029756695068	782.760009765625
710.787871710705	782.880004882813
713.545093575065	783.52001953125
716.301422695566	782.200012207031
719.056859479364	782.679992675781
721.811404333376	783.119995117188
724.56505766427	783.359985351563
727.317819878473	783
730.069691382148	782.960021972656
732.820672581226	782.47998046875
735.570763881396	783.52001953125
738.319965688092	782.880004882813
741.068278406496	783.239990234375
743.815702441559	782.880004882813
746.562238197974	783.200012207031
749.307886080196	783.159973144531
752.052646492436	783.599975585938
754.796519838656	783.280029296875
757.539506522567	783.080017089844
760.28160694765	783.719970703125
763.022821517128	783.440002441406
765.76315063399	783.159973144531
768.502594700972	782.840026855469
771.241154120572	782.559997558594
773.978829295045	783.320007324219
776.715620626397	783.280029296875
779.451528516396	783.760009765625
782.186553366565	783.840026855469
784.920695578179	783.039978027344
787.653955552283	783.280029296875
790.386333689662	783.400024414063
793.117830390877	783.280029296875
795.848446056227	783.559997558594
798.578181085792	783.47998046875
801.307035879389	782.47998046875
804.035010836599	783.359985351563
806.762106356774	783.159973144531
809.488322839013	783.400024414063
812.213660682169	782.640014648438
814.938120284866	782.880004882813
817.661702045482	783.320007324219
820.384406362153	782.52001953125
823.10623363278	782.47998046875
825.827184255014	783.200012207031
828.547258626283	782.52001953125
831.266457143747	782.440002441406
833.984780204358	782.159973144531
836.702228204804	783.239990234375
839.418801541552	783.119995117188
842.134500610814	783.080017089844
844.849325808575	782.919982910156
847.563277530579	782.880004882813
850.276356172319	783.559997558594
852.988562129066	783.080017089844
855.69989579585	782.960021972656
858.410357567456	782.919982910156
861.119947838428	782.52001953125
863.828667003087	782.47998046875
866.536515455503	783.080017089844
869.243493589517	782
871.949601798728	782.719970703125
874.654840476504	782.840026855469
877.359210015961	782.239990234375
880.062710810003	782.880004882813
882.765343251273	782.960021972656
885.467107732191	782.719970703125
888.168004644938	782.640014648438
890.868034381467	782.599975585938
893.567197333476	782.52001953125
896.265493892445	783.239990234375
898.962924449614	782.880004882813
901.659489395985	782.960021972656
904.355189122325	782.280029296875
907.050024019165	783.400024414063
909.743994476809	782.52001953125
912.437100885322	782.599975585938
915.129343634532	782.840026855469
917.820723114032	783.039978027344
920.511239713189	782.799987792969
923.200893821127	782.880004882813
925.889685826744	782.47998046875
928.577616118699	783.359985351563
931.264685085419	782.400024414063
933.950893115098	783.320007324219
936.6362405957	783.559997558594
939.320727914956	782.400024414063
942.004355460359	782.799987792969
944.687123619173	783.119995117188
947.369032778431	782.840026855469
950.050083324934	782.359985351563
952.730275645247	782.200012207031
955.409610125711	782.47998046875
958.088087152423	782.799987792969
960.765707111263	782.760009765625
963.442470387871	782.640014648438
966.118377367657	782.359985351563
968.793428435798	782.400024414063
971.467623977254	782.960021972656
974.140964376739	783.52001953125
976.813450018737	783
979.485081287511	782.440002441406
982.155858567087	782.52001953125
984.825782241271	781.840026855469
987.494852693624	782.200012207031
990.163070307487	782.359985351563
992.830435465978	783.200012207031
995.496948551973	782.799987792969
998.162609948122	783.440002441406
1000.82742003685	784.359985351563
1003.49137920036	784.640014648438
1006.15448782061	783.640014648438
1008.81674627934	782.719970703125
1011.47815495806	782.239990234375
1014.13871423805	782.52001953125
1016.79842450037	782
1019.45728612586	782.159973144531
1022.11529949509	782.200012207031
1024.77246498846	782.159973144531
1027.4287829861	781.880004882813
1030.08425386792	782.52001953125
1032.73887801363	782.359985351563
1035.3926558027	782.320007324219
1038.04558761435	782.080017089844
1040.69767382761	782.599975585938
1043.34891482125	782
1045.99931097384	782.719970703125
1048.64886266371	782.039978027344
1051.29757026898	782.440002441406
1053.94543416753	782.320007324219
1056.59245473701	782.52001953125
1059.23863235486	782.840026855469
1061.8839673983	782.400024414063
1064.5284602443	782.679992675781
1067.17211126962	781.919982910156
1069.8149208508	782.280029296875
1072.45688936415	782.159973144531
1075.09801718577	782.359985351563
1077.7383046915	783
1080.377752257	782.799987792969
1083.01636025767	783
1085.65412906872	783
1088.2910590651	782.52001953125
1090.92715062157	783.440002441406
1093.56240411266	782.47998046875
1096.19681991265	783.119995117188
1098.83039839564	782.719970703125
1101.46313993547	782.440002441406
1104.09504490579	782.52001953125
1106.72611368	782.679992675781
1109.35634663129	782.239990234375
1111.98574413263	781.719970703125
1114.61430655677	782.280029296875
1117.24203427624	781.799987792969
1119.86892766333	782.47998046875
1122.49498709014	782.880004882813
1125.12021292851	782.320007324219
1127.74460555011	782.200012207031
1130.36816532634	782.640014648438
1132.99089262841	782.159973144531
1135.6127878273	781.200012207031
1138.23385129376	781.840026855469
1140.85408339834	781.200012207031
1143.47348451137	781.840026855469
1146.09205500294	781.719970703125
1148.70979524293	781.320007324219
1151.326705601	781.799987792969
1153.9427864466	782.080017089844
1156.55803814896	781.47998046875
1159.17246107707	781.960021972656
1161.78605559974	781.679992675781
1164.39882208551	781.559997558594
1167.01076090276	781.599975585938
1169.6218724196	781.919982910156
1172.23215700396	781.840026855469
1174.84161502352	782
1177.45024684578	782.359985351563
1180.05805283799	781.760009765625
1182.66503336719	782.280029296875
1185.27118880021	781.559997558594
1187.87651950367	781.559997558594
1190.48102584395	781.440002441406
1193.08470818723	782.119995117188
1195.68756689948	781.52001953125
1198.28960234643	782.080017089844
1200.89081489363	781.880004882813
1203.49120490636	781.919982910156
1206.09077274974	782.799987792969
1208.68951878864	782.719970703125
1211.28744338773	782.280029296875
1213.88454691145	782.440002441406
1216.48082972404	782.119995117188
1219.07629218953	782.400024414063
1221.6709346717	782.400024414063
1224.26475753416	782.559997558594
1226.85776114028	782.840026855469
1229.44994585322	782.880004882813
1232.04131203592	783.280029296875
1234.63186005112	783.119995117188
1237.22159026133	783.719970703125
1239.81050302886	783.840026855469
1242.3985987158	783.840026855469
1244.98587768402	783.719970703125
1247.5723402952	784.039978027344
1250.15798691078	784.359985351563
1252.74281789199	783.840026855469
1255.32683359987	783.640014648438
1257.91003439523	784.599975585938
1260.49242063865	784.559997558594
1263.07399269055	783.799987792969
1265.65475091108	783.559997558594
1268.23469566021	783.200012207031
1270.81382729769	783.080017089844
1273.39214618306	784.119995117188
1275.96965267566	783.359985351563
1278.54634713458	783.52001953125
1281.12222991875	783.280029296875
1283.69730138685	783.280029296875
1286.27156189737	783.400024414063
1288.84501180858	783.47998046875
1291.41765147853	783.159973144531
1293.98948126509	783.960021972656
1296.56050152589	783.280029296875
1299.13071261837	783.400024414063
1301.70011489973	783.719970703125
1304.268708727	783.760009765625
1306.83649445698	783.960021972656
1309.40347244625	784.239990234375
1311.96964305119	784.159973144531
1314.53500662799	784.200012207031
1317.0995635326	783.799987792969
1319.66331412077	784.080017089844
1322.22625874806	783.679992675781
1324.7883977698	783.919982910156
1327.34973154112	784.159973144531
1329.91026041694	783.840026855469
1332.46998475197	783.559997558594
1335.0289049007	783.400024414063
1337.58702121746	784.200012207031
1340.14433405631	784.200012207031
1342.70084377115	783.919982910156
1345.25655071563	783.320007324219
1347.81145524323	783.400024414063
1350.36555770721	782.640014648438
1352.91885846062	783
1355.47135785631	782.440002441406
1358.02305624691	782
1360.57395398486	781.880004882813
1363.12405142237	782.640014648438
1365.67334891148	782.239990234375
1368.22184680399	782.159973144531
1370.76954545151	782.599975585938
1373.31644520545	782.400024414063
1375.86254641699	782.640014648438
1378.40784943713	781.799987792969
1380.95235461666	781.880004882813
1383.49606230615	781.919982910156
1386.03897285598	782.239990234375
1388.58108661632	782.159973144531
1391.12240393713	782.400024414063
1393.66292516818	782.159973144531
1396.20265065903	781.52001953125
1398.74158075901	782.039978027344
1401.2797158173	782.52001953125
1403.81705618282	782.320007324219
1406.35360220431	782.159973144531
1408.88935423032	781.640014648438
1411.42431260919	781.440002441406
1413.95847768903	781.960021972656
1416.49184981777	781.47998046875
1419.02442934314	782.320007324219
1421.55621661266	781.960021972656
1424.08721197364	781.760009765625
1426.61741577321	781.799987792969
1429.14682835828	782.359985351563
1431.67545007555	782.640014648438
1434.20328127153	782.640014648438
1436.73032229253	783.599975585938
1439.25657348466	782.840026855469
1441.78203519381	783.679992675781
1444.3067077657	784.320007324219
1446.83059154581	783.400024414063
1449.35368687944	784.200012207031
1451.8759941117	783.440002441406
1454.39751358748	783.880004882813
1456.91824565148	783.799987792969
1459.43819064818	783.47998046875
1461.95734892189	783.47998046875
1464.4757208167	782.880004882813
1466.99330667649	783.159973144531
1469.51010684497	783
1472.02612166564	782.200012207031
1474.54135148177	782.440002441406
1477.05579663646	782.559997558594
1479.56945747262	782.599975585938
1482.08233433293	781.679992675781
1484.59442755989	781.719970703125
1487.10573749579	782
1489.61626448275	781.080017089844
1492.12600886264	781.200012207031
1494.63497097718	780.960021972656
1497.14315116786	781.159973144531
1499.65054977599	780.400024414063
1502.15716714267	780.599975585938
1504.66300360881	780.280029296875
1507.16805951512	780.47998046875
1509.67233520211	780.760009765625
1512.1758310101	780.719970703125
1514.67854727919	780.840026855469
1517.18048434931	780.679992675781
1519.68164256018	780.119995117188
1522.18202225132	781.119995117188
1524.68162376207	780.200012207031
1527.18044743155	780.119995117188
1529.67849359869	780.359985351563
1532.17576260224	780.280029296875
1534.67225478072	780.47998046875
1537.1679704725	780.840026855469
1539.66291001572	780.440002441406
1542.15707374832	780.280029296875
1544.65046200807	780.679992675781
1547.14307513254	780.599975585938
1549.63491345907	780.840026855469
1552.12597732485	781.280029296875
1554.61626706685	780.760009765625
1557.10578302185	781.119995117188
1559.59452552644	781.640014648438
1562.082494917	781.440002441406
1564.56969152973	781.679992675781
1567.05611570064	782.239990234375
1569.54176776552	781.960021972656
1572.02664806	781.719970703125
1574.51075691949	782.359985351563
1576.99409467921	782
1579.4766616742	782.400024414063
1581.95845823929	781.599975585938
1584.43948470912	782.47998046875
1586.91974141815	782.200012207031
1589.39922870064	782.599975585938
1591.87794689064	781.880004882813
1594.35589632202	781.719970703125
1596.83307732848	781.760009765625
1599.30949024348	782.159973144531
1601.78513540033	782.799987792969
1604.26001313211	782.679992675781
1606.73412377175	783
1609.20746765196	783.159973144531
1611.68004510526	781.799987792969
1614.15185646398	782.080017089844
1616.62290206026	782.840026855469
1619.09318222605	782.799987792969
1621.56269729311	783.320007324219
1624.031447593	783.200012207031
1626.4994334571	782.799987792969
1628.9666552166	783.200012207031
1631.43311320248	783.159973144531
1633.89880774554	783.320007324219
1636.3637391764	783.080017089844
1638.82790782548	782.640014648438
1641.29131402301	783.919982910156
1643.75395809903	784.359985351563
1646.21584038339	783.719970703125
1648.67696120575	783.960021972656
1651.13732089558	784.159973144531
1653.59691978216	784.719970703125
1656.05575819459	785.039978027344
1658.51383646175	785.159973144531
1660.97115491238	784.400024414063
1663.42771387498	783.880004882813
1665.8835136779	784.080017089844
1668.33855464928	784.119995117188
1670.79283711708	783.760009765625
1673.24636140907	783.280029296875
1675.69912785282	783.799987792969
1678.15113677572	783.320007324219
1680.602388505	782.880004882813
1683.05288336764	782.320007324219
1685.50262169049	782.039978027344
1687.95160380019	781.679992675781
1690.39983002318	781.320007324219
1692.84730068573	781.679992675781
1695.29401611392	781.760009765625
1697.73997663364	780.640014648438
1700.18518257059	780.52001953125
1702.6296342503	780.52001953125
1705.07333199807	780.039978027344
1707.51627613907	779.760009765625
1709.95846699824	780.440002441406
1712.39990490036	779.799987792969
1714.84059017001	780.200012207031
1717.28052313159	779.919982910156
1719.7197041093	780.039978027344
1722.15813342718	780
1724.59581140906	779.200012207031
1727.03273837859	779.559997558594
1729.46891465926	779.280029296875
1731.90434057432	779.640014648438
1734.3390164469	779.239990234375
1736.7729425999	779.400024414063
1739.20611935604	779.159973144531
1741.63854703787	779.440002441406
1744.07022596776	779.239990234375
1746.50115646787	779.239990234375
1748.93133886019	779.880004882813
1751.36077346652	779.239990234375
1753.7894606085	779.239990234375
1756.21740060755	779.280029296875
1758.64459378494	779.52001953125
1761.07104046172	778.919982910156
1763.49674095879	779.47998046875
1765.92169559684	779.039978027344
1768.3459046964	779
1770.7693685778	778.840026855469
1773.1920875612	778.840026855469
1775.61406196656	779.239990234375
1778.03529211367	779.119995117188
1780.45577832214	778.880004882813
1782.87552091138	778.840026855469
1785.29452020064	779.039978027344
1787.71277650897	778.960021972656
1790.13029015525	779
1792.54706145817	778.880004882813
1794.96309073625	778.559997558594
1797.3783783078	778.440002441406
1799.79292449097	779.200012207031
1802.20672960375	778.280029296875
1804.61979396389	779.119995117188
1807.03211788902	778.799987792969
1809.44370169655	778.760009765625
1811.85454570373	779.239990234375
1814.2646502276	778.640014648438
1816.67401558506	779.039978027344
1819.0826420928	778.679992675781
1821.49053006734	778.840026855469
1823.89767982501	778.719970703125
1826.30409168198	778.799987792969
1828.70976595422	779
1831.11470295753	778.840026855469
1833.51890300752	778.919982910156
1835.92236641964	778.400024414063
1838.32509350914	778.799987792969
1840.72708459111	778.359985351563
1843.12833998044	778.679992675781
1845.52885999184	778.440002441406
1847.92864493987	778.200012207031
1850.32769513889	778.760009765625
1852.72601090307	778.440002441406
1855.12359254642	778.640014648438
1857.52044038278	778.799987792969
1859.91655472578	778.400024414063
1862.31193588889	778.919982910156
1864.70658418542	778.799987792969
1867.10049992847	778.159973144531
1869.49368343096	778.52001953125
1871.88613500568	778.799987792969
1874.27785496518	778.960021972656
1876.66884362188	778.280029296875
1879.059101288	778.599975585938
1881.44862827559	778.599975585938
1883.8374248965	778.640014648438
1886.22549146246	778.719970703125
1888.61282828495	778.280029296875
1890.99943567534	779.159973144531
1893.38531394477	778.679992675781
1895.77046340424	778.599975585938
1898.15488436455	778.880004882813
1900.53857713634	778.280029296875
1902.92154203006	778.359985351563
1905.303779356	778
1907.68528942426	778.840026855469
1910.06607254477	778.679992675781
1912.44612902729	778.799987792969
1914.82545918139	778.719970703125
1917.20406331648	778.880004882813
1919.58194174178	778.640014648438
1921.95909476634	778.760009765625
1924.33552269905	778.679992675781
1926.71122584861	779.080017089844
1929.08620452353	778.640014648438
1931.46045903219	778.840026855469
1933.83398968275	778.799987792969
1936.20679678322	778.52001953125
1938.57888064142	778.799987792969
1940.95024156502	778.960021972656
1943.3208798615	779.039978027344
1945.69079583816	778.599975585938
1948.05998980213	779.280029296875
1950.42846206038	778.960021972656
1952.79621291969	778.919982910156
1955.16324268668	778.919982910156
1957.52955166778	778.52001953125
1959.89514016927	778.719970703125
1962.26000849723	778.599975585938
1964.62415695759	778.679992675781
1966.98758585609	778.880004882813
1969.3502954983	778.919982910156
1971.71228618964	779
1974.07355823532	778.719970703125
1976.43411194042	778.559997558594
1978.79394760981	779.119995117188
1981.1530655482	778.47998046875
1983.51146606014	779.159973144531
1985.86914944999	779.239990234375
1988.22611602196	778.599975585938
1990.58236608007	778.47998046875
1992.93789992817	778.760009765625
1995.29271786995	778.679992675781
1997.64682020892	778.840026855469
2000.00020724843	778.679992675781
2002.35287929162	779.200012207031
2004.70483664152	778.52001953125
2007.05607960095	778.840026855469
2009.40660847256	778.919982910156
2011.75642355884	779.200012207031
2014.1055251621	778.960021972656
2016.4539135845	779
2018.80158912802	778.960021972656
2021.14855209444	779.119995117188
2023.49480278542	778.799987792969
2025.84034150242	778.880004882813
2028.18516854673	778.719970703125
2030.52928421948	778.960021972656
2032.87268882163	778.880004882813
2035.21538265398	778.960021972656
2037.55736601713	779.159973144531
2039.89863921153	778.599975585938
2042.23920253747	779.280029296875
2044.57905629506	779.039978027344
2046.91820078425	779.159973144531
2049.2566363048	778.760009765625
2051.59436315633	779.52001953125
2053.93138163827	779.359985351563
2056.2676920499	779
2058.6032946903	779.559997558594
2060.93818985843	778.640014648438
2063.27237785303	778.719970703125
2065.60585897272	779.119995117188
2067.93863351592	778.799987792969
2070.27070178089	778.679992675781
2072.60206406574	779.47998046875
2074.93272066838	778.960021972656
2077.26267188658	778.840026855469
2079.59191801793	778.880004882813
2081.92045935985	779.280029296875
2084.24829620962	779.200012207031
2086.57542886431	779.159973144531
2088.90185762087	779.280029296875
2091.22758277604	779.119995117188
2093.55260462643	779.200012207031
2095.87692346845	779.400024414063
2098.20053959837	779.119995117188
2100.52345331229	778.679992675781
2102.84566490614	779.159973144531
2105.16717467567	778.840026855469
2107.48798291649	779.559997558594
2109.80808992403	778.960021972656
2112.12749599355	779
2114.44620142016	779.359985351563
2116.7642064988	779.200012207031
2119.08151152423	779.239990234375
2121.39811679106	779.359985351563
2123.71402259374	779.159973144531
2126.02922922653	779.440002441406
2128.34373698356	778.919982910156
2130.65754615876	779.52001953125
2132.97065704594	779.239990234375
2135.28306993869	779.119995117188
2137.59478513047	779.47998046875
2139.90580291459	779.52001953125
2142.21612358416	779.039978027344
2144.52574743214	779.039978027344
2146.83467475134	778.799987792969
2149.1429058344	779.039978027344
2151.45044097377	779.239990234375
2153.75728046178	779.52001953125
2156.06342459057	778.960021972656
2158.36887365212	779.080017089844
2160.67362793825	778.960021972656
2162.97768774061	779
2165.28105335071	779.080017089844
2167.58372505987	779.679992675781
2169.88570315926	779.200012207031
2172.18698793988	778.880004882813
2174.48757969258	778.960021972656
2176.78747870805	779.239990234375
2179.08668527679	779.039978027344
2181.38519968917	779.119995117188
2183.68302223538	779.159973144531
2185.98015320547	779.159973144531
2188.27659288929	778.919982910156
2190.57234157656	778.599975585938
2192.86739955682	778.559997558594
2195.16176711948	779
2197.45544455375	779.320007324219
2199.74843214869	779
2202.04073019322	778.880004882813
2204.33233897607	779.080017089844
2206.62325878583	778.919982910156
2208.91348991093	779.119995117188
2211.20303263961	778.840026855469
2213.49188726	779.119995117188
2215.78005406001	778.960021972656
2218.06753332744	779.080017089844
2220.35432534991	778.960021972656
2222.64043041487	779.320007324219
2224.92584880964	779
2227.21058082134	778.47998046875
2229.49462673696	778.799987792969
2231.77798684332	778.880004882813
2234.06066142709	778.320007324219
2236.34265077477	779.200012207031
2238.62395517269	779.039978027344
2240.90457490706	778.799987792969
2243.18451026388	779.200012207031
2245.46376152904	778.840026855469
2247.74232898823	778.919982910156
2250.02021292701	778.880004882813
2252.29741363077	778.760009765625
2254.57393138475	778.880004882813
2256.849766474	779.039978027344
2259.12491918346	779.080017089844
2261.39938979788	778.799987792969
2263.67317860185	779.119995117188
2265.94628587983	778.400024414063
2268.2187119161	778.799987792969
2270.49045699478	778.919982910156
2272.76152139985	779
2275.03190541511	778.760009765625
2277.30160932421	778.52001953125
2279.57063341067	779.039978027344
2281.83897795781	778.559997558594
2284.10664324882	778.039978027344
2286.37362956672	778.599975585938
2288.63993719439	779.159973144531
2290.90556641454	778.679992675781
2293.17051750973	779.200012207031
2295.43479076235	778.760009765625
2297.69838645465	779.440002441406
2299.96130486871	778.47998046875
2302.22354628647	779.039978027344
2304.48511098971	778.559997558594
2306.74599926003	778.359985351563
2309.00621137891	778.559997558594
2311.26574762765	778.960021972656
2313.52460828741	778.760009765625
2315.78279363917	778.799987792969
2318.04030396379	778.52001953125
2320.29713954195	778.640014648438
2322.55330065418	778.760009765625
2324.80878758085	779.320007324219
2327.06360060219	778.880004882813
2329.31773999826	778.799987792969
2331.57120604897	779.359985351563
2333.82399903409	778.919982910156
2336.0761192332	779.200012207031
2338.32756692577	778.840026855469
2340.57834239108	778.840026855469
2342.82844590827	779
2345.07787775633	778.640014648438
2347.32663821409	778.599975585938
2349.57472756023	779.239990234375
2351.82214607327	778.640014648438
2354.06889403158	778.799987792969
2356.31497171337	778.359985351563
2358.56037939672	778.559997558594
2360.80511735953	778.880004882813
2363.04918587955	778.679992675781
2365.29258523439	778.599975585938
2367.5353157015	778.960021972656
2369.77737755817	778.719970703125
2372.01877108156	779.039978027344
2374.25949654865	778.919982910156
2376.49955423629	778.320007324219
2378.73894442115	778.159973144531
2380.97766737977	778.719970703125
2383.21572338855	778.52001953125
2385.45311272369	778.679992675781
2387.68983566129	778.52001953125
2389.92589247727	779.359985351563
2392.1612834474	778.719970703125
2394.39600884731	778.440002441406
2396.63006895246	778.880004882813
2398.86346403818	778.719970703125
2401.09619437962	778.52001953125
2403.32826025182	778
2405.55966192963	778.200012207031
2407.79039968777	778.200012207031
2410.0204738008	778.679992675781
2412.24988454313	778.119995117188
2414.47863218902	779.359985351563
2416.70671701258	778.440002441406
2418.93413928778	778.52001953125
2421.16089928842	779.039978027344
2423.38699728817	778.840026855469
2425.61243356052	778.400024414063
2427.83720837884	778.799987792969
2430.06132201633	778.840026855469
2432.28477474606	778.400024414063
2434.50756684093	778.760009765625
2436.72969857371	778.719970703125
2438.95117021699	778.320007324219
2441.17198204325	778.280029296875
2443.39213432478	779.119995117188
2445.61162733376	778.719970703125
2447.83046134218	778.52001953125
2450.04863662192	778.679992675781
2452.26615344468	778.440002441406
2454.48301208203	778.599975585938
2456.69921280539	778.47998046875
2458.91475588602	779.320007324219
2461.12964159504	778.599975585938
2463.34387020342	778.719970703125
2465.55744198198	778.840026855469
2467.77035720139	778.320007324219
2469.98261613217	778.679992675781
2472.1942190447	778.559997558594
2474.40516620922	778.52001953125
2476.6154578958	778.52001953125
2478.82509437436	778.400024414063
2481.03407591471	778.880004882813
2483.24240278646	778.679992675781
2485.45007525911	778.039978027344
2487.65709360202	778.599975585938
2489.86345808435	778.719970703125
2492.06916897518	778.52001953125
2494.27422654339	778.119995117188
2496.47863105774	778.200012207031
2498.68238278683	779
2500.88548199912	778.320007324219
2503.08792896294	778.719970703125
2505.28972394643	778.679992675781
2507.49086721763	778.239990234375
2509.6913590444	778.239990234375
2511.89119969447	778.840026855469
2514.09038943543	778.640014648438
2516.2889285347	778.440002441406
2518.48681725957	778.760009765625
2520.6840558772	778.599975585938
2522.88064465456	778.640014648438
2525.07658385852	778.280029296875
2527.27187375578	778.799987792969
2529.4665146129	778.599975585938
2531.66050669629	778.239990234375
2533.85385027222	778.599975585938
2536.04654560681	778.400024414063
2538.23859296605	778.919982910156
2540.42999261577	778.799987792969
2542.62074482166	778.400024414063
2544.81084984925	778.320007324219
2547.00030796395	778.559997558594
2549.18911943101	778.159973144531
2551.37728451555	778.640014648438
2553.56480348252	778.559997558594
2555.75167659675	778.760009765625
2557.93790412292	779
2560.12348632556	778.640014648438
2562.30842346905	778.359985351563
2564.49271581764	778.280029296875
2566.67636363544	778.320007324219
2568.85936718639	778.359985351563
2571.04172673431	778.599975585938
2573.22344254288	778.559997558594
2575.40451487562	779.119995117188
2577.58494399591	778.719970703125
2579.76473016699	778.359985351563
2581.94387365196	778.719970703125
2584.12237471377	778.039978027344
2586.30023361523	779.159973144531
2588.47745061901	778.760009765625
2590.65402598763	778.840026855469
2592.82995998348	778.559997558594
2595.0052528688	778.679992675781
2597.17990490568	778.919982910156
2599.35391635608	778.640014648438
2601.52728748181	778.719970703125
2603.70001854454	778.119995117188
2605.8721098058	778.559997558594
2608.04356152698	779.080017089844
2610.21437396931	778.52001953125
2612.3845473939	778.239990234375
2614.55408206173	778.840026855469
2616.72297823359	778.679992675781
2618.89123617017	778.840026855469
2621.058856132	778.559997558594
2623.22583837949	778.960021972656
2625.39218317288	779.359985351563
2627.55789077229	778.840026855469
2629.72296143769	778.640014648438
2631.88739542891	778.880004882813
2634.05119300563	778.359985351563
2636.21435442742	778.919982910156
2638.37687995367	778.559997558594
2640.53876984365	778.640014648438
2642.70002435649	778.760009765625
2644.86064375119	778.799987792969
2647.02062828658	778.919982910156
2649.17997822137	778.719970703125
2651.33869381413	778.880004882813
2653.49677532328	778.919982910156
2655.65422300711	778.840026855469
2657.81103712378	778.280029296875
2659.96721793127	778.679992675781
2662.12276568747	778.400024414063
2664.2776806501	778.52001953125
2666.43196307675	778.52001953125
2668.58561322486	778.52001953125
2670.73863135176	778.880004882813
2672.8910177146	778.679992675781
2675.04277257043	779.119995117188
2677.19389617612	778.880004882813
2679.34438878845	779.200012207031
2681.49425066402	779
2683.64348205931	778.799987792969
2685.79208323065	778.760009765625
2687.94005443425	778.760009765625
2690.08739592617	779
2692.23410796233	778.640014648438
2694.38019079852	779.359985351563
2696.52564469038	778.799987792969
2698.67046989342	778.599975585938
2700.81466666302	779.200012207031
2702.9582352544	778.960021972656
2705.10117592265	778.760009765625
2707.24348892275	778.320007324219
2709.3851745095	779.039978027344
2711.5262329376	778.880004882813
2713.66666446158	779.280029296875
2715.80646933585	779.119995117188
2717.94564781468	779.159973144531
2720.08420015222	779.239990234375
2722.22212660245	779.719970703125
2724.35942741923	779.159973144531
2726.49610285628	779.400024414063
2728.63215316721	779.039978027344
2730.76757860544	779.080017089844
2732.9023794243	779.47998046875
2735.03655587697	779.440002441406
2737.17010821648	779.080017089844
2739.30303669573	778.799987792969
2741.4353415675	779.080017089844
2743.56702308442	779.039978027344
2745.69808149898	779.280029296875
2747.82851706355	779.039978027344
2749.95833003034	779.599975585938
2752.08752065145	779.080017089844
2754.21608917883	779.359985351563
2756.3440358643	779.320007324219
2758.47136095954	779
2760.59806471609	779.119995117188
2762.72414738537	778.960021972656
2764.84960921865	779.080017089844
2766.97445046708	779.200012207031
2769.09867138166	779.200012207031
2771.22227221326	778.919982910156
2773.34525321263	779.440002441406
2775.46761463035	778.880004882813
2777.58935671691	779.359985351563
2779.71047972262	779.200012207031
2781.83098389771	779.159973144531
2783.95086949221	779
2786.07013675607	779.52001953125
2788.18878593908	779.280029296875
2790.3068172909	779.080017089844
2792.42423106106	779.440002441406
2794.54102749895	778.880004882813
2796.65720685384	779.080017089844
2798.77276937486	779.359985351563
2800.88771531098	778.960021972656
2803.00204491107	779.119995117188
2805.11575842387	779.559997558594
2807.22885609796	779.52001953125
2809.34133818179	779.400024414063
2811.4532049237	778.719970703125
2813.56445657189	779.280029296875
2815.6750933744	779.760009765625
2817.78511557916	779.640014648438
2819.89452343398	779.239990234375
2822.00331718652	779.559997558594
2824.11149708429	780.119995117188
2826.2190633747	779.799987792969
2828.32601630502	780
2830.43235612237	780.119995117188
2832.53808307375	780.239990234375
2834.64319740603	781.280029296875
2836.74769936595	780.760009765625
2838.85158920011	781.52001953125
2840.95486715497	780.960021972656
2843.05753347689	781.840026855469
2845.15958841206	782.159973144531
2847.26103220657	781.960021972656
2849.36186510636	783.080017089844
2851.46208735724	783
2853.56169920488	783.320007324219
2855.66070089485	783.52001953125
2857.75909267257	782.799987792969
2859.85687478332	783.599975585938
2861.95404747225	784.039978027344
2864.05061098439	784.52001953125
2866.14656556464	785.400024414063
2868.24191145777	785.119995117188
2870.3366489084	785.760009765625
2872.43077816104	784.679992675781
2874.52429946006	785.080017089844
2876.61721304971	786.159973144531
2878.70951917409	786.239990234375
2880.8012180772	786
2882.89231000287	786.679992675781
2884.98279519483	786.599975585938
2887.07267389667	786.960021972656
2889.16194635186	786.559997558594
2891.25061280373	786.559997558594
2893.33867349546	786.320007324219
2895.42612867015	786.640014648438
2897.51297857074	787.280029296875
2899.59922344003	787.760009765625
2901.68486352071	787.039978027344
2903.76989905533	788.280029296875
2905.85433028632	788.719970703125
2907.93815745598	787.919982910156
2910.02138080648	788.760009765625
2912.10400057985	789.119995117188
2914.186017018	788.840026855469
2916.26743036271	789.559997558594
2918.34824085563	789.960021972656
2920.4284487383	790.280029296875
2922.5080542521	790.719970703125
2924.58705763829	792.359985351563
2926.66545913802	792.440002441406
2928.74325899231	791.400024414063
2930.82045744202	792.080017089844
2932.89705472792	792.119995117188
2934.97305109062	792.119995117188
2937.04844677063	791.919982910156
2939.12324200832	792
2941.19743704393	792.119995117188
2943.27103211757	791.919982910156
2945.34402746923	790.52001953125
2947.41642333876	789.239990234375
2949.48821996592	788.47998046875
2951.55941759028	789
2953.63001645135	788.760009765625
2955.70001678845	789.559997558594
2957.76941884083	788.559997558594
2959.83822284757	788.960021972656
2961.90642904764	789.080017089844
2963.97403767988	788.599975585938
2966.04104898302	788.239990234375
2968.10746319565	788.679992675781
2970.17328055621	787.840026855469
2972.23850130305	787.440002441406
2974.30312567438	787
2976.36715390829	787.080017089844
2978.43058624273	787.320007324219
2980.49342291553	787.640014648438
2982.55566416439	786.840026855469
2984.61731022691	787.760009765625
2986.67836134051	788.159973144531
2988.73881774255	786.799987792969
2990.79867967021	786.200012207031
2992.85794736058	786.119995117188
2994.9166210506	785.400024414063
2996.97470097711	785.159973144531
2999.03218737679	785.359985351563
3001.08908048622	785.760009765625
3003.14538054186	785.880004882813
3005.20108778002	786.47998046875
3007.25620243691	785.440002441406
3009.3107247486	784.599975585938
3011.36465495104	785.400024414063
3013.41799328004	784.599975585938
3015.47073997133	784.840026855469
3017.52289526045	784.880004882813
3019.57445938288	785.200012207031
3021.62543257393	784.799987792969
3023.6758150688	785.080017089844
3025.72560710258	785.239990234375
3027.77480891021	785.039978027344
3029.82342072652	784.799987792969
3031.87144278622	785.799987792969
3033.91887532389	786.080017089844
3035.96571857399	785.840026855469
3038.01197277084	785.640014648438
3040.05763814867	785.679992675781
3042.10271494154	785.719970703125
3044.14720338344	786.200012207031
3046.19110370818	787.320007324219
3048.2344161495	786.919982910156
3050.27714094097	787.320007324219
3052.31927831608	787.159973144531
3054.36082850816	787.200012207031
3056.40179175044	786.919982910156
3058.44216827602	787.320007324219
3060.48195831786	787.719970703125
3062.52116210884	788.239990234375
3064.55977988167	787.280029296875
3066.59781186897	787.719970703125
3068.63525830322	788.080017089844
3070.67211941678	788.799987792969
3072.7083954419	788.47998046875
3074.7440866107	788.200012207031
3076.77919315516	788.919982910156
3078.81371530716	788.200012207031
3080.84765329846	788.799987792969
3082.88100736068	788.640014648438
3084.91377772534	789.400024414063
3086.94596462381	789.559997558594
3088.97756828737	789.400024414063
3091.00858894714	790.440002441406
3093.03902683417	790.119995117188
3095.06888217933	789.760009765625
3097.09815521342	791.200012207031
3099.12684616709	791
3101.15495527087	792.280029296875
3103.18248275518	791.960021972656
3105.20942885031	792.200012207031
3107.23579378642	792.760009765625
3109.26157779358	792.280029296875
3111.28678110171	793.320007324219
3113.31140394062	792.760009765625
3115.33544654	793.359985351563
3117.35890912942	793.159973144531
3119.38179193832	794.200012207031
3121.40409519602	794.159973144531
3123.42581913174	794.719970703125
3125.44696397457	794.359985351563
3127.46752995345	794.840026855469
3129.48751729725	795.840026855469
3131.50692623469	795.200012207031
3133.52575699436	794.840026855469
3135.54400980476	796.119995117188
3137.56168489425	797.159973144531
3139.57878249108	796.799987792969
3141.59530282337	797.239990234375
3143.61124611913	797.400024414063
3145.62661260624	796.880004882813
3147.64140251247	797.799987792969
3149.65561606547	798.159973144531
3151.66925349277	798.47998046875
3153.68231502177	797.400024414063
3155.69480087977	798.919982910156
3157.70671129394	800.280029296875
3159.71804649132	800.200012207031
3161.72880669886	800.599975585938
3163.73899214336	800.559997558594
3165.74860305152	802.039978027344
3167.75763964991	800.359985351563
3169.766102165	801.159973144531
3171.77399082313	801.119995117188
3173.7813058505	800.840026855469
3175.78804747323	802.559997558594
3177.79421591731	802.919982910156
3179.79981140859	802.119995117188
3181.80483417282	802.080017089844
3183.80928443564	803.719970703125
3185.81316242255	804.039978027344
3187.81646835896	803.320007324219
3189.81920247013	803.440002441406
3191.82136498122	806.52001953125
3193.82295611727	806.280029296875
3195.82397610321	805.280029296875
3197.82442516385	805.719970703125
3199.82430352386	804.52001953125
3201.82361140782	806.280029296875
3203.82234904018	807.719970703125
3205.82051664529	806.159973144531
3207.81811444735	806.359985351563
3209.81514267047	807.679992675781
3211.81160153863	806.200012207031
3213.80749127571	806.200012207031
3215.80281210545	807.200012207031
3217.79756425148	808.960021972656
3219.79174793733	807.640014648438
3221.7853633864	807.159973144531
3223.77841082196	807.440002441406
3225.77089046719	808.159973144531
3227.76280254513	808.880004882813
3229.75414727873	807.919982910156
3231.74492489081	808.880004882813
3233.73513560406	807.799987792969
3235.72477964107	808.559997558594
3237.71385722431	809.960021972656
3239.70236857614	809.359985351563
3241.6903139188	807.799987792969
3243.6776934744	808
3245.66450746496	808.119995117188
3247.65075611237	807.47998046875
3249.63643963841	807.599975585938
3251.62155826472	807.919982910156
3253.60611221287	808.599975585938
3255.59010170428	808.880004882813
3257.57352696026	810.080017089844
3259.55638820202	809.359985351563
3261.53868565064	809.52001953125
3263.52041952708	809.320007324219
3265.50159005221	810.200012207031
3267.48219744676	809.320007324219
3269.46224193136	808.039978027344
3271.44172372651	810.719970703125
3273.42064305262	810.400024414063
3275.39900012996	809.719970703125
3277.3767951787	808.119995117188
3279.35402841889	809.119995117188
3281.33070007047	808.440002441406
3283.30681035326	807.960021972656
3285.28235948698	808.719970703125
3287.25734769121	809.919982910156
3289.23177518544	812.200012207031
3291.20564218903	810.640014648438
3293.17894892124	810.840026855469
3295.1516956012	810.679992675781
3297.12388244795	809.039978027344
3299.09550968039	808.200012207031
3301.06657751732	808.440002441406
3303.03708617743	807.880004882813
3305.00703587929	811.200012207031
3306.97642684135	812.200012207031
3308.94525928196	809.679992675781
3310.91353341935	808.440002441406
3312.88124947164	808.679992675781
3314.84840765683	806.760009765625
3316.81500819282	806.47998046875
3318.78105129738	807.47998046875
3320.74653718818	808.719970703125
3322.71146608278	807.599975585938
3324.67583819861	807.159973144531
3326.639653753	809.320007324219
3328.60291296317	808.280029296875
3330.56561604621	809.679992675781
3332.52776321913	811.960021972656
3334.4893546988	811.039978027344
3336.45039070198	808.880004882813
3338.41087144533	807.599975585938
3340.37079714539	808.440002441406
3342.33016801859	806.359985351563
3344.28898428124	807.599975585938
3346.24724614955	808.760009765625
3348.20495383962	808.760009765625
3350.16210756742	807.760009765625
3352.11870754883	809.320007324219
3354.07475399961	809.919982910156
3356.03024713539	807.799987792969
3357.98518717173	808.960021972656
3359.93957432403	809.840026855469
3361.89340880761	807.960021972656
3363.84669083768	807.960021972656
3365.79942062933	806.840026855469
3367.75159839753	807.280029296875
3369.70322435715	809.440002441406
3371.65429872295	809.880004882813
3373.60482170957	811.039978027344
3375.55479353155	810.919982910156
3377.50421440332	808.799987792969
3379.45308453918	808.359985351563
3381.40140415335	808.239990234375
3383.34917345991	809.880004882813
3385.29639267284	808.719970703125
3387.24306200602	809.919982910156
3389.18918167321	810.679992675781
3391.13475188806	810.080017089844
3393.07977286411	810.919982910156
3395.02424481479	812.880004882813
3396.96816795342	812.280029296875
3398.91154249322	811.599975585938
3400.85436864728	812.080017089844
3402.79664662859	809.47998046875
3404.73837665004	809.52001953125
3406.67955892439	809.200012207031
3408.62019366432	809.039978027344
3410.56028108236	810.119995117188
3412.49982139096	809.359985351563
3414.43881480247	811.559997558594
3416.37726152909	809.840026855469
3418.31516178295	810.440002441406
3420.25251577605	810.080017089844
3422.18932372029	809.440002441406
3424.12558582746	810.200012207031
3426.06130230922	810.400024414063
3427.99647337717	811.679992675781
3429.93109924274	810.080017089844
3431.8651801173	808.799987792969
3433.79871621209	808.559997558594
3435.73170773824	808.599975585938
3437.66415490678	810.320007324219
3439.59605792862	807.159973144531
3441.52741701458	808.880004882813
3443.45823237536	808.640014648438
3445.38850422154	807.559997558594
3447.31823276362	809.080017089844
3449.24741821196	809.359985351563
3451.17606077684	808.320007324219
3453.10416066842	807.599975585938
3455.03171809674	807.719970703125
3456.95873327175	807.799987792969
3458.88520640329	809.320007324219
3460.81113770109	807
3462.73652737477	805.880004882813
3464.66137563383	804.159973144531
3466.58568268769	804.799987792969
3468.50944874565	804.440002441406
3470.43267401689	806.679992675781
3472.3553587105	806.799987792969
3474.27750303545	803.200012207031
3476.19910720062	804.200012207031
3478.12017141476	804.640014648438
3480.04069588654	806.280029296875
3481.9606808245	805.280029296875
3483.88012643707	805.200012207031
3485.79903293259	802.840026855469
3487.7174005193	801.239990234375
3489.63522940532	802
3491.55251979864	799.719970703125
3493.46927190719	801.159973144531
3495.38548593877	801.719970703125
3497.30116210107	800.880004882813
3499.21630060167	801.280029296875
3501.13090164807	801
3503.04496544763	800.440002441406
3504.95849220763	800.52001953125
3506.87148213523	800.400024414063
3508.78393543748	800.960021972656
3510.69585232134	800.440002441406
3512.60723299365	799.919982910156
3514.51807766116	800.159973144531
3516.42838653049	799.359985351563
3518.33815980819	797.559997558594
3520.24739770066	796.919982910156
3522.15610041423	797.52001953125
3524.06426815511	797.200012207031
3525.9719011294	798.400024414063
3527.87899954311	797.840026855469
3529.78556360213	798.599975585938
3531.69159351225	797
3533.59708947916	797.52001953125
3535.50205170844	796.039978027344
3537.40648040556	796.239990234375
3539.3103757759	795.200012207031
3541.21373802472	795.039978027344
3543.11656735717	794.640014648438
3545.01886397833	795
3546.92062809313	795.280029296875
3548.82185990643	795
3550.72255962297	794.719970703125
3552.62272744738	793.200012207031
3554.5223635842	792.840026855469
3556.42146823786	792.679992675781
3558.32004161268	793.47998046875
3560.21808391289	793
3562.11559534259	792.080017089844
3564.01257610581	791.559997558594
3565.90902640645	790.799987792969
3567.80494644831	791.719970703125
3569.7003364351	792.47998046875
3571.59519657042	791.440002441406
3573.48952705774	790.52001953125
3575.38332810048	790.919982910156
3577.27659990191	791.440002441406
3579.16934266521	791.159973144531
3581.06155659346	790.359985351563
3582.95324188965	791.039978027344
3584.84439875663	789.559997558594
3586.73502739718	789.599975585938
3588.62512801397	790.080017089844
3590.51470080955	789.119995117188
3592.40374598639	789.239990234375
3594.29226374685	789.47998046875
3596.18025429317	789.280029296875
3598.06771782751	788.640014648438
3599.95465455192	789.119995117188
3601.84106466834	788.159973144531
3603.72694837861	788.280029296875
3605.61230588447	788.719970703125
3607.49713738756	789
3609.38144308942	788.200012207031
3611.26522319148	788.119995117188
3613.14847789506	787.239990234375
3615.0312074014	786.840026855469
3616.91341191162	786.640014648438
3618.79509162674	786.440002441406
3620.67624674769	786.119995117188
3622.55687747528	786.799987792969
3624.43698401024	786.719970703125
3626.31656655317	786.599975585938
3628.1956253046	786.159973144531
3630.07416046492	786.679992675781
3631.95217223446	785.679992675781
3633.82966081342	784.960021972656
3635.70662640191	785.080017089844
3637.58306919993	785.119995117188
3639.45898940739	784.47998046875
3641.33438722409	784.799987792969
3643.20926284973	785.159973144531
3645.08361648392	784.440002441406
3646.95744832614	784.080017089844
3648.8307585758	784.400024414063
3650.7035474322	784.799987792969
3652.57581509452	784.159973144531
3654.44756176188	783.679992675781
3656.31878763324	783.200012207031
3658.18949290753	782.840026855469
3660.05967778352	782.960021972656
3661.9293424599	782.559997558594
3663.79848713527	783.200012207031
3665.66711200812	782.440002441406
3667.53521727684	782.760009765625
3669.40280313972	782.200012207031
3671.26986979494	781.640014648438
3673.13641744059	781.47998046875
3675.00244627468	781.880004882813
