-140.373595351881	779.239990234375
-137.335129063906	779
-134.297686810867	779.440002441406
-131.261268103955	778.919982910156
-128.225872454677	779.599975585938
-125.191499374839	779.440002441406
-122.158148376567	779
-119.125818972292	779.159973144531
-116.094510674759	779.280029296875
-113.064222997021	779.400024414063
-110.034955452443	779.400024414063
-107.006707554687	779.400024414063
-103.979478817741	779.159973144531
-100.95326875589	779.159973144531
-97.928076883731	779.679992675781
-94.9039027161698	779.080017089844
-91.8807457684175	779.280029296875
-88.8586055560018	779.039978027344
-85.8374815947384	779.280029296875
-82.8173734007715	779.559997558594
-79.7982804905411	779.760009765625
-76.7802023807988	779.400024414063
-73.7631385885914	779.640014648438
-70.7470886312892	779.47998046875
-67.732052026553	779.239990234375
-64.7180282923587	779.359985351563
-61.7050169469884	779.280029296875
-58.6930175090183	779.039978027344
-55.6820294973386	779.320007324219
-52.6720524311495	779.47998046875
-49.66308582994	779.440002441406
-46.6551292135171	779.400024414063
-43.6481821019882	779.359985351563
-40.6422440157577	779.440002441406
-37.6373144755424	779.320007324219
-34.6333930023594	779.400024414063
-31.630479117526	779.559997558594
-28.6285723426709	779.400024414063
-25.6276721997107	779.840026855469
-22.6277782108771	780.039978027344
-19.628889898701	779.52001953125
-16.6310067860081	780.080017089844
-13.6341283959385	782.359985351563
-10.6382542519231	793.400024414063
-7.64338387769432	826
-4.64951679729502	850.559997558594
-1.65665253506141	837.679992675781
1.33520938438089	799.080017089844
4.32606943608095	781.080017089844
7.315928094803	779.400024414063
10.3047858350146	779.159973144531
13.2926431308747	779.359985351563
16.2795004562541	778.919982910156
19.2653582847118	779.559997558594
22.2502170895187	779.119995117188
25.2340773436344	779.320007324219
28.216939519735	779.239990234375
31.1988040901939	779.559997558594
34.1796715270814	779.200012207031
37.1595423021732	779.559997558594
40.1384168869468	779.239990234375
43.1162957525854	779.52001953125
46.0931793699786	779.320007324219
49.0690682097059	779.440002441406
52.0439627420619	779.52001953125
55.0178634370476	779.200012207031
57.9907707643592	779.359985351563
60.9626851933962	779.400024414063
63.9336071932735	779.559997558594
66.9035372328018	779.080017089844
69.8724757804959	779.159973144531
72.8404233045826	779.719970703125
75.8073802729932	779.239990234375
78.7733471533597	779
81.738324413019	779.280029296875
84.702312519025	779.400024414063
87.665311938125	779
90.6273231367761	779
93.5883465811569	779.200012207031
96.5483827371242	779.400024414063
99.5074320702731	779.159973144531
102.465495045889	779.280029296875
105.422572128961	779.359985351563
108.378663784199	779.039978027344
111.333770476014	779.320007324219
114.287892668528	779.599975585938
117.24103082557	779.400024414063
120.193185410674	779.679992675781
123.144356887097	779.679992675781
126.094545717786	780.440002441406
129.043752365413	780.359985351563
131.991977292355	780.400024414063
134.939220960695	780.840026855469
137.885483832232	780.919982910156
140.83076636847	781.200012207031
143.775069030632	782.119995117188
146.718392279644	782.599975585938
149.660736576149	782.840026855469
152.602102380488	783.320007324219
155.54249015274	783.719970703125
158.481900352672	784.760009765625
161.420333439765	785.200012207031
164.357789873227	785.47998046875
167.294270111968	785.840026855469
170.229774614617	786.400024414063
173.164303839496	787.400024414063
176.097858244675	788.559997558594
179.030438287908	789.679992675781
181.962044426678	789.679992675781
184.89267711817	791.039978027344
187.822336819302	791.52001953125
190.751023986678	791.47998046875
193.678739076648	792.080017089844
196.605482545255	791.320007324219
199.531254848261	793.320007324219
202.456056441152	791.880004882813
205.379887779119	792.039978027344
208.30274931708	793.239990234375
211.224641509656	792.359985351563
214.145564811189	792.080017089844
217.06551967574	792.239990234375
219.984506557089	791.919982910156
222.902525908723	791.52001953125
225.819578183856	791.919982910156
228.735663835415	791.440002441406
231.650783316047	792.039978027344
234.564937078107	791.840026855469
237.478125573679	791.440002441406
240.390349254566	791.760009765625
243.301608572278	793.200012207031
246.211903978051	793.400024414063
249.121235922839	793.400024414063
252.029604857321	794.119995117188
254.93701123188	793.840026855469
257.843455496632	793.880004882813
260.748938101415	794.760009765625
263.653459495766	795.760009765625
266.557020128967	795.599975585938
269.459620450005	796.599975585938
272.361260907595	796.679992675781
275.261941950168	796.080017089844
278.161664025874	796.919982910156
281.060427582592	796.719970703125
283.958233067921	795.719970703125
286.855080929176	796.400024414063
289.750971613398	796.119995117188
292.645905567344	795.400024414063
295.539883237503	796.440002441406
298.432905070079	796.239990234375
301.324971511007	797.52001953125
304.216083005931	800.280029296875
307.10624000023	803.320007324219
309.995442939003	811.159973144531
312.883692267071	823.599975585938
315.770988428979	843.239990234375
318.657331869	857.080017089844
321.542723031127	853.400024414063
324.427162359076	839.400024414063
327.310650296293	820.200012207031
330.193187285945	809.799987792969
333.074773770929	803.159973144531
335.955410193855	800.760009765625
338.835096997075	798.039978027344
341.713834622655	796.760009765625
344.59162351239	796.559997558594
347.468464107802	795.880004882813
350.344356850137	794.400024414063
353.219302180373	794.119995117188
356.093300539208	793.679992675781
358.966352367073	794.080017089844
361.838458104123	793.080017089844
364.70961819024	793.640014648438
367.579833065031	792.359985351563
370.449103167837	792.880004882813
373.317428937727	792.760009765625
376.184810813496	793.159973144531
379.051249233659	793.159973144531
381.916744636474	792.119995117188
384.78129745992	792.799987792969
387.644908141706	792.039978027344
390.50757711927	792.440002441406
393.36930482978	792.799987792969
396.23009171014	792.760009765625
399.089938196969	792.47998046875
401.948844726631	793.239990234375
404.806811735214	792.440002441406
407.66383965853	792.52001953125
410.519928932138	792.919982910156
413.375079991314	792.119995117188
416.229293271071	792.119995117188
419.082569206155	792.280029296875
421.934908231031	792.960021972656
424.786310779917	791.799987792969
427.636777286748	792.119995117188
430.486308185189	792.719970703125
433.334903908649	792.47998046875
436.182564890262	793.359985351563
439.029291562898	792.840026855469
441.875084359157	791.960021972656
444.719943711374	792.239990234375
447.563870051618	791.679992675781
450.406863811695	792.119995117188
453.248925423132	791.400024414063
456.090055317208	792.080017089844
458.93025392492	791.640014648438
461.76952167701	792.080017089844
464.60785900395	791.440002441406
467.44526633595	791.400024414063
470.281744102955	791.880004882813
473.117292734635	790.880004882813
475.951912660415	791
478.785604309439	791.359985351563
481.618368110592	791.640014648438
484.450204492499	791.919982910156
487.281113883518	791.200012207031
490.111096711738	791.760009765625
492.940153404999	792
495.768284390864	791.640014648438
498.595490096635	791.200012207031
501.421770949366	793.159973144531
504.247127375825	791.359985351563
507.071559802537	792.200012207031
509.89506865575	792.080017089844
512.717654361473	791.640014648438
515.539317345424	791.919982910156
518.360058033083	792
521.179876849652	792.47998046875
523.998774220083	791.880004882813
526.816750569068	791.320007324219
529.633806321025	791.559997558594
532.44994190013	790.440002441406
535.265157730284	791.239990234375
538.079454235133	791.440002441406
540.892831838066	791.47998046875
543.705290962208	791.840026855469
546.516832030424	791.440002441406
549.32745546533	792.080017089844
552.137161689268	790.840026855469
554.945951124325	791.400024414063
557.753824192341	791.440002441406
560.560781314883	791.559997558594
563.36682291327	791.200012207031
566.171949408555	790.919982910156
568.976161221537	791.039978027344
571.779458772759	791.280029296875
574.5818424825	791.239990234375
577.383312770792	790.719970703125
580.183870057402	791.679992675781
582.983514761843	791.280029296875
585.782247303363	791.52001953125
588.580068100976	791.440002441406
591.376977573414	790.640014648438
594.172976139164	790.320007324219
596.968064216463	790.080017089844
599.762242223282	790.840026855469
602.555510577335	789.719970703125
605.347869696099	790.799987792969
608.139319996771	789.400024414063
610.929861896313	789.960021972656
613.719495811421	790.159973144531
616.508222158541	790.760009765625
619.296041353863	791.359985351563
622.082953813324	790.440002441406
624.868959952607	790
627.654060187137	790.400024414063
630.438254932094	790.159973144531
633.221544602397	789.880004882813
636.003929612719	790.039978027344
638.785410377468	790.960021972656
641.565987310814	790.159973144531
644.345660826665	791
647.124431338674	789.799987792969
649.902299260252	790.400024414063
652.679265004552	790.400024414063
655.455328984475	790.320007324219
658.230491612671	790.159973144531
661.004753301541	790.52001953125
663.778114463229	790.159973144531
666.550575509631	790.880004882813
669.322136852395	790.799987792969
672.092798902916	790
674.862562072336	790.159973144531
677.631426771548	790.119995117188
680.399393411204	790.559997558594
683.166462401689	789.840026855469
685.93263415315	790.320007324219
688.697909075486	790.400024414063
691.462287578337	790.080017089844
694.225770071098	790.239990234375
696.988356962926	789.039978027344
699.750048662705	789.159973144531
702.5108455791	789.880004882813
705.270748120503	789.760009765625
708.029756695068	789.599975585938
710.787871710705	789.919982910156
713.545093575065	790.960021972656
716.301422695566	791.200012207031
719.056859479364	791.039978027344
721.811404333376	790.799987792969
724.56505766427	791.47998046875
727.317819878473	790.159973144531
730.069691382148	790.47998046875
732.820672581226	790.919982910156
735.570763881396	789.919982910156
738.319965688092	790.039978027344
741.068278406496	790.159973144531
743.815702441559	790.760009765625
746.562238197974	790.280029296875
749.307886080196	790.52001953125
752.052646492436	790.960021972656
754.796519838656	790.400024414063
757.539506522567	791.440002441406
760.28160694765	790.880004882813
763.022821517128	791.200012207031
765.76315063399	791.760009765625
768.502594700972	790.119995117188
771.241154120572	790.52001953125
773.978829295045	791.119995117188
776.715620626397	792.119995117188
779.451528516396	793.159973144531
782.186553366565	792.640014648438
784.920695578179	792.039978027344
787.653955552283	791.47998046875
790.386333689662	791.679992675781
793.117830390877	790.320007324219
795.848446056227	790.840026855469
798.578181085792	790.599975585938
801.307035879389	790.52001953125
804.035010836599	790.760009765625
806.762106356774	790.359985351563
809.488322839013	790.760009765625
812.213660682169	790.919982910156
814.938120284866	790.919982910156
817.661702045482	790.440002441406
820.384406362153	790.039978027344
823.10623363278	789.320007324219
825.827184255014	790.280029296875
828.547258626283	790.960021972656
831.266457143747	790.760009765625
833.984780204358	789.880004882813
836.702228204804	791.039978027344
839.418801541552	790.599975585938
842.134500610814	790.200012207031
844.849325808575	789.52001953125
847.563277530579	790.719970703125
850.276356172319	790.799987792969
852.988562129066	791.919982910156
855.69989579585	791.039978027344
858.410357567456	790.559997558594
861.119947838428	790.280029296875
863.828667003087	789.760009765625
866.536515455503	789.359985351563
869.243493589517	789.960021972656
871.949601798728	790.080017089844
874.654840476504	789.599975585938
877.359210015961	790.400024414063
880.062710810003	789.760009765625
882.765343251273	790.599975585938
885.467107732191	790.679992675781
888.168004644938	790
890.868034381467	790.359985351563
893.567197333476	790.559997558594
896.265493892445	790
898.962924449614	789.840026855469
901.659489395985	790.320007324219
904.355189122325	789.799987792969
907.050024019165	790.359985351563
909.743994476809	790.080017089844
912.437100885322	789.919982910156
915.129343634532	789.080017089844
917.820723114032	790.280029296875
920.511239713189	790.799987792969
923.200893821127	790.039978027344
925.889685826744	790.840026855469
928.577616118699	790.799987792969
931.264685085419	790.840026855469
933.950893115098	790.799987792969
936.6362405957	790.400024414063
939.320727914956	790.719970703125
942.004355460359	791.080017089844
944.687123619173	791.280029296875
947.369032778431	791.119995117188
950.050083324934	790.400024414063
952.730275645247	789.960021972656
955.409610125711	790.679992675781
958.088087152423	791.080017089844
960.765707111263	790.719970703125
963.442470387871	790.400024414063
966.118377367657	790.400024414063
968.793428435798	790.440002441406
971.467623977254	790.599975585938
974.140964376739	790.359985351563
976.813450018737	790.320007324219
979.485081287511	789.760009765625
982.155858567087	790.840026855469
984.825782241271	790.760009765625
987.494852693624	789.799987792969
990.163070307487	790.840026855469
992.830435465978	790.440002441406
995.496948551973	791.320007324219
998.162609948122	791.559997558594
1000.82742003685	793.640014648438
1003.49137920036	793.679992675781
1006.15448782061	792.799987792969
1008.81674627934	790.960021972656
1011.47815495806	789.119995117188
1014.13871423805	790.359985351563
1016.79842450037	790.119995117188
1019.45728612586	789.559997558594
1022.11529949509	789.200012207031
1024.77246498846	789.880004882813
1027.4287829861	790.359985351563
1030.08425386792	790.280029296875
1032.73887801363	790.119995117188
1035.3926558027	789.640014648438
1038.04558761435	789.880004882813
1040.69767382761	789.840026855469
1043.34891482125	789.47998046875
1045.99931097384	790
1048.64886266371	790.159973144531
1051.29757026898	789.599975585938
1053.94543416753	789.919982910156
1056.59245473701	790.080017089844
1059.23863235486	789.880004882813
1061.8839673983	789.039978027344
1064.5284602443	789.880004882813
1067.17211126962	790.200012207031
1069.8149208508	789.039978027344
1072.45688936415	789.679992675781
1075.09801718577	790.559997558594
1077.7383046915	790.200012207031
1080.377752257	790.080017089844
1083.01636025767	790.719970703125
1085.65412906872	791.239990234375
1088.2910590651	791.039978027344
1090.92715062157	790.880004882813
1093.56240411266	791.280029296875
1096.19681991265	791.760009765625
1098.83039839564	792.080017089844
1101.46313993547	791.239990234375
1104.09504490579	790.919982910156
1106.72611368	790.239990234375
1109.35634663129	790.440002441406
1111.98574413263	788.799987792969
1114.61430655677	789.559997558594
1117.24203427624	789.440002441406
1119.86892766333	788.119995117188
1122.49498709014	789.359985351563
1125.12021292851	790.280029296875
1127.74460555011	790.320007324219
1130.36816532634	788.440002441406
1132.99089262841	788.960021972656
1135.6127878273	787.559997558594
1138.23385129376	787.719970703125
1140.85408339834	787.919982910156
1143.47348451137	787.960021972656
1146.09205500294	787.799987792969
1148.70979524293	787.359985351563
1151.326705601	787.239990234375
1153.9427864466	788.119995117188
1156.55803814896	787.760009765625
1159.17246107707	788.119995117188
1161.78605559974	788.239990234375
1164.39882208551	788.400024414063
1167.01076090276	788.239990234375
1169.6218724196	788.719970703125
1172.23215700396	789.679992675781
1174.84161502352	788.359985351563
1177.45024684578	788.359985351563
1180.05805283799	789.039978027344
1182.66503336719	788.440002441406
1185.27118880021	788.119995117188
1187.87651950367	788.159973144531
1190.48102584395	788.679992675781
1193.08470818723	788.960021972656
1195.68756689948	788.280029296875
1198.28960234643	788.760009765625
1200.89081489363	788.840026855469
1203.49120490636	789.719970703125
1206.09077274974	790.039978027344
1208.68951878864	789.919982910156
1211.28744338773	790.719970703125
1213.88454691145	790
1216.48082972404	790.840026855469
1219.07629218953	790.440002441406
1221.6709346717	791.52001953125
1224.26475753416	791.200012207031
1226.85776114028	791.320007324219
1229.44994585322	791.559997558594
1232.04131203592	791.679992675781
1234.63186005112	792.400024414063
1237.22159026133	793.039978027344
1239.81050302886	793.640014648438
1242.3985987158	794.280029296875
1244.98587768402	794.840026855469
1247.5723402952	794.080017089844
1250.15798691078	793.679992675781
1252.74281789199	793.640014648438
1255.32683359987	794.239990234375
1257.91003439523	794.320007324219
1260.49242063865	793.640014648438
1263.07399269055	793.719970703125
1265.65475091108	792.679992675781
1268.23469566021	792.119995117188
1270.81382729769	792.359985351563
1273.39214618306	792.679992675781
1275.96965267566	792.559997558594
1278.54634713458	791.719970703125
1281.12222991875	792.080017089844
1283.69730138685	792.320007324219
1286.27156189737	791.880004882813
1288.84501180858	792.559997558594
1291.41765147853	792.400024414063
1293.98948126509	793.47998046875
1296.56050152589	794.039978027344
1299.13071261837	792.559997558594
1301.70011489973	793.47998046875
1304.268708727	793.400024414063
1306.83649445698	793.400024414063
1309.40347244625	793.320007324219
1311.96964305119	794.359985351563
1314.53500662799	795.239990234375
1317.0995635326	795
1319.66331412077	793.440002441406
1322.22625874806	793.320007324219
1324.7883977698	793.719970703125
1327.34973154112	793.919982910156
1329.91026041694	792.159973144531
1332.46998475197	792.359985351563
1335.0289049007	793.400024414063
1337.58702121746	793.52001953125
1340.14433405631	794.119995117188
1342.70084377115	792.880004882813
1345.25655071563	792.280029296875
1347.81145524323	792.080017089844
1350.36555770721	791.080017089844
1352.91885846062	790.599975585938
1355.47135785631	790.359985351563
1358.02305624691	789.960021972656
1360.57395398486	789.440002441406
1363.12405142237	790
1365.67334891148	790.159973144531
1368.22184680399	788.799987792969
1370.76954545151	789.640014648438
1373.31644520545	789.119995117188
1375.86254641699	789.200012207031
1378.40784943713	789.719970703125
1380.95235461666	788.960021972656
1383.49606230615	789.039978027344
1386.03897285598	789.840026855469
1388.58108661632	790
1391.12240393713	789.359985351563
1393.66292516818	788.919982910156
1396.20265065903	789.159973144531
1398.74158075901	789.359985351563
1401.2797158173	788.880004882813
1403.81705618282	789.599975585938
1406.35360220431	790.119995117188
1408.88935423032	789.159973144531
1411.42431260919	788.159973144531
1413.95847768903	788.960021972656
1416.49184981777	789.400024414063
1419.02442934314	788.719970703125
1421.55621661266	789.719970703125
1424.08721197364	789.760009765625
1426.61741577321	789
1429.14682835828	789.440002441406
1431.67545007555	790.200012207031
1434.20328127153	790.719970703125
1436.73032229253	792.280029296875
1439.25657348466	792.320007324219
1441.78203519381	792.359985351563
1444.3067077657	793.280029296875
1446.83059154581	794.039978027344
1449.35368687944	794.200012207031
1451.8759941117	793.280029296875
1454.39751358748	794
1456.91824565148	793.640014648438
1459.43819064818	793.080017089844
1461.95734892189	792.880004882813
1464.4757208167	791.159973144531
1466.99330667649	792.280029296875
1469.51010684497	791.159973144531
1472.02612166564	789.719970703125
1474.54135148177	790.039978027344
1477.05579663646	789.840026855469
1479.56945747262	789.760009765625
1482.08233433293	789.320007324219
1484.59442755989	789.760009765625
1487.10573749579	789
1489.61626448275	788.359985351563
1492.12600886264	787.679992675781
1494.63497097718	786.919982910156
1497.14315116786	786.640014648438
1499.65054977599	786.52001953125
1502.15716714267	785.400024414063
1504.66300360881	786.359985351563
1507.16805951512	786.52001953125
1509.67233520211	786.640014648438
1512.1758310101	786.200012207031
1514.67854727919	785.400024414063
1517.18048434931	785.760009765625
1519.68164256018	785.679992675781
1522.18202225132	785.400024414063
1524.68162376207	785.719970703125
1527.18044743155	784.719970703125
1529.67849359869	785.679992675781
1532.17576260224	786.200012207031
1534.67225478072	785.239990234375
1537.1679704725	785.159973144531
1539.66291001572	785.919982910156
1542.15707374832	785.440002441406
1544.65046200807	786.47998046875
1547.14307513254	786.320007324219
1549.63491345907	786.559997558594
1552.12597732485	786.440002441406
1554.61626706685	786.840026855469
1557.10578302185	787.280029296875
1559.59452552644	787.640014648438
1562.082494917	787.400024414063
1564.56969152973	788.159973144531
1567.05611570064	788.559997558594
1569.54176776552	788.799987792969
1572.02664806	788.919982910156
1574.51075691949	788.880004882813
1576.99409467921	789.440002441406
1579.4766616742	788.960021972656
1581.95845823929	789.119995117188
1584.43948470912	789.239990234375
1586.91974141815	789.760009765625
1589.39922870064	788.840026855469
1591.87794689064	788.080017089844
1594.35589632202	788.320007324219
1596.83307732848	788.320007324219
1599.30949024348	788.239990234375
1601.78513540033	789.840026855469
1604.26001313211	789.760009765625
1606.73412377175	789.760009765625
1609.20746765196	790.080017089844
1611.68004510526	790.239990234375
1614.15185646398	790.039978027344
1616.62290206026	790.280029296875
1619.09318222605	790.559997558594
1621.56269729311	790.080017089844
1624.031447593	789.760009765625
1626.4994334571	790.080017089844
1628.9666552166	789.599975585938
1631.43311320248	790.080017089844
1633.89880774554	790.880004882813
1636.3637391764	791.200012207031
1638.82790782548	791.159973144531
1641.29131402301	792.719970703125
1643.75395809903	792.799987792969
1646.21584038339	792.320007324219
1648.67696120575	793.320007324219
1651.13732089558	793.679992675781
1653.59691978216	794.359985351563
1656.05575819459	794.080017089844
1658.51383646175	793.47998046875
1660.97115491238	794.919982910156
1663.42771387498	794
1665.8835136779	794.119995117188
1668.33855464928	792.52001953125
1670.79283711708	792.400024414063
1673.24636140907	793.280029296875
1675.69912785282	792
1678.15113677572	792.359985351563
1680.602388505	790.559997558594
1683.05288336764	790.52001953125
1685.50262169049	789.239990234375
1687.95160380019	788.840026855469
1690.39983002318	787.840026855469
1692.84730068573	787.440002441406
1695.29401611392	787.440002441406
1697.73997663364	787.760009765625
1700.18518257059	786.039978027344
1702.6296342503	785.47998046875
1705.07333199807	784.760009765625
1707.51627613907	784.840026855469
1709.95846699824	785
1712.39990490036	784.799987792969
1714.84059017001	784.679992675781
1717.28052313159	785
1719.7197041093	784.599975585938
1722.15813342718	783.840026855469
1724.59581140906	783.640014648438
1727.03273837859	783.880004882813
1729.46891465926	783.280029296875
1731.90434057432	784.039978027344
1734.3390164469	783.840026855469
1736.7729425999	783.760009765625
1739.20611935604	783.47998046875
1741.63854703787	783.52001953125
1744.07022596776	783.239990234375
1746.50115646787	783.47998046875
1748.93133886019	783.320007324219
1751.36077346652	783.119995117188
1753.7894606085	782.679992675781
1756.21740060755	782.960021972656
1758.64459378494	782.760009765625
1761.07104046172	783.200012207031
1763.49674095879	782.960021972656
1765.92169559684	782.799987792969
1768.3459046964	782.440002441406
1770.7693685778	782.47998046875
1773.1920875612	782.159973144531
1775.61406196656	782.840026855469
1778.03529211367	782.159973144531
1780.45577832214	782.52001953125
1782.87552091138	782.440002441406
1785.29452020064	782.200012207031
1787.71277650897	783
1790.13029015525	782.52001953125
1792.54706145817	782.200012207031
1794.96309073625	782.679992675781
1797.3783783078	782.440002441406
1799.79292449097	782.52001953125
1802.20672960375	782.440002441406
1804.61979396389	782.679992675781
1807.03211788902	782.679992675781
1809.44370169655	782.599975585938
1811.85454570373	782.239990234375
1814.2646502276	782.200012207031
1816.67401558506	782.320007324219
1819.0826420928	782.280029296875
1821.49053006734	782.440002441406
1823.89767982501	781.880004882813
1826.30409168198	782.200012207031
1828.70976595422	782.080017089844
1831.11470295753	782.640014648438
1833.51890300752	782.359985351563
1835.92236641964	782.440002441406
1838.32509350914	782.320007324219
1840.72708459111	781.880004882813
1843.12833998044	782
1845.52885999184	781.679992675781
1847.92864493987	782.400024414063
1850.32769513889	782.039978027344
1852.72601090307	782.280029296875
1855.12359254642	782.280029296875
1857.52044038278	782.52001953125
1859.91655472578	782.200012207031
1862.31193588889	781.840026855469
1864.70658418542	781.880004882813
1867.10049992847	782.119995117188
1869.49368343096	782.400024414063
1871.88613500568	782.440002441406
1874.27785496518	782.280029296875
1876.66884362188	781.799987792969
1879.059101288	782.359985351563
1881.44862827559	782.239990234375
1883.8374248965	782.159973144531
1886.22549146246	782.200012207031
1888.61282828495	782
1890.99943567534	782.200012207031
1893.38531394477	782.039978027344
1895.77046340424	782.440002441406
1898.15488436455	782
1900.53857713634	782.119995117188
1902.92154203006	782.679992675781
1905.303779356	782.200012207031
1907.68528942426	781.760009765625
1910.06607254477	782.280029296875
1912.44612902729	781.919982910156
1914.82545918139	782.359985351563
1917.20406331648	781.640014648438
1919.58194174178	781.919982910156
1921.95909476634	782.200012207031
1924.33552269905	781.960021972656
1926.71122584861	782.400024414063
1929.08620452353	782.159973144531
1931.46045903219	782.320007324219
1933.83398968275	781.960021972656
1936.20679678322	782.239990234375
1938.57888064142	782.359985351563
1940.95024156502	782.440002441406
1943.3208798615	782.599975585938
1945.69079583816	782.119995117188
1948.05998980213	782.119995117188
1950.42846206038	782.52001953125
1952.79621291969	782.400024414063
1955.16324268668	782.599975585938
1957.52955166778	782.039978027344
1959.89514016927	782.760009765625
1962.26000849723	782.320007324219
1964.62415695759	782.200012207031
1966.98758585609	782.599975585938
1969.3502954983	782.080017089844
1971.71228618964	782.200012207031
1974.07355823532	782.760009765625
1976.43411194042	782.320007324219
1978.79394760981	781.840026855469
1981.1530655482	782.280029296875
1983.51146606014	782.559997558594
1985.86914944999	782.280029296875
1988.22611602196	782.239990234375
1990.58236608007	782.919982910156
1992.93789992817	781.799987792969
1995.29271786995	782.52001953125
1997.64682020892	782.359985351563
2000.00020724843	782.400024414063
2002.35287929162	782.799987792969
2004.70483664152	783.159973144531
2007.05607960095	782.719970703125
2009.40660847256	782.359985351563
2011.75642355884	782.320007324219
2014.1055251621	782.400024414063
2016.4539135845	782.440002441406
2018.80158912802	782.559997558594
2021.14855209444	782.280029296875
2023.49480278542	782.960021972656
2025.84034150242	782.840026855469
2028.18516854673	782.200012207031
2030.52928421948	782.47998046875
2032.87268882163	782.679992675781
2035.21538265398	782.47998046875
2037.55736601713	782.840026855469
2039.89863921153	782.400024414063
2042.23920253747	782.400024414063
2044.57905629506	782.719970703125
2046.91820078425	782.280029296875
2049.2566363048	782.840026855469
2051.59436315633	782.599975585938
2053.93138163827	782.280029296875
2056.2676920499	782.52001953125
2058.6032946903	783.039978027344
2060.93818985843	782.52001953125
2063.27237785303	783.039978027344
2065.60585897272	782.599975585938
2067.93863351592	782.799987792969
2070.27070178089	782.599975585938
2072.60206406574	782.760009765625
2074.93272066838	782.640014648438
2077.26267188658	783.359985351563
2079.59191801793	782.760009765625
2081.92045935985	783.159973144531
2084.24829620962	782.799987792969
2086.57542886431	783.47998046875
2088.90185762087	782.679992675781
2091.22758277604	783.239990234375
2093.55260462643	782.760009765625
2095.87692346845	783
2098.20053959837	783
2100.52345331229	782.440002441406
2102.84566490614	782.880004882813
2105.16717467567	783.039978027344
2107.48798291649	782.52001953125
2109.80808992403	783.039978027344
2112.12749599355	782.760009765625
2114.44620142016	782.719970703125
2116.7642064988	782.760009765625
2119.08151152423	782.760009765625
2121.39811679106	782.799987792969
2123.71402259374	782.47998046875
2126.02922922653	782.52001953125
2128.34373698356	782.559997558594
2130.65754615876	782.47998046875
2132.97065704594	782.919982910156
2135.28306993869	783.080017089844
2137.59478513047	783.47998046875
2139.90580291459	783.119995117188
2142.21612358416	783.280029296875
2144.52574743214	782.320007324219
2146.83467475134	783.080017089844
2149.1429058344	783.280029296875
2151.45044097377	783.239990234375
2153.75728046178	782.679992675781
2156.06342459057	782.840026855469
2158.36887365212	783.440002441406
2160.67362793825	782.880004882813
2162.97768774061	783.200012207031
2165.28105335071	782.719970703125
2167.58372505987	782.47998046875
2169.88570315926	782.719970703125
2172.18698793988	782
2174.48757969258	782.760009765625
2176.78747870805	783.159973144531
2179.08668527679	782.640014648438
2181.38519968917	782.239990234375
2183.68302223538	782.679992675781
2185.98015320547	782.760009765625
2188.27659288929	782.960021972656
2190.57234157656	782.640014648438
2192.86739955682	782.719970703125
2195.16176711948	782.840026855469
2197.45544455375	782.719970703125
2199.74843214869	782.679992675781
2202.04073019322	782.239990234375
2204.33233897607	783.119995117188
2206.62325878583	782.359985351563
2208.91348991093	782.320007324219
2211.20303263961	782.400024414063
2213.49188726	782.400024414063
2215.78005406001	782.760009765625
2218.06753332744	782.760009765625
2220.35432534991	782.400024414063
2222.64043041487	782.719970703125
2224.92584880964	783
2227.21058082134	782.760009765625
2229.49462673696	782.359985351563
2231.77798684332	782.400024414063
2234.06066142709	782.760009765625
2236.34265077477	782.960021972656
2238.62395517269	782.200012207031
2240.90457490706	781.799987792969
2243.18451026388	782.200012207031
2245.46376152904	782.52001953125
2247.74232898823	782.080017089844
2250.02021292701	782.159973144531
2252.29741363077	781.840026855469
2254.57393138475	782.080017089844
2256.849766474	781.880004882813
2259.12491918346	782.679992675781
2261.39938979788	782.52001953125
2263.67317860185	782.200012207031
2265.94628587983	782.599975585938
2268.2187119161	782.640014648438
2270.49045699478	782.239990234375
2272.76152139985	782.599975585938
2275.03190541511	782.52001953125
2277.30160932421	782.559997558594
2279.57063341067	782.52001953125
2281.83897795781	782.280029296875
2284.10664324882	782.080017089844
2286.37362956672	782.280029296875
2288.63993719439	782.080017089844
2290.90556641454	782.47998046875
2293.17051750973	781.919982910156
2295.43479076235	781.880004882813
2297.69838645465	782.47998046875
2299.96130486871	782.640014648438
2302.22354628647	781.559997558594
2304.48511098971	782.239990234375
2306.74599926003	782.080017089844
2309.00621137891	782.47998046875
2311.26574762765	781.919982910156
2313.52460828741	781.559997558594
2315.78279363917	781.640014648438
2318.04030396379	782.559997558594
2320.29713954195	782.080017089844
2322.55330065418	782.280029296875
2324.80878758085	782.159973144531
2327.06360060219	781.960021972656
2329.31773999826	781.760009765625
2331.57120604897	782.039978027344
2333.82399903409	782.52001953125
2336.0761192332	782.080017089844
2338.32756692577	782.080017089844
2340.57834239108	781.719970703125
2342.82844590827	781.719970703125
2345.07787775633	782.039978027344
2347.32663821409	781.919982910156
2349.57472756023	781.159973144531
2351.82214607327	781.960021972656
2354.06889403158	782.52001953125
2356.31497171337	782.200012207031
2358.56037939672	782
2360.80511735953	782
2363.04918587955	781.840026855469
2365.29258523439	782.200012207031
2367.5353157015	781.599975585938
2369.77737755817	782.119995117188
2372.01877108156	782.119995117188
2374.25949654865	781.919982910156
2376.49955423629	781.840026855469
2378.73894442115	782.440002441406
2380.97766737977	782.039978027344
2383.21572338855	781.760009765625
2385.45311272369	782
2387.68983566129	781.919982910156
2389.92589247727	782.119995117188
2392.1612834474	781.960021972656
2394.39600884731	782.440002441406
2396.63006895246	781.679992675781
2398.86346403818	782.47998046875
2401.09619437962	781.799987792969
2403.32826025182	782.119995117188
2405.55966192963	782.159973144531
2407.79039968777	781.960021972656
2410.0204738008	782.039978027344
2412.24988454313	781.919982910156
2414.47863218902	782.039978027344
2416.70671701258	781.679992675781
2418.93413928778	781.719970703125
2421.16089928842	781.719970703125
2423.38699728817	781.719970703125
2425.61243356052	782.039978027344
2427.83720837884	781.960021972656
2430.06132201633	782.039978027344
2432.28477474606	781.799987792969
2434.50756684093	781.679992675781
2436.72969857371	781.919982910156
2438.95117021699	781.679992675781
2441.17198204325	782.080017089844
2443.39213432478	781.760009765625
2445.61162733376	781.52001953125
2447.83046134218	782.400024414063
2450.04863662192	781.719970703125
2452.26615344468	782.080017089844
2454.48301208203	782.280029296875
2456.69921280539	782.080017089844
2458.91475588602	782.200012207031
2461.12964159504	782.359985351563
2463.34387020342	781.880004882813
2465.55744198198	782.080017089844
2467.77035720139	781.47998046875
2469.98261613217	782
2472.1942190447	782.159973144531
2474.40516620922	781.679992675781
2476.6154578958	781.919982910156
2478.82509437436	781.919982910156
2481.03407591471	782.400024414063
2483.24240278646	781.880004882813
2485.45007525911	781.679992675781
2487.65709360202	781.679992675781
2489.86345808435	781.640014648438
2492.06916897518	781.400024414063
2494.27422654339	781.799987792969
2496.47863105774	781.760009765625
2498.68238278683	781.679992675781
2500.88548199912	781.440002441406
2503.08792896294	782.400024414063
2505.28972394643	782.200012207031
2507.49086721763	781.719970703125
2509.6913590444	781.52001953125
2511.89119969447	781.440002441406
2514.09038943543	782.159973144531
2516.2889285347	781.52001953125
2518.48681725957	781.960021972656
2520.6840558772	781.880004882813
2522.88064465456	781.679992675781
2525.07658385852	781.679992675781
2527.27187375578	781.799987792969
2529.4665146129	781.719970703125
2531.66050669629	781.919982910156
2533.85385027222	781.760009765625
2536.04654560681	781.599975585938
2538.23859296605	782.039978027344
2540.42999261577	782.159973144531
2542.62074482166	782.080017089844
2544.81084984925	782.119995117188
2547.00030796395	781.679992675781
2549.18911943101	781.599975585938
2551.37728451555	782.440002441406
2553.56480348252	782.599975585938
2555.75167659675	781.960021972656
2557.93790412292	781.52001953125
2560.12348632556	781.880004882813
2562.30842346905	782.080017089844
2564.49271581764	781.960021972656
2566.67636363544	782.320007324219
2568.85936718639	781.799987792969
2571.04172673431	782
2573.22344254288	782
2575.40451487562	782.400024414063
2577.58494399591	781.400024414063
2579.76473016699	781.719970703125
2581.94387365196	781.880004882813
2584.12237471377	781.679992675781
2586.30023361523	781.640014648438
2588.47745061901	781.52001953125
2590.65402598763	781.760009765625
2592.82995998348	782.239990234375
2595.0052528688	782.359985351563
2597.17990490568	782.919982910156
2599.35391635608	781.880004882813
2601.52728748181	781.880004882813
2603.70001854454	781.960021972656
2605.8721098058	781.880004882813
2608.04356152698	782.039978027344
2610.21437396931	781.960021972656
2612.3845473939	782.320007324219
2614.55408206173	781.679992675781
2616.72297823359	782.239990234375
2618.89123617017	782.280029296875
2621.058856132	781.919982910156
2623.22583837949	781.320007324219
2625.39218317288	782.359985351563
2627.55789077229	782.640014648438
2629.72296143769	781.679992675781
2631.88739542891	782.400024414063
2634.05119300563	782
2636.21435442742	782.400024414063
2638.37687995367	781.640014648438
2640.53876984365	782.440002441406
2642.70002435649	782.320007324219
2644.86064375119	782.52001953125
2647.02062828658	781.919982910156
2649.17997822137	782.200012207031
2651.33869381413	781.919982910156
2653.49677532328	782.640014648438
2655.65422300711	782.200012207031
2657.81103712378	782.320007324219
2659.96721793127	782.359985351563
2662.12276568747	782
2664.2776806501	782.52001953125
2666.43196307675	782.400024414063
2668.58561322486	782.239990234375
2670.73863135176	782.47998046875
2672.8910177146	782.359985351563
2675.04277257043	782.159973144531
2677.19389617612	782.200012207031
2679.34438878845	782.719970703125
2681.49425066402	782.919982910156
2683.64348205931	782.239990234375
2685.79208323065	782.440002441406
2687.94005443425	782.679992675781
2690.08739592617	782.559997558594
2692.23410796233	782.599975585938
2694.38019079852	782.280029296875
2696.52564469038	782.159973144531
2698.67046989342	783.080017089844
2700.81466666302	783.159973144531
2702.9582352544	783.039978027344
2705.10117592265	782.52001953125
2707.24348892275	782.840026855469
2709.3851745095	783.52001953125
2711.5262329376	783.080017089844
2713.66666446158	782.919982910156
2715.80646933585	782.840026855469
2717.94564781468	782.799987792969
2720.08420015222	782.960021972656
2722.22212660245	783.440002441406
2724.35942741923	782.840026855469
2726.49610285628	783.359985351563
2728.63215316721	783.080017089844
2730.76757860544	783.400024414063
2732.9023794243	783.280029296875
2735.03655587697	783.200012207031
2737.17010821648	783.599975585938
2739.30303669573	782.840026855469
2741.4353415675	783.320007324219
2743.56702308442	783.359985351563
2745.69808149898	782.799987792969
2747.82851706355	783.159973144531
2749.95833003034	783.559997558594
2752.08752065145	782.919982910156
2754.21608917883	782.840026855469
2756.3440358643	782.960021972656
2758.47136095954	783.320007324219
2760.59806471609	783.799987792969
2762.72414738537	783.159973144531
2764.84960921865	783.400024414063
2766.97445046708	783.359985351563
2769.09867138166	783.359985351563
2771.22227221326	783.039978027344
2773.34525321263	783
2775.46761463035	783.280029296875
2777.58935671691	783.47998046875
2779.71047972262	783.080017089844
2781.83098389771	783.080017089844
2783.95086949221	782.960021972656
2786.07013675607	783.039978027344
2788.18878593908	783.200012207031
2790.3068172909	783.280029296875
2792.42423106106	783.239990234375
2794.54102749895	782.719970703125
2796.65720685384	782.960021972656
2798.77276937486	783
2800.88771531098	783.679992675781
2803.00204491107	783.200012207031
2805.11575842387	783.799987792969
2807.22885609796	783.52001953125
2809.34133818179	783.559997558594
2811.4532049237	783.599975585938
2813.56445657189	783.640014648438
2815.6750933744	783.239990234375
2817.78511557916	784.400024414063
2819.89452343398	783.919982910156
2822.00331718652	784.280029296875
2824.11149708429	784.47998046875
2826.2190633747	784.239990234375
2828.32601630502	784.799987792969
2830.43235612237	784.679992675781
2832.53808307375	785.159973144531
2834.64319740603	785.679992675781
2836.74769936595	786.080017089844
2838.85158920011	787.239990234375
2840.95486715497	786.52001953125
2843.05753347689	787.840026855469
2845.15958841206	787.760009765625
2847.26103220657	789.559997558594
2849.36186510636	790.080017089844
2851.46208735724	790.200012207031
2853.56169920488	790.080017089844
2855.66070089485	791.200012207031
2857.75909267257	792
2859.85687478332	792.599975585938
2861.95404747225	794.159973144531
2864.05061098439	795.280029296875
2866.14656556464	795.599975585938
2868.24191145777	795.919982910156
2870.3366489084	795.640014648438
2872.43077816104	797.359985351563
2874.52429946006	799.280029296875
2876.61721304971	798.880004882813
2878.70951917409	798.280029296875
2880.8012180772	798.039978027344
2882.89231000287	798.599975585938
2884.98279519483	798.799987792969
2887.07267389667	798.400024414063
2889.16194635186	800.039978027344
2891.25061280373	800.039978027344
2893.33867349546	799.52001953125
2895.42612867015	801
2897.51297857074	801.840026855469
2899.59922344003	799.359985351563
2901.68486352071	801.200012207031
2903.76989905533	802.440002441406
2905.85433028632	805.039978027344
2907.93815745598	805.47998046875
2910.02138080648	804.679992675781
2912.10400057985	806.200012207031
2914.186017018	805.760009765625
2916.26743036271	807.52001953125
2918.34824085563	807.080017089844
2920.4284487383	808.599975585938
2922.5080542521	809.280029296875
2924.58705763829	810.760009765625
2926.66545913802	811
2928.74325899231	810.47998046875
2930.82045744202	811.799987792969
2932.89705472792	810.760009765625
2934.97305109062	812.320007324219
2937.04844677063	813.400024414063
2939.12324200832	811
2941.19743704393	811.599975585938
2943.27103211757	811.640014648438
2945.34402746923	808.840026855469
2947.41642333876	807.080017089844
2949.48821996592	806.47998046875
2951.55941759028	805.960021972656
2953.63001645135	806.200012207031
2955.70001678845	805.47998046875
2957.76941884083	804.599975585938
2959.83822284757	804.880004882813
2961.90642904764	804.960021972656
2963.97403767988	804.960021972656
2966.04104898302	802.880004882813
2968.10746319565	803.719970703125
2970.17328055621	801.599975585938
2972.23850130305	801.080017089844
2974.30312567438	800.719970703125
2976.36715390829	800.960021972656
2978.43058624273	802.960021972656
2980.49342291553	800.47998046875
2982.55566416439	800.320007324219
2984.61731022691	800.200012207031
2986.67836134051	800.080017089844
2988.73881774255	799.960021972656
2990.79867967021	797.840026855469
2992.85794736058	797.679992675781
2994.9166210506	797.719970703125
2996.97470097711	795.799987792969
2999.03218737679	796.679992675781
3001.08908048622	794.919982910156
3003.14538054186	795.440002441406
3005.20108778002	796.52001953125
3007.25620243691	795.640014648438
3009.3107247486	794.47998046875
3011.36465495104	795.320007324219
3013.41799328004	794.640014648438
3015.47073997133	794.960021972656
3017.52289526045	795.119995117188
3019.57445938288	794.719970703125
3021.62543257393	795.119995117188
3023.6758150688	795.640014648438
3025.72560710258	795
3027.77480891021	794.960021972656
3029.82342072652	794.440002441406
3031.87144278622	795.599975585938
3033.91887532389	795.840026855469
3035.96571857399	795.159973144531
3038.01197277084	795.919982910156
3040.05763814867	795.760009765625
3042.10271494154	795.640014648438
3044.14720338344	796.159973144531
3046.19110370818	797.200012207031
3048.2344161495	796.919982910156
3050.27714094097	796.840026855469
3052.31927831608	797.799987792969
3054.36082850816	799.559997558594
3056.40179175044	799.47998046875
3058.44216827602	799.159973144531
3060.48195831786	800.320007324219
3062.52116210884	799.159973144531
3064.55977988167	799.359985351563
3066.59781186897	799.640014648438
3068.63525830322	801.119995117188
3070.67211941678	800.960021972656
3072.7083954419	801.440002441406
3074.7440866107	800.400024414063
3076.77919315516	801.080017089844
3078.81371530716	800.840026855469
3080.84765329846	802.559997558594
3082.88100736068	802.039978027344
3084.91377772534	801.719970703125
3086.94596462381	802.239990234375
3088.97756828737	803.559997558594
3091.00858894714	804
3093.03902683417	802.200012207031
3095.06888217933	803.359985351563
3097.09815521342	804.52001953125
3099.12684616709	805.400024414063
3101.15495527087	806.159973144531
3103.18248275518	805
3105.20942885031	806.760009765625
3107.23579378642	807.880004882813
3109.26157779358	806.440002441406
3111.28678110171	809.400024414063
3113.31140394062	808.359985351563
3115.33544654	807.440002441406
3117.35890912942	808.52001953125
3119.38179193832	810.47998046875
3121.40409519602	811.559997558594
3123.42581913174	811.320007324219
3125.44696397457	810.799987792969
3127.46752995345	812.359985351563
3129.48751729725	813.280029296875
3131.50692623469	813.760009765625
3133.52575699436	812.719970703125
3135.54400980476	815.080017089844
3137.56168489425	815.679992675781
3139.57878249108	815.599975585938
3141.59530282337	817.080017089844
3143.61124611913	815.440002441406
3145.62661260624	816.320007324219
3147.64140251247	816.719970703125
3149.65561606547	816.359985351563
3151.66925349277	816.840026855469
3153.68231502177	818.719970703125
3155.69480087977	820.039978027344
3157.70671129394	823.039978027344
3159.71804649132	824.159973144531
3161.72880669886	821.599975585938
3163.73899214336	820.200012207031
3165.74860305152	822.039978027344
3167.75763964991	823.119995117188
3169.766102165	824.880004882813
3171.77399082313	828
3173.7813058505	825.039978027344
3175.78804747323	824.039978027344
3177.79421591731	823.960021972656
3179.79981140859	826.080017089844
3181.80483417282	825.640014648438
3183.80928443564	828.239990234375
3185.81316242255	829.640014648438
3187.81646835896	827.280029296875
3189.81920247013	828.119995117188
3191.82136498122	832.840026855469
3193.82295611727	831.919982910156
3195.82397610321	833.47998046875
3197.82442516385	832.760009765625
3199.82430352386	831.719970703125
3201.82361140782	832.559997558594
3203.82234904018	835.640014648438
3205.82051664529	833.039978027344
3207.81811444735	832.440002441406
3209.81514267047	833.559997558594
3211.81160153863	833.039978027344
3213.80749127571	832.359985351563
3215.80281210545	832.159973144531
3217.79756425148	834.960021972656
3219.79174793733	834.719970703125
3221.7853633864	832.599975585938
3223.77841082196	835.119995117188
3225.77089046719	836.919982910156
3227.76280254513	840.320007324219
3229.75414727873	837.559997558594
3231.74492489081	838.799987792969
3233.73513560406	839.280029296875
3235.72477964107	839.52001953125
3237.71385722431	837.400024414063
3239.70236857614	837.599975585938
3241.6903139188	837.200012207031
3243.6776934744	836.880004882813
3245.66450746496	836.320007324219
3247.65075611237	835.200012207031
3249.63643963841	834.760009765625
3251.62155826472	836.159973144531
3253.60611221287	837.840026855469
3255.59010170428	838.679992675781
3257.57352696026	840.440002441406
3259.55638820202	840.599975585938
3261.53868565064	840
3263.52041952708	844.119995117188
3265.50159005221	840.960021972656
3267.48219744676	835.840026855469
3269.46224193136	836.760009765625
3271.44172372651	839.640014648438
3273.42064305262	838.400024414063
3275.39900012996	839.599975585938
3277.3767951787	836.440002441406
3279.35402841889	836.359985351563
3281.33070007047	839.080017089844
3283.30681035326	840.039978027344
3285.28235948698	839.880004882813
3287.25734769121	838.559997558594
3289.23177518544	841.640014648438
3291.20564218903	840.559997558594
3293.17894892124	839.119995117188
3295.1516956012	838.919982910156
3297.12388244795	835.719970703125
3299.09550968039	837.119995117188
3301.06657751732	838.760009765625
3303.03708617743	839.880004882813
3305.00703587929	842.599975585938
3306.97642684135	841.559997558594
3308.94525928196	836.280029296875
3310.91353341935	837.359985351563
3312.88124947164	838.080017089844
3314.84840765683	836.880004882813
3316.81500819282	837.119995117188
3318.78105129738	837.200012207031
3320.74653718818	835.799987792969
3322.71146608278	835.080017089844
3324.67583819861	837.919982910156
3326.639653753	838.200012207031
3328.60291296317	839.880004882813
3330.56561604621	841.760009765625
3332.52776321913	841.840026855469
3334.4893546988	838.719970703125
3336.45039070198	838.679992675781
3338.41087144533	835.880004882813
3340.37079714539	835.679992675781
3342.33016801859	832.280029296875
3344.28898428124	834.840026855469
3346.24724614955	839.960021972656
3348.20495383962	837.039978027344
3350.16210756742	835.200012207031
3352.11870754883	834.719970703125
3354.07475399961	834.880004882813
3356.03024713539	836.599975585938
3357.98518717173	836.880004882813
3359.93957432403	840.200012207031
3361.89340880761	838.679992675781
3363.84669083768	837.080017089844
3365.79942062933	836.320007324219
3367.75159839753	836.159973144531
3369.70322435715	839.119995117188
3371.65429872295	838.919982910156
3373.60482170957	842
3375.55479353155	841.840026855469
3377.50421440332	838.960021972656
3379.45308453918	837.679992675781
3381.40140415335	837.080017089844
3383.34917345991	839.280029296875
3385.29639267284	839.400024414063
3387.24306200602	835.640014648438
3389.18918167321	838.400024414063
3391.13475188806	839.719970703125
3393.07977286411	841.840026855469
3395.02424481479	844.679992675781
3396.96816795342	843.559997558594
3398.91154249322	842.52001953125
3400.85436864728	840.440002441406
3402.79664662859	840
3404.73837665004	839.400024414063
3406.67955892439	838.039978027344
3408.62019366432	838.359985351563
3410.56028108236	840.359985351563
3412.49982139096	842.719970703125
3414.43881480247	842.599975585938
3416.37726152909	844.320007324219
3418.31516178295	840.919982910156
3420.25251577605	840.280029296875
3422.18932372029	839.880004882813
3424.12558582746	840.880004882813
3426.06130230922	842
3427.99647337717	842.119995117188
3429.93109924274	839.039978027344
3431.8651801173	837.200012207031
3433.79871621209	838.440002441406
3435.73170773824	838.640014648438
3437.66415490678	840.039978027344
3439.59605792862	836.359985351563
3441.52741701458	836.200012207031
3443.45823237536	836.559997558594
3445.38850422154	836.119995117188
3447.31823276362	838.119995117188
3449.24741821196	840.119995117188
3451.17606077684	838.280029296875
3453.10416066842	838.159973144531
3455.03171809674	837.919982910156
3456.95873327175	835.440002441406
3458.88520640329	835.280029296875
3460.81113770109	834.400024414063
3462.73652737477	834.080017089844
3464.66137563383	832.159973144531
3466.58568268769	834.359985351563
3468.50944874565	831.799987792969
3470.43267401689	830.640014648438
3472.3553587105	831.599975585938
3474.27750303545	828.640014648438
3476.19910720062	827.400024414063
3478.12017141476	832.159973144531
3480.04069588654	834.880004882813
3481.9606808245	832.559997558594
3483.88012643707	832.080017089844
3485.79903293259	828.080017089844
3487.7174005193	825.400024414063
3489.63522940532	823.799987792969
3491.55251979864	823.280029296875
3493.46927190719	824.239990234375
3495.38548593877	822.880004882813
3497.30116210107	823.200012207031
3499.21630060167	824.640014648438
3501.13090164807	822.080017089844
3503.04496544763	821.919982910156
3504.95849220763	821.960021972656
3506.87148213523	823.599975585938
3508.78393543748	822.239990234375
3510.69585232134	820.559997558594
3512.60723299365	821.359985351563
3514.51807766116	820.880004882813
3516.42838653049	821.559997558594
3518.33815980819	817.880004882813
3520.24739770066	816.119995117188
3522.15610041423	816.119995117188
3524.06426815511	816.080017089844
3525.9719011294	818.960021972656
3527.87899954311	819.080017089844
3529.78556360213	818.760009765625
3531.69159351225	817.679992675781
3533.59708947916	816.159973144531
3535.50205170844	816.239990234375
3537.40648040556	814.039978027344
3539.3103757759	811.200012207031
3541.21373802472	809.47998046875
3543.11656735717	808.239990234375
3545.01886397833	808.919982910156
3546.92062809313	810.599975585938
3548.82185990643	811.52001953125
3550.72255962297	809.760009765625
3552.62272744738	811.840026855469
3554.5223635842	807.880004882813
3556.42146823786	807.559997558594
3558.32004161268	807
3560.21808391289	806.679992675781
3562.11559534259	806.919982910156
3564.01257610581	805.559997558594
3565.90902640645	806.840026855469
3567.80494644831	807
3569.7003364351	805.640014648438
3571.59519657042	805.799987792969
3573.48952705774	803.440002441406
3575.38332810048	804.159973144531
3577.27659990191	805.599975585938
3579.16934266521	804.760009765625
3581.06155659346	804.119995117188
3582.95324188965	804.47998046875
3584.84439875663	804.440002441406
3586.73502739718	801.200012207031
3588.62512801397	802.52001953125
3590.51470080955	802.760009765625
3592.40374598639	801.960021972656
3594.29226374685	800.840026855469
3596.18025429317	801.359985351563
3598.06771782751	799.599975585938
3599.95465455192	799.080017089844
3601.84106466834	800.119995117188
3603.72694837861	799.840026855469
3605.61230588447	800.359985351563
3607.49713738756	799.159973144531
3609.38144308942	799.359985351563
3611.26522319148	798
3613.14847789506	797.280029296875
3615.0312074014	797.239990234375
3616.91341191162	797.880004882813
3618.79509162674	796.52001953125
3620.67624674769	795.320007324219
3622.55687747528	795.960021972656
3624.43698401024	795.159973144531
3626.31656655317	796.200012207031
3628.1956253046	796.599975585938
3630.07416046492	795.080017089844
3631.95217223446	793.559997558594
3633.82966081342	793.159973144531
3635.70662640191	793.52001953125
3637.58306919993	794.200012207031
3639.45898940739	794.080017089844
3641.33438722409	792.799987792969
3643.20926284973	793.080017089844
3645.08361648392	792.440002441406
3646.95744832614	791.719970703125
3648.8307585758	792.039978027344
3650.7035474322	792.039978027344
3652.57581509452	791.280029296875
3654.44756176188	790.880004882813
3656.31878763324	789.320007324219
3658.18949290753	789.200012207031
3660.05967778352	788.919982910156
3661.9293424599	788.719970703125
3663.79848713527	789.880004882813
3665.66711200812	789.719970703125
3667.53521727684	788.840026855469
3669.40280313972	788.359985351563
3671.26986979494	787.840026855469
3673.13641744059	787.080017089844
3675.00244627468	787.039978027344
