-140.373595351881	779.119995117188
-137.335129063906	779.320007324219
-134.297686810867	779
-131.261268103955	778.919982910156
-128.225872454677	778.960021972656
-125.191499374839	779.280029296875
-122.158148376567	778.880004882813
-119.125818972292	779.080017089844
-116.094510674759	778.960021972656
-113.064222997021	778.840026855469
-110.034955452443	779.080017089844
-107.006707554687	778.880004882813
-103.979478817741	778.640014648438
-100.95326875589	778.599975585938
-97.928076883731	778.719970703125
-94.9039027161698	778.760009765625
-91.8807457684175	778.960021972656
-88.8586055560018	778.760009765625
-85.8374815947384	778.919982910156
-82.8173734007715	778.760009765625
-79.7982804905411	778.760009765625
-76.7802023807988	779.280029296875
-73.7631385885914	779.080017089844
-70.7470886312892	778.840026855469
-67.732052026553	779.359985351563
-64.7180282923587	778.760009765625
-61.7050169469884	778.840026855469
-58.6930175090183	778.559997558594
-55.6820294973386	778.880004882813
-52.6720524311495	778.799987792969
-49.66308582994	778.919982910156
-46.6551292135171	779.039978027344
-43.6481821019882	778.960021972656
-40.6422440157577	778.799987792969
-37.6373144755424	779.039978027344
-34.6333930023594	779.119995117188
-31.630479117526	778.47998046875
-28.6285723426709	778.919982910156
-25.6276721997107	779.080017089844
-22.6277782108771	778.840026855469
-19.628889898701	778.359985351563
-16.6310067860081	779.080017089844
-13.6341283959385	779.280029296875
-10.6382542519231	779.320007324219
-7.64338387769432	783.080017089844
-4.64951679729502	795.559997558594
-1.65665253506141	805.200012207031
1.33520938438089	803.840026855469
4.32606943608095	791.159973144531
7.315928094803	779.919982910156
10.3047858350146	778.960021972656
13.2926431308747	778.880004882813
16.2795004562541	778.559997558594
19.2653582847118	778.760009765625
22.2502170895187	779.080017089844
25.2340773436344	778.919982910156
28.216939519735	778.760009765625
31.1988040901939	778.840026855469
34.1796715270814	778.960021972656
37.1595423021732	778.880004882813
40.1384168869468	779.280029296875
43.1162957525854	778.640014648438
46.0931793699786	779.039978027344
49.0690682097059	779
52.0439627420619	778.400024414063
55.0178634370476	778.640014648438
57.9907707643592	779
60.9626851933962	778.760009765625
63.9336071932735	778.599975585938
66.9035372328018	778.919982910156
69.8724757804959	778.599975585938
72.8404233045826	778.880004882813
75.8073802729932	778.760009765625
78.7733471533597	778.960021972656
81.738324413019	779.039978027344
84.702312519025	779.159973144531
87.665311938125	779.080017089844
90.6273231367761	778.799987792969
93.5883465811569	778.840026855469
96.5483827371242	778.47998046875
99.5074320702731	778.599975585938
102.465495045889	779.039978027344
105.422572128961	778.960021972656
108.378663784199	778.719970703125
111.333770476014	778.719970703125
114.287892668528	778.960021972656
117.24103082557	778.960021972656
120.193185410674	778.719970703125
123.144356887097	779
126.094545717786	779.159973144531
129.043752365413	779.239990234375
131.991977292355	779.320007324219
134.939220960695	779.599975585938
137.885483832232	779.47998046875
140.83076636847	779.440002441406
143.775069030632	780.159973144531
146.718392279644	780.239990234375
149.660736576149	779.880004882813
152.602102380488	780.039978027344
155.54249015274	779.880004882813
158.481900352672	780.760009765625
161.420333439765	780.880004882813
164.357789873227	781.159973144531
167.294270111968	780.960021972656
170.229774614617	781.880004882813
173.164303839496	782.52001953125
176.097858244675	782.679992675781
179.030438287908	782.119995117188
181.962044426678	782.880004882813
184.89267711817	783.400024414063
187.822336819302	782.919982910156
190.751023986678	783.080017089844
193.678739076648	783.880004882813
196.605482545255	783.159973144531
199.531254848261	784.119995117188
202.456056441152	784.280029296875
205.379887779119	783.400024414063
208.30274931708	783.880004882813
211.224641509656	783.840026855469
214.145564811189	784
217.06551967574	783.640014648438
219.984506557089	783.919982910156
222.902525908723	784.119995117188
225.819578183856	783.799987792969
228.735663835415	784.159973144531
231.650783316047	783.640014648438
234.564937078107	783.559997558594
237.478125573679	784
240.390349254566	783.719970703125
243.301608572278	783.599975585938
246.211903978051	783.960021972656
249.121235922839	783.840026855469
252.029604857321	784.320007324219
254.93701123188	784.440002441406
257.843455496632	785.239990234375
260.748938101415	784.799987792969
263.653459495766	785.280029296875
266.557020128967	785.440002441406
269.459620450005	785.039978027344
272.361260907595	785.679992675781
275.261941950168	785.679992675781
278.161664025874	785.400024414063
281.060427582592	785.640014648438
283.958233067921	786.47998046875
286.855080929176	785.400024414063
289.750971613398	784.640014648438
292.645905567344	785.799987792969
295.539883237503	785.52001953125
298.432905070079	785.52001953125
301.324971511007	785.400024414063
304.216083005931	785.52001953125
307.10624000023	785.200012207031
309.995442939003	786.080017089844
312.883692267071	787.039978027344
315.770988428979	790.200012207031
318.657331869	792.880004882813
321.542723031127	794.239990234375
324.427162359076	794.760009765625
327.310650296293	792.719970703125
330.193187285945	788.440002441406
333.074773770929	786.320007324219
335.955410193855	786.320007324219
338.835096997075	785.960021972656
341.713834622655	785.039978027344
344.59162351239	784.47998046875
347.468464107802	785.280029296875
350.344356850137	784.880004882813
353.219302180373	783.960021972656
356.093300539208	784.280029296875
358.966352367073	784.679992675781
361.838458104123	783.919982910156
364.70961819024	784.599975585938
367.579833065031	784.559997558594
370.449103167837	783.760009765625
373.317428937727	784.320007324219
376.184810813496	783.679992675781
379.051249233659	783.919982910156
381.916744636474	784
384.78129745992	784.760009765625
387.644908141706	784.47998046875
390.50757711927	783.799987792969
393.36930482978	784.559997558594
396.23009171014	784.440002441406
399.089938196969	784.280029296875
401.948844726631	784.039978027344
404.806811735214	783.760009765625
407.66383965853	784.119995117188
410.519928932138	784.52001953125
413.375079991314	784.080017089844
416.229293271071	783.719970703125
419.082569206155	783.280029296875
421.934908231031	784.599975585938
424.786310779917	784.239990234375
427.636777286748	784.119995117188
430.486308185189	783.799987792969
433.334903908649	783.799987792969
436.182564890262	784.119995117188
439.029291562898	783.719970703125
441.875084359157	784.039978027344
444.719943711374	783.840026855469
447.563870051618	783.47998046875
450.406863811695	783.760009765625
453.248925423132	784.359985351563
456.090055317208	784.200012207031
458.93025392492	784.239990234375
461.76952167701	783.719970703125
464.60785900395	784.080017089844
467.44526633595	784.47998046875
470.281744102955	783.640014648438
473.117292734635	783.719970703125
475.951912660415	783.359985351563
478.785604309439	783.719970703125
481.618368110592	783.559997558594
484.450204492499	784
487.281113883518	783.760009765625
490.111096711738	783.960021972656
492.940153404999	783.559997558594
495.768284390864	783.719970703125
498.595490096635	784.280029296875
501.421770949366	784
504.247127375825	783.440002441406
507.071559802537	783.47998046875
509.89506865575	784.359985351563
512.717654361473	783.440002441406
515.539317345424	783.880004882813
518.360058033083	783.440002441406
521.179876849652	783.159973144531
523.998774220083	784.039978027344
526.816750569068	783.840026855469
529.633806321025	783.719970703125
532.44994190013	784
535.265157730284	783.880004882813
538.079454235133	783.880004882813
540.892831838066	783.679992675781
543.705290962208	783.840026855469
546.516832030424	783.719970703125
549.32745546533	783.960021972656
552.137161689268	784.159973144531
554.945951124325	784.159973144531
557.753824192341	783.840026855469
560.560781314883	783.440002441406
563.36682291327	783.679992675781
566.171949408555	783.679992675781
568.976161221537	783.880004882813
571.779458772759	783.039978027344
574.5818424825	783.280029296875
577.383312770792	783.599975585938
580.183870057402	783.47998046875
582.983514761843	783.640014648438
585.782247303363	783.599975585938
588.580068100976	783.799987792969
591.376977573414	783.599975585938
594.172976139164	783.200012207031
596.968064216463	783.359985351563
599.762242223282	783.719970703125
602.555510577335	783.640014648438
605.347869696099	783.559997558594
608.139319996771	783.52001953125
610.929861896313	783.039978027344
613.719495811421	783.239990234375
616.508222158541	783.080017089844
619.296041353863	783.919982910156
622.082953813324	783.599975585938
624.868959952607	783.599975585938
627.654060187137	783.280029296875
630.438254932094	783.159973144531
633.221544602397	783.320007324219
636.003929612719	783.359985351563
638.785410377468	782.840026855469
641.565987310814	783.359985351563
644.345660826665	783.679992675781
647.124431338674	783.760009765625
649.902299260252	782.880004882813
652.679265004552	782.52001953125
655.455328984475	783.159973144531
658.230491612671	783.280029296875
661.004753301541	783.080017089844
663.778114463229	783.400024414063
666.550575509631	783.719970703125
669.322136852395	784
672.092798902916	783.47998046875
674.862562072336	783.200012207031
677.631426771548	783.599975585938
680.399393411204	783.320007324219
683.166462401689	783.559997558594
685.93263415315	783.880004882813
688.697909075486	783.719970703125
691.462287578337	782.799987792969
694.225770071098	783.320007324219
696.988356962926	783.159973144531
699.750048662705	783
702.5108455791	782.960021972656
705.270748120503	783.760009765625
708.029756695068	782.919982910156
710.787871710705	783.679992675781
713.545093575065	783.320007324219
716.301422695566	783.200012207031
719.056859479364	783.960021972656
721.811404333376	783.440002441406
724.56505766427	783.47998046875
727.317819878473	784.200012207031
730.069691382148	783.719970703125
732.820672581226	783.559997558594
735.570763881396	783.239990234375
738.319965688092	783.400024414063
741.068278406496	783
743.815702441559	783.440002441406
746.562238197974	783.52001953125
749.307886080196	783.640014648438
752.052646492436	783.280029296875
754.796519838656	784.599975585938
757.539506522567	783.47998046875
760.28160694765	783.320007324219
763.022821517128	783.760009765625
765.76315063399	783.52001953125
768.502594700972	783.799987792969
771.241154120572	783.719970703125
773.978829295045	783.440002441406
776.715620626397	783.640014648438
779.451528516396	783.719970703125
782.186553366565	784.320007324219
784.920695578179	784.159973144531
787.653955552283	784.159973144531
790.386333689662	783.799987792969
793.117830390877	783.239990234375
795.848446056227	783.359985351563
798.578181085792	783.47998046875
801.307035879389	783.200012207031
804.035010836599	783.840026855469
806.762106356774	782.760009765625
809.488322839013	783.359985351563
812.213660682169	783.799987792969
814.938120284866	784.119995117188
817.661702045482	783.559997558594
820.384406362153	783.559997558594
823.10623363278	783.640014648438
825.827184255014	783.400024414063
828.547258626283	783.159973144531
831.266457143747	783.320007324219
833.984780204358	783.559997558594
836.702228204804	783.159973144531
839.418801541552	783
842.134500610814	783.760009765625
844.849325808575	783.640014648438
847.563277530579	783.280029296875
850.276356172319	783.599975585938
852.988562129066	783.719970703125
855.69989579585	783.239990234375
858.410357567456	783.760009765625
861.119947838428	783.599975585938
863.828667003087	783.559997558594
866.536515455503	783.159973144531
869.243493589517	783.239990234375
871.949601798728	782.960021972656
874.654840476504	782.880004882813
877.359210015961	783.239990234375
880.062710810003	783.760009765625
882.765343251273	782.799987792969
885.467107732191	783.159973144531
888.168004644938	783.239990234375
890.868034381467	783.880004882813
893.567197333476	783.400024414063
896.265493892445	782.799987792969
898.962924449614	783.239990234375
901.659489395985	783.359985351563
904.355189122325	783.760009765625
907.050024019165	783.799987792969
909.743994476809	782.840026855469
912.437100885322	784.080017089844
915.129343634532	783.47998046875
917.820723114032	783.359985351563
920.511239713189	783.880004882813
923.200893821127	783.760009765625
925.889685826744	784.320007324219
928.577616118699	784.080017089844
931.264685085419	784.239990234375
933.950893115098	784.320007324219
936.6362405957	783.719970703125
939.320727914956	783.880004882813
942.004355460359	783.440002441406
944.687123619173	783.200012207031
947.369032778431	783.47998046875
950.050083324934	783.239990234375
952.730275645247	783.799987792969
955.409610125711	783.159973144531
958.088087152423	783.760009765625
960.765707111263	783.239990234375
963.442470387871	784.080017089844
966.118377367657	783.159973144531
968.793428435798	783.919982910156
971.467623977254	783.960021972656
974.140964376739	783.200012207031
976.813450018737	782.640014648438
979.485081287511	783.719970703125
982.155858567087	783.52001953125
984.825782241271	782.599975585938
987.494852693624	783.400024414063
990.163070307487	783.400024414063
992.830435465978	783.640014648438
995.496948551973	783.760009765625
998.162609948122	783.359985351563
1000.82742003685	784.080017089844
1003.49137920036	785.239990234375
1006.15448782061	785.400024414063
1008.81674627934	784.119995117188
1011.47815495806	783.359985351563
1014.13871423805	783.599975585938
1016.79842450037	783.280029296875
1019.45728612586	783.159973144531
1022.11529949509	782.559997558594
1024.77246498846	782.679992675781
1027.4287829861	783.599975585938
1030.08425386792	783.159973144531
1032.73887801363	783.599975585938
1035.3926558027	783.599975585938
1038.04558761435	783.47998046875
1040.69767382761	783.52001953125
1043.34891482125	783.320007324219
1045.99931097384	782.760009765625
1048.64886266371	783.47998046875
1051.29757026898	783.200012207031
1053.94543416753	783.039978027344
1056.59245473701	783.799987792969
1059.23863235486	783.599975585938
1061.8839673983	782.880004882813
1064.5284602443	783.400024414063
1067.17211126962	782.840026855469
1069.8149208508	783.840026855469
1072.45688936415	783.239990234375
1075.09801718577	783.52001953125
1077.7383046915	783.200012207031
1080.377752257	782.599975585938
1083.01636025767	783.719970703125
1085.65412906872	783.47998046875
1088.2910590651	783.640014648438
1090.92715062157	783.760009765625
1093.56240411266	783.719970703125
1096.19681991265	784.080017089844
1098.83039839564	784.039978027344
1101.46313993547	783.799987792969
1104.09504490579	783.640014648438
1106.72611368	783.280029296875
1109.35634663129	783.52001953125
1111.98574413263	783
1114.61430655677	783.559997558594
1117.24203427624	782.919982910156
1119.86892766333	783.239990234375
1122.49498709014	783
1125.12021292851	783.039978027344
1127.74460555011	783.679992675781
1130.36816532634	783.039978027344
1132.99089262841	783.359985351563
1135.6127878273	783.159973144531
1138.23385129376	782.799987792969
1140.85408339834	782.440002441406
1143.47348451137	782.679992675781
1146.09205500294	782.400024414063
1148.70979524293	782.400024414063
1151.326705601	782.400024414063
1153.9427864466	783
1156.55803814896	782.799987792969
1159.17246107707	782.080017089844
1161.78605559974	783.119995117188
1164.39882208551	782.960021972656
1167.01076090276	782.47998046875
1169.6218724196	782.880004882813
1172.23215700396	782.960021972656
1174.84161502352	783.359985351563
1177.45024684578	782.919982910156
1180.05805283799	782.719970703125
1182.66503336719	782.760009765625
1185.27118880021	782.799987792969
1187.87651950367	782.919982910156
1190.48102584395	782
1193.08470818723	782.960021972656
1195.68756689948	783.039978027344
1198.28960234643	782.599975585938
1200.89081489363	782.679992675781
1203.49120490636	783.599975585938
1206.09077274974	783.52001953125
1208.68951878864	783.440002441406
1211.28744338773	783.760009765625
1213.88454691145	783.679992675781
1216.48082972404	783.280029296875
1219.07629218953	782.840026855469
1221.6709346717	783.119995117188
1224.26475753416	783.799987792969
1226.85776114028	783.239990234375
1229.44994585322	784.47998046875
1232.04131203592	784.52001953125
1234.63186005112	783.760009765625
1237.22159026133	784.159973144531
1239.81050302886	784.52001953125
1242.3985987158	784.640014648438
1244.98587768402	784.760009765625
1247.5723402952	784.320007324219
1250.15798691078	784.960021972656
1252.74281789199	785.280029296875
1255.32683359987	784.679992675781
1257.91003439523	784.200012207031
1260.49242063865	784.599975585938
1263.07399269055	784.119995117188
1265.65475091108	784.039978027344
1268.23469566021	784.52001953125
1270.81382729769	784.599975585938
1273.39214618306	784.320007324219
1275.96965267566	784.359985351563
1278.54634713458	784.599975585938
1281.12222991875	784.039978027344
1283.69730138685	783.919982910156
1286.27156189737	784.440002441406
1288.84501180858	784.359985351563
1291.41765147853	784.080017089844
1293.98948126509	784.47998046875
1296.56050152589	784.52001953125
1299.13071261837	784.47998046875
1301.70011489973	784.159973144531
1304.268708727	785.159973144531
1306.83649445698	784.799987792969
1309.40347244625	784.440002441406
1311.96964305119	784.440002441406
1314.53500662799	784.599975585938
1317.0995635326	785.119995117188
1319.66331412077	785.400024414063
1322.22625874806	785.440002441406
1324.7883977698	785
1327.34973154112	784.840026855469
1329.91026041694	785.359985351563
1332.46998475197	784.640014648438
1335.0289049007	785.119995117188
1337.58702121746	784.599975585938
1340.14433405631	785.080017089844
1342.70084377115	784.320007324219
1345.25655071563	784.760009765625
1347.81145524323	784.840026855469
1350.36555770721	784.799987792969
1352.91885846062	784.719970703125
1355.47135785631	783.799987792969
1358.02305624691	783.760009765625
1360.57395398486	784.039978027344
1363.12405142237	783.599975585938
1365.67334891148	784.320007324219
1368.22184680399	783.559997558594
1370.76954545151	783.280029296875
1373.31644520545	783.159973144531
1375.86254641699	782.880004882813
1378.40784943713	783.280029296875
1380.95235461666	783.280029296875
1383.49606230615	783.640014648438
1386.03897285598	783.159973144531
1388.58108661632	783
1391.12240393713	783.080017089844
1393.66292516818	783.320007324219
1396.20265065903	783.320007324219
1398.74158075901	783.080017089844
1401.2797158173	783.200012207031
1403.81705618282	783.400024414063
1406.35360220431	783.200012207031
1408.88935423032	784.080017089844
1411.42431260919	783.320007324219
1413.95847768903	783.52001953125
1416.49184981777	783.440002441406
1419.02442934314	783.280029296875
1421.55621661266	782.760009765625
1424.08721197364	783.840026855469
1426.61741577321	783.080017089844
1429.14682835828	782.640014648438
1431.67545007555	783.799987792969
1434.20328127153	783.200012207031
1436.73032229253	783.440002441406
1439.25657348466	783.960021972656
1441.78203519381	783.840026855469
1444.3067077657	784.280029296875
1446.83059154581	784.47998046875
1449.35368687944	785.119995117188
1451.8759941117	785.47998046875
1454.39751358748	785.47998046875
1456.91824565148	784.960021972656
1459.43819064818	783.960021972656
1461.95734892189	784.039978027344
1464.4757208167	785.080017089844
1466.99330667649	784.239990234375
1469.51010684497	784.200012207031
1472.02612166564	783.719970703125
1474.54135148177	783.47998046875
1477.05579663646	783.559997558594
1479.56945747262	783.320007324219
1482.08233433293	783.52001953125
1484.59442755989	783.599975585938
1487.10573749579	782.919982910156
1489.61626448275	782.679992675781
1492.12600886264	782.47998046875
1494.63497097718	782.559997558594
1497.14315116786	782.47998046875
1499.65054977599	782.280029296875
1502.15716714267	781.47998046875
1504.66300360881	782.080017089844
1507.16805951512	782.080017089844
1509.67233520211	781.960021972656
1512.1758310101	781.799987792969
1514.67854727919	781.599975585938
1517.18048434931	781.52001953125
1519.68164256018	781.760009765625
1522.18202225132	781.599975585938
1524.68162376207	781.320007324219
1527.18044743155	782
1529.67849359869	781.559997558594
1532.17576260224	781.400024414063
1534.67225478072	781.799987792969
1537.1679704725	782
1539.66291001572	782.119995117188
1542.15707374832	782.679992675781
1544.65046200807	782.159973144531
1547.14307513254	782.080017089844
1549.63491345907	782.200012207031
1552.12597732485	782.159973144531
1554.61626706685	782.159973144531
1557.10578302185	782.119995117188
1559.59452552644	782.320007324219
1562.082494917	782.640014648438
1564.56969152973	782.840026855469
1567.05611570064	782.719970703125
1569.54176776552	782.719970703125
1572.02664806	782.52001953125
1574.51075691949	782.760009765625
1576.99409467921	783.400024414063
1579.4766616742	783.960021972656
1581.95845823929	783.080017089844
1584.43948470912	783.960021972656
1586.91974141815	783.039978027344
1589.39922870064	783
1591.87794689064	782.640014648438
1594.35589632202	782.640014648438
1596.83307732848	782.799987792969
1599.30949024348	783.440002441406
1601.78513540033	783.359985351563
1604.26001313211	783.359985351563
1606.73412377175	783.52001953125
1609.20746765196	783.239990234375
1611.68004510526	783.239990234375
1614.15185646398	784.039978027344
1616.62290206026	783.559997558594
1619.09318222605	783.760009765625
1621.56269729311	784
1624.031447593	783.599975585938
1626.4994334571	783.52001953125
1628.9666552166	783.200012207031
1631.43311320248	783.840026855469
1633.89880774554	783.960021972656
1636.3637391764	783.640014648438
1638.82790782548	784.080017089844
1641.29131402301	783.719970703125
1643.75395809903	784.599975585938
1646.21584038339	784.599975585938
1648.67696120575	784.719970703125
1651.13732089558	784.679992675781
1653.59691978216	784.400024414063
1656.05575819459	785.159973144531
1658.51383646175	785.440002441406
1660.97115491238	785.080017089844
1663.42771387498	785.239990234375
1665.8835136779	784.640014648438
1668.33855464928	785.840026855469
1670.79283711708	784.960021972656
1673.24636140907	784.52001953125
1675.69912785282	784.47998046875
1678.15113677572	784.320007324219
1680.602388505	784.400024414063
1683.05288336764	783.880004882813
1685.50262169049	783.640014648438
1687.95160380019	783.960021972656
1690.39983002318	783
1692.84730068573	782.52001953125
1695.29401611392	782.919982910156
1697.73997663364	782.320007324219
1700.18518257059	782.359985351563
1702.6296342503	782.119995117188
1705.07333199807	782.039978027344
1707.51627613907	781.719970703125
1709.95846699824	781.559997558594
1712.39990490036	781.679992675781
1714.84059017001	781.320007324219
1717.28052313159	781.52001953125
1719.7197041093	781.400024414063
1722.15813342718	780.880004882813
1724.59581140906	781.320007324219
1727.03273837859	781.159973144531
1729.46891465926	781.080017089844
1731.90434057432	781.599975585938
1734.3390164469	781.080017089844
1736.7729425999	780.760009765625
1739.20611935604	780.719970703125
1741.63854703787	780.919982910156
1744.07022596776	781.080017089844
1746.50115646787	780.719970703125
1748.93133886019	780.559997558594
1751.36077346652	780.799987792969
1753.7894606085	780.47998046875
1756.21740060755	780.400024414063
1758.64459378494	780.599975585938
1761.07104046172	780.760009765625
1763.49674095879	781
1765.92169559684	780.719970703125
1768.3459046964	780.159973144531
1770.7693685778	780.400024414063
1773.1920875612	780.039978027344
1775.61406196656	780.440002441406
1778.03529211367	780.320007324219
1780.45577832214	780.119995117188
1782.87552091138	780.559997558594
1785.29452020064	780.080017089844
1787.71277650897	780.47998046875
1790.13029015525	779.960021972656
1792.54706145817	780.440002441406
1794.96309073625	779.960021972656
1797.3783783078	780.640014648438
1799.79292449097	780
1802.20672960375	780.880004882813
1804.61979396389	780.359985351563
1807.03211788902	781
1809.44370169655	780.400024414063
1811.85454570373	780.640014648438
1814.2646502276	780.52001953125
1816.67401558506	780.760009765625
1819.0826420928	780.440002441406
1821.49053006734	780.239990234375
1823.89767982501	780.200012207031
1826.30409168198	780.52001953125
1828.70976595422	780.599975585938
1831.11470295753	780.200012207031
1833.51890300752	780.080017089844
1835.92236641964	780.799987792969
1838.32509350914	780.359985351563
1840.72708459111	780.47998046875
1843.12833998044	780.119995117188
1845.52885999184	780.52001953125
1847.92864493987	780.359985351563
1850.32769513889	780.080017089844
1852.72601090307	780.039978027344
1855.12359254642	780.599975585938
1857.52044038278	780.119995117188
1859.91655472578	780.52001953125
1862.31193588889	780.440002441406
1864.70658418542	780.679992675781
1867.10049992847	780.280029296875
1869.49368343096	780.400024414063
1871.88613500568	780.200012207031
1874.27785496518	780.640014648438
1876.66884362188	780.559997558594
1879.059101288	780.159973144531
1881.44862827559	780.159973144531
1883.8374248965	779.960021972656
1886.22549146246	780.47998046875
1888.61282828495	779.760009765625
1890.99943567534	779.960021972656
1893.38531394477	780
1895.77046340424	780.159973144531
1898.15488436455	779.919982910156
1900.53857713634	779.960021972656
1902.92154203006	780.280029296875
1905.303779356	780.159973144531
1907.68528942426	780.159973144531
1910.06607254477	780.119995117188
1912.44612902729	780.359985351563
1914.82545918139	780.440002441406
1917.20406331648	780.52001953125
1919.58194174178	780.159973144531
1921.95909476634	780.440002441406
1924.33552269905	780.119995117188
1926.71122584861	780.320007324219
1929.08620452353	780.47998046875
1931.46045903219	779.760009765625
1933.83398968275	780.280029296875
1936.20679678322	780.239990234375
1938.57888064142	780.359985351563
1940.95024156502	779.880004882813
1943.3208798615	780.280029296875
1945.69079583816	780.280029296875
1948.05998980213	780.400024414063
1950.42846206038	780.640014648438
1952.79621291969	780.640014648438
1955.16324268668	780.599975585938
1957.52955166778	780.760009765625
1959.89514016927	780.440002441406
1962.26000849723	780.200012207031
1964.62415695759	780.52001953125
1966.98758585609	781.039978027344
1969.3502954983	780.559997558594
1971.71228618964	780.320007324219
1974.07355823532	780.840026855469
1976.43411194042	780.320007324219
1978.79394760981	780.119995117188
1981.1530655482	780.599975585938
1983.51146606014	780.719970703125
1985.86914944999	780.760009765625
1988.22611602196	780.52001953125
1990.58236608007	780.320007324219
1992.93789992817	780.200012207031
1995.29271786995	780.559997558594
1997.64682020892	780.47998046875
2000.00020724843	780.52001953125
2002.35287929162	780.359985351563
2004.70483664152	780.47998046875
2007.05607960095	780.599975585938
2009.40660847256	780.799987792969
2011.75642355884	780.039978027344
2014.1055251621	780.719970703125
2016.4539135845	780.679992675781
2018.80158912802	780.679992675781
2021.14855209444	780.559997558594
2023.49480278542	780.52001953125
2025.84034150242	780.359985351563
2028.18516854673	780.799987792969
2030.52928421948	780.559997558594
2032.87268882163	780.200012207031
2035.21538265398	780.320007324219
2037.55736601713	780.320007324219
2039.89863921153	780.080017089844
2042.23920253747	780.359985351563
2044.57905629506	780.400024414063
2046.91820078425	780.559997558594
2049.2566363048	780.119995117188
2051.59436315633	780.280029296875
2053.93138163827	780.400024414063
2056.2676920499	780.52001953125
2058.6032946903	780.52001953125
2060.93818985843	780.320007324219
2063.27237785303	780.679992675781
2065.60585897272	780.799987792969
2067.93863351592	781.119995117188
2070.27070178089	780.679992675781
2072.60206406574	780.840026855469
2074.93272066838	780.799987792969
2077.26267188658	780.599975585938
2079.59191801793	780.599975585938
2081.92045935985	780.640014648438
2084.24829620962	780.919982910156
2086.57542886431	780.440002441406
2088.90185762087	780.440002441406
2091.22758277604	780.119995117188
2093.55260462643	780.880004882813
2095.87692346845	780.760009765625
2098.20053959837	780.440002441406
2100.52345331229	780.440002441406
2102.84566490614	781.200012207031
2105.16717467567	780.919982910156
2107.48798291649	780.799987792969
2109.80808992403	780.679992675781
2112.12749599355	780.440002441406
2114.44620142016	780.760009765625
2116.7642064988	780.599975585938
2119.08151152423	780.919982910156
2121.39811679106	780.960021972656
2123.71402259374	780.880004882813
2126.02922922653	780.400024414063
2128.34373698356	780.47998046875
2130.65754615876	780.719970703125
2132.97065704594	780.880004882813
2135.28306993869	780.320007324219
2137.59478513047	780.760009765625
2139.90580291459	780.559997558594
2142.21612358416	780.799987792969
2144.52574743214	780.52001953125
2146.83467475134	780.599975585938
2149.1429058344	781.080017089844
2151.45044097377	780.840026855469
2153.75728046178	781.039978027344
2156.06342459057	780.760009765625
2158.36887365212	780.440002441406
2160.67362793825	780.599975585938
2162.97768774061	780.760009765625
2165.28105335071	781
2167.58372505987	780.47998046875
2169.88570315926	780.760009765625
2172.18698793988	780.599975585938
2174.48757969258	780.960021972656
2176.78747870805	781
2179.08668527679	780.960021972656
2181.38519968917	780.400024414063
2183.68302223538	780.599975585938
2185.98015320547	780.719970703125
2188.27659288929	780.719970703125
2190.57234157656	780.880004882813
2192.86739955682	780.320007324219
2195.16176711948	780.359985351563
2197.45544455375	780.640014648438
2199.74843214869	780.760009765625
2202.04073019322	780.640014648438
2204.33233897607	780.440002441406
2206.62325878583	780.359985351563
2208.91348991093	780.52001953125
2211.20303263961	780.280029296875
2213.49188726	780.200012207031
2215.78005406001	780.719970703125
2218.06753332744	780.440002441406
2220.35432534991	780.719970703125
2222.64043041487	780.719970703125
2224.92584880964	780.52001953125
2227.21058082134	780.280029296875
2229.49462673696	780.640014648438
2231.77798684332	780.400024414063
2234.06066142709	780.159973144531
2236.34265077477	780.280029296875
2238.62395517269	779.960021972656
2240.90457490706	780.400024414063
2243.18451026388	780.47998046875
2245.46376152904	780.840026855469
2247.74232898823	780.679992675781
2250.02021292701	780.400024414063
2252.29741363077	780.359985351563
2254.57393138475	780.400024414063
2256.849766474	780.280029296875
2259.12491918346	780
2261.39938979788	780.400024414063
2263.67317860185	780.880004882813
2265.94628587983	781.080017089844
2268.2187119161	780.559997558594
2270.49045699478	780.359985351563
2272.76152139985	780.200012207031
2275.03190541511	780.440002441406
2277.30160932421	780.159973144531
2279.57063341067	780.679992675781
2281.83897795781	780.080017089844
2284.10664324882	780.200012207031
2286.37362956672	780.280029296875
2288.63993719439	780.400024414063
2290.90556641454	780.559997558594
2293.17051750973	780.840026855469
2295.43479076235	780.320007324219
2297.69838645465	780.400024414063
2299.96130486871	780.239990234375
2302.22354628647	780.359985351563
2304.48511098971	780.52001953125
2306.74599926003	780.52001953125
2309.00621137891	780.400024414063
2311.26574762765	780.159973144531
2313.52460828741	780.080017089844
2315.78279363917	780.359985351563
2318.04030396379	780.320007324219
2320.29713954195	780.280029296875
2322.55330065418	780.159973144531
2324.80878758085	780.599975585938
2327.06360060219	779.880004882813
2329.31773999826	780.400024414063
2331.57120604897	780.280029296875
2333.82399903409	780.400024414063
2336.0761192332	780.599975585938
2338.32756692577	780.159973144531
2340.57834239108	780.080017089844
2342.82844590827	779.679992675781
2345.07787775633	780.559997558594
2347.32663821409	780.52001953125
2349.57472756023	779.880004882813
2351.82214607327	779.880004882813
2354.06889403158	779.760009765625
2356.31497171337	780.559997558594
2358.56037939672	780.640014648438
2360.80511735953	780.440002441406
2363.04918587955	780.559997558594
2365.29258523439	780.320007324219
2367.5353157015	780.200012207031
2369.77737755817	780
2372.01877108156	780.159973144531
2374.25949654865	780.559997558594
2376.49955423629	780.359985351563
2378.73894442115	780
2380.97766737977	780.239990234375
2383.21572338855	780.52001953125
2385.45311272369	780.320007324219
2387.68983566129	780.200012207031
2389.92589247727	780.440002441406
2392.1612834474	780.559997558594
2394.39600884731	780.760009765625
2396.63006895246	780.359985351563
2398.86346403818	780.400024414063
2401.09619437962	780.559997558594
2403.32826025182	780.200012207031
2405.55966192963	780.320007324219
2407.79039968777	779.47998046875
2410.0204738008	780.47998046875
2412.24988454313	780.039978027344
2414.47863218902	780.52001953125
2416.70671701258	780.039978027344
2418.93413928778	780.799987792969
2421.16089928842	780.119995117188
2423.38699728817	779.919982910156
2425.61243356052	780.559997558594
2427.83720837884	780.239990234375
2430.06132201633	780.320007324219
2432.28477474606	780.320007324219
2434.50756684093	780.52001953125
2436.72969857371	780.640014648438
2438.95117021699	780.320007324219
2441.17198204325	780.159973144531
2443.39213432478	780.320007324219
2445.61162733376	780.080017089844
2447.83046134218	779.880004882813
2450.04863662192	780.200012207031
2452.26615344468	780.280029296875
2454.48301208203	780.320007324219
2456.69921280539	780.52001953125
2458.91475588602	780.359985351563
2461.12964159504	780.039978027344
2463.34387020342	780.159973144531
2465.55744198198	779.679992675781
2467.77035720139	780.400024414063
2469.98261613217	780.320007324219
2472.1942190447	780.239990234375
2474.40516620922	780.119995117188
2476.6154578958	780.799987792969
2478.82509437436	779.960021972656
2481.03407591471	780.239990234375
2483.24240278646	780.359985351563
2485.45007525911	780.400024414063
2487.65709360202	779.919982910156
2489.86345808435	779.919982910156
2492.06916897518	780.47998046875
2494.27422654339	780.159973144531
2496.47863105774	780.320007324219
2498.68238278683	780.359985351563
2500.88548199912	780.119995117188
2503.08792896294	780.400024414063
2505.28972394643	780.400024414063
2507.49086721763	779.919982910156
2509.6913590444	780.52001953125
2511.89119969447	780.440002441406
2514.09038943543	780.200012207031
2516.2889285347	779.840026855469
2518.48681725957	780.200012207031
2520.6840558772	780.359985351563
2522.88064465456	780.239990234375
2525.07658385852	780.280029296875
2527.27187375578	780.440002441406
2529.4665146129	780.200012207031
2531.66050669629	780.080017089844
2533.85385027222	780.239990234375
2536.04654560681	780.640014648438
2538.23859296605	780.280029296875
2540.42999261577	780.280029296875
2542.62074482166	780.280029296875
2544.81084984925	780.039978027344
2547.00030796395	780.679992675781
2549.18911943101	780.840026855469
2551.37728451555	780.119995117188
2553.56480348252	780.159973144531
2555.75167659675	780.200012207031
2557.93790412292	780.239990234375
2560.12348632556	780.200012207031
2562.30842346905	780.599975585938
2564.49271581764	780.47998046875
2566.67636363544	780.320007324219
2568.85936718639	780.359985351563
2571.04172673431	780.200012207031
2573.22344254288	780.47998046875
2575.40451487562	780.280029296875
2577.58494399591	779.719970703125
2579.76473016699	780.919982910156
2581.94387365196	779.960021972656
2584.12237471377	780.039978027344
2586.30023361523	780.200012207031
2588.47745061901	780.679992675781
2590.65402598763	779.760009765625
2592.82995998348	780.080017089844
2595.0052528688	780.359985351563
2597.17990490568	779.880004882813
2599.35391635608	780.239990234375
2601.52728748181	780.400024414063
2603.70001854454	780.159973144531
2605.8721098058	780
2608.04356152698	781.039978027344
2610.21437396931	780.599975585938
2612.3845473939	780.320007324219
2614.55408206173	780.200012207031
2616.72297823359	780.039978027344
2618.89123617017	780.599975585938
2621.058856132	780.320007324219
2623.22583837949	780.47998046875
2625.39218317288	780.52001953125
2627.55789077229	780.679992675781
2629.72296143769	780.359985351563
2631.88739542891	780.280029296875
2634.05119300563	780.280029296875
2636.21435442742	780.47998046875
2638.37687995367	780.52001953125
2640.53876984365	780.599975585938
2642.70002435649	780.960021972656
2644.86064375119	780.200012207031
2647.02062828658	780.159973144531
2649.17997822137	779.760009765625
2651.33869381413	780.359985351563
2653.49677532328	780.200012207031
2655.65422300711	780.080017089844
2657.81103712378	780.359985351563
2659.96721793127	780
2662.12276568747	780.280029296875
2664.2776806501	780.559997558594
2666.43196307675	780.039978027344
2668.58561322486	780.200012207031
2670.73863135176	780.440002441406
2672.8910177146	780.239990234375
2675.04277257043	780.080017089844
2677.19389617612	779.960021972656
2679.34438878845	780.440002441406
2681.49425066402	780.200012207031
2683.64348205931	780.239990234375
2685.79208323065	780.679992675781
2687.94005443425	780.599975585938
2690.08739592617	780.760009765625
2692.23410796233	780.559997558594
2694.38019079852	780.760009765625
2696.52564469038	780.559997558594
2698.67046989342	780.880004882813
2700.81466666302	780.719970703125
2702.9582352544	780.599975585938
2705.10117592265	780.840026855469
2707.24348892275	780.960021972656
2709.3851745095	780.799987792969
2711.5262329376	780.799987792969
2713.66666446158	780.559997558594
2715.80646933585	780.960021972656
2717.94564781468	780.52001953125
2720.08420015222	780.239990234375
2722.22212660245	780.599975585938
2724.35942741923	781.119995117188
2726.49610285628	780.960021972656
2728.63215316721	780.760009765625
2730.76757860544	781
2732.9023794243	780.880004882813
2735.03655587697	780.599975585938
2737.17010821648	781.280029296875
2739.30303669573	781
2741.4353415675	780.719970703125
2743.56702308442	780.960021972656
2745.69808149898	780.760009765625
2747.82851706355	780.840026855469
2749.95833003034	780.599975585938
2752.08752065145	780.599975585938
2754.21608917883	780.760009765625
2756.3440358643	781.280029296875
2758.47136095954	780.760009765625
2760.59806471609	780.799987792969
2762.72414738537	780.080017089844
2764.84960921865	780.640014648438
2766.97445046708	780.640014648438
2769.09867138166	780.400024414063
2771.22227221326	781.159973144531
2773.34525321263	780.52001953125
2775.46761463035	780.320007324219
2777.58935671691	780.599975585938
2779.71047972262	780.880004882813
2781.83098389771	781.599975585938
2783.95086949221	780.919982910156
2786.07013675607	780.52001953125
2788.18878593908	780.919982910156
2790.3068172909	781.320007324219
2792.42423106106	780.320007324219
2794.54102749895	781.080017089844
2796.65720685384	781.080017089844
2798.77276937486	781.080017089844
2800.88771531098	781
2803.00204491107	780.52001953125
2805.11575842387	781.200012207031
2807.22885609796	781.359985351563
2809.34133818179	781
2811.4532049237	780.599975585938
2813.56445657189	780.719970703125
2815.6750933744	781.280029296875
2817.78511557916	781.159973144531
2819.89452343398	780.960021972656
2822.00331718652	781.760009765625
2824.11149708429	781.039978027344
2826.2190633747	781.159973144531
2828.32601630502	781.119995117188
2830.43235612237	781.359985351563
2832.53808307375	781.239990234375
2834.64319740603	782.200012207031
2836.74769936595	781.719970703125
2838.85158920011	781.960021972656
2840.95486715497	782.200012207031
2843.05753347689	782.919982910156
2845.15958841206	782.679992675781
2847.26103220657	782.599975585938
2849.36186510636	783.47998046875
2851.46208735724	783.719970703125
2853.56169920488	783.840026855469
2855.66070089485	783.919982910156
2857.75909267257	784.679992675781
2859.85687478332	784.400024414063
2861.95404747225	784.960021972656
2864.05061098439	785.159973144531
2866.14656556464	785.760009765625
2868.24191145777	785.880004882813
2870.3366489084	785.47998046875
2872.43077816104	786.320007324219
2874.52429946006	786.440002441406
2876.61721304971	787.599975585938
2878.70951917409	787.559997558594
2880.8012180772	787.359985351563
2882.89231000287	787.47998046875
2884.98279519483	787.919982910156
2887.07267389667	787.280029296875
2889.16194635186	787.119995117188
2891.25061280373	787.919982910156
2893.33867349546	786.919982910156
2895.42612867015	787.239990234375
2897.51297857074	788.200012207031
2899.59922344003	788.52001953125
2901.68486352071	788.400024414063
2903.76989905533	788.440002441406
2905.85433028632	789.239990234375
2907.93815745598	789.799987792969
2910.02138080648	789.119995117188
2912.10400057985	789.320007324219
2914.186017018	790.559997558594
2916.26743036271	790.760009765625
2918.34824085563	790.640014648438
2920.4284487383	790.359985351563
2922.5080542521	791.840026855469
2924.58705763829	792.320007324219
2926.66545913802	791.880004882813
2928.74325899231	793.760009765625
2930.82045744202	792.880004882813
2932.89705472792	794
2934.97305109062	793.840026855469
2937.04844677063	793.320007324219
2939.12324200832	793.679992675781
2941.19743704393	794.440002441406
2943.27103211757	793.440002441406
2945.34402746923	792.719970703125
2947.41642333876	792.840026855469
2949.48821996592	792.679992675781
2951.55941759028	791.159973144531
2953.63001645135	791.440002441406
2955.70001678845	790.52001953125
2957.76941884083	791.080017089844
2959.83822284757	790.47998046875
2961.90642904764	790.080017089844
2963.97403767988	789.679992675781
2966.04104898302	790.239990234375
2968.10746319565	789.200012207031
2970.17328055621	789.200012207031
2972.23850130305	788.960021972656
2974.30312567438	788.640014648438
2976.36715390829	788.840026855469
2978.43058624273	789.159973144531
2980.49342291553	788.799987792969
2982.55566416439	788.320007324219
2984.61731022691	787.559997558594
2986.67836134051	787.719970703125
2988.73881774255	788.280029296875
2990.79867967021	787.640014648438
2992.85794736058	787.320007324219
2994.9166210506	787.119995117188
2996.97470097711	786.960021972656
2999.03218737679	786.400024414063
3001.08908048622	786.760009765625
3003.14538054186	786.719970703125
3005.20108778002	786.47998046875
3007.25620243691	785.840026855469
3009.3107247486	785.559997558594
3011.36465495104	786.280029296875
3013.41799328004	785.760009765625
3015.47073997133	785.840026855469
3017.52289526045	785.640014648438
3019.57445938288	786.119995117188
3021.62543257393	786.359985351563
3023.6758150688	785.880004882813
3025.72560710258	785.52001953125
3027.77480891021	785.799987792969
3029.82342072652	785.960021972656
3031.87144278622	786.080017089844
3033.91887532389	786.599975585938
3035.96571857399	786.280029296875
3038.01197277084	786.679992675781
3040.05763814867	786.080017089844
3042.10271494154	786.440002441406
3044.14720338344	786.159973144531
3046.19110370818	786.039978027344
3048.2344161495	786.640014648438
3050.27714094097	785.960021972656
3052.31927831608	786.719970703125
3054.36082850816	786.960021972656
3056.40179175044	787.640014648438
3058.44216827602	788.440002441406
3060.48195831786	787.760009765625
3062.52116210884	788.280029296875
3064.55977988167	788.239990234375
3066.59781186897	787.960021972656
3068.63525830322	787.559997558594
3070.67211941678	788.159973144531
3072.7083954419	788.919982910156
3074.7440866107	788.840026855469
3076.77919315516	788.679992675781
3078.81371530716	788.359985351563
3080.84765329846	788.840026855469
3082.88100736068	789.200012207031
3084.91377772534	788.359985351563
3086.94596462381	788.440002441406
3088.97756828737	789.679992675781
3091.00858894714	790.039978027344
3093.03902683417	789.599975585938
3095.06888217933	790.400024414063
3097.09815521342	790.320007324219
3099.12684616709	789.679992675781
3101.15495527087	789.599975585938
3103.18248275518	789.799987792969
3105.20942885031	791.799987792969
3107.23579378642	791.280029296875
3109.26157779358	791.679992675781
3111.28678110171	790.960021972656
3113.31140394062	791.239990234375
3115.33544654	791.320007324219
3117.35890912942	791.47998046875
3119.38179193832	792.239990234375
3121.40409519602	791.47998046875
3123.42581913174	792.799987792969
3125.44696397457	792.799987792969
3127.46752995345	793.440002441406
3129.48751729725	794.280029296875
3131.50692623469	794.440002441406
3133.52575699436	793.52001953125
3135.54400980476	793.239990234375
3137.56168489425	795.47998046875
3139.57878249108	794.799987792969
3141.59530282337	794.719970703125
3143.61124611913	795.640014648438
3145.62661260624	795.200012207031
3147.64140251247	795.320007324219
3149.65561606547	795.280029296875
3151.66925349277	795.719970703125
3153.68231502177	796.719970703125
3155.69480087977	797.760009765625
3157.70671129394	796.400024414063
3159.71804649132	796.679992675781
3161.72880669886	797.200012207031
3163.73899214336	798.880004882813
3165.74860305152	797.400024414063
3167.75763964991	798.320007324219
3169.766102165	800.080017089844
3171.77399082313	799.200012207031
3173.7813058505	798.359985351563
3175.78804747323	798.719970703125
3177.79421591731	797.640014648438
3179.79981140859	800.599975585938
3181.80483417282	798.960021972656
3183.80928443564	799.359985351563
3185.81316242255	797.559997558594
3187.81646835896	798.880004882813
3189.81920247013	800.119995117188
3191.82136498122	801.760009765625
3193.82295611727	799.919982910156
3195.82397610321	801.440002441406
3197.82442516385	801.799987792969
3199.82430352386	802.919982910156
3201.82361140782	802.799987792969
3203.82234904018	802.760009765625
3205.82051664529	803.159973144531
3207.81811444735	801.799987792969
3209.81514267047	802.559997558594
3211.81160153863	803.119995117188
3213.80749127571	804.119995117188
3215.80281210545	801.960021972656
3217.79756425148	802.039978027344
3219.79174793733	802.320007324219
3221.7853633864	803.239990234375
3223.77841082196	804.799987792969
3225.77089046719	803.640014648438
3227.76280254513	803.47998046875
3229.75414727873	803.840026855469
3231.74492489081	804.719970703125
3233.73513560406	805.119995117188
3235.72477964107	805.119995117188
3237.71385722431	805.679992675781
3239.70236857614	806.320007324219
3241.6903139188	806.400024414063
3243.6776934744	802.679992675781
3245.66450746496	802.799987792969
3247.65075611237	804.200012207031
3249.63643963841	803.919982910156
3251.62155826472	804.840026855469
3253.60611221287	804.280029296875
3255.59010170428	804.52001953125
3257.57352696026	807.039978027344
3259.55638820202	804.679992675781
3261.53868565064	804.280029296875
3263.52041952708	805.320007324219
3265.50159005221	805.320007324219
3267.48219744676	804.960021972656
3269.46224193136	804.760009765625
3271.44172372651	805.440002441406
3273.42064305262	805.47998046875
3275.39900012996	805.960021972656
3277.3767951787	805.960021972656
3279.35402841889	803.760009765625
3281.33070007047	805
3283.30681035326	805.760009765625
3285.28235948698	806.47998046875
3287.25734769121	805.599975585938
3289.23177518544	806.080017089844
3291.20564218903	802.280029296875
3293.17894892124	804.679992675781
3295.1516956012	804.47998046875
3297.12388244795	804.559997558594
3299.09550968039	804.640014648438
3301.06657751732	806.919982910156
3303.03708617743	805.760009765625
3305.00703587929	806.960021972656
3306.97642684135	806.080017089844
3308.94525928196	805.840026855469
3310.91353341935	805.080017089844
3312.88124947164	805.760009765625
3314.84840765683	805.280029296875
3316.81500819282	805.080017089844
3318.78105129738	806
3320.74653718818	805.599975585938
3322.71146608278	805.280029296875
3324.67583819861	804.799987792969
3326.639653753	803.760009765625
3328.60291296317	805.440002441406
3330.56561604621	807.200012207031
3332.52776321913	806.039978027344
3334.4893546988	804.320007324219
3336.45039070198	805.119995117188
3338.41087144533	803.320007324219
3340.37079714539	803.280029296875
3342.33016801859	804.960021972656
3344.28898428124	804.440002441406
3346.24724614955	805.440002441406
3348.20495383962	804.239990234375
3350.16210756742	804.640014648438
3352.11870754883	803.640014648438
3354.07475399961	803.239990234375
3356.03024713539	803.960021972656
3357.98518717173	805.640014648438
3359.93957432403	804.159973144531
3361.89340880761	804.960021972656
3363.84669083768	805.52001953125
3365.79942062933	803.239990234375
3367.75159839753	804.200012207031
3369.70322435715	805.080017089844
3371.65429872295	804.719970703125
3373.60482170957	804.280029296875
3375.55479353155	804.559997558594
3377.50421440332	806
3379.45308453918	806.119995117188
3381.40140415335	806.080017089844
3383.34917345991	803.760009765625
3385.29639267284	804.320007324219
3387.24306200602	804.52001953125
3389.18918167321	805.320007324219
3391.13475188806	805.599975585938
3393.07977286411	806.599975585938
3395.02424481479	806.039978027344
3396.96816795342	805.880004882813
3398.91154249322	806.760009765625
3400.85436864728	806.599975585938
3402.79664662859	805.640014648438
3404.73837665004	806
3406.67955892439	806.719970703125
3408.62019366432	808.039978027344
3410.56028108236	806.760009765625
3412.49982139096	806.599975585938
3414.43881480247	806.239990234375
3416.37726152909	806.159973144531
3418.31516178295	806.200012207031
3420.25251577605	804.840026855469
3422.18932372029	805.760009765625
3424.12558582746	806.280029296875
3426.06130230922	806.400024414063
3427.99647337717	804.919982910156
3429.93109924274	804.840026855469
3431.8651801173	804.880004882813
3433.79871621209	806.239990234375
3435.73170773824	805.52001953125
3437.66415490678	804.919982910156
3439.59605792862	806.679992675781
3441.52741701458	805.239990234375
3443.45823237536	804.760009765625
3445.38850422154	805.599975585938
3447.31823276362	805.919982910156
3449.24741821196	805.080017089844
3451.17606077684	805.760009765625
3453.10416066842	805.760009765625
3455.03171809674	805.960021972656
3456.95873327175	804.919982910156
3458.88520640329	804.400024414063
3460.81113770109	804.119995117188
3462.73652737477	804.960021972656
3464.66137563383	804.47998046875
3466.58568268769	803.200012207031
3468.50944874565	802.880004882813
3470.43267401689	802.52001953125
3472.3553587105	802.47998046875
3474.27750303545	802.599975585938
3476.19910720062	803.080017089844
3478.12017141476	802.919982910156
3480.04069588654	802.919982910156
3481.9606808245	802.52001953125
3483.88012643707	803.039978027344
3485.79903293259	803.440002441406
3487.7174005193	801.559997558594
3489.63522940532	801.239990234375
3491.55251979864	800
3493.46927190719	800.159973144531
3495.38548593877	801.119995117188
3497.30116210107	799.52001953125
3499.21630060167	800.200012207031
3501.13090164807	799
3503.04496544763	799.400024414063
3504.95849220763	798.200012207031
3506.87148213523	798.119995117188
3508.78393543748	799.640014648438
3510.69585232134	798.47998046875
3512.60723299365	797
3514.51807766116	797.719970703125
3516.42838653049	798.679992675781
3518.33815980819	797.840026855469
3520.24739770066	797.200012207031
3522.15610041423	795.200012207031
3524.06426815511	796.47998046875
3525.9719011294	796.640014648438
3527.87899954311	796.080017089844
3529.78556360213	795.599975585938
3531.69159351225	795.47998046875
3533.59708947916	796.239990234375
3535.50205170844	795.599975585938
3537.40648040556	794.080017089844
3539.3103757759	794
3541.21373802472	793.559997558594
3543.11656735717	792.840026855469
3545.01886397833	793.880004882813
3546.92062809313	792.359985351563
3548.82185990643	792.440002441406
3550.72255962297	792.320007324219
3552.62272744738	792.559997558594
3554.5223635842	792.880004882813
3556.42146823786	793.359985351563
3558.32004161268	792.239990234375
3560.21808391289	791.919982910156
3562.11559534259	791
3564.01257610581	792.119995117188
3565.90902640645	791.679992675781
3567.80494644831	791.760009765625
3569.7003364351	791
3571.59519657042	792
3573.48952705774	790.919982910156
3575.38332810048	791.159973144531
3577.27659990191	791.599975585938
3579.16934266521	790.760009765625
3581.06155659346	790.080017089844
3582.95324188965	789.359985351563
3584.84439875663	789.559997558594
3586.73502739718	790.039978027344
3588.62512801397	790.320007324219
3590.51470080955	790
3592.40374598639	788.719970703125
3594.29226374685	789.119995117188
3596.18025429317	788.919982910156
3598.06771782751	788.440002441406
3599.95465455192	788.359985351563
3601.84106466834	787.799987792969
3603.72694837861	788.359985351563
3605.61230588447	788.239990234375
3607.49713738756	787.760009765625
3609.38144308942	788.080017089844
3611.26522319148	787.840026855469
3613.14847789506	788.760009765625
3615.0312074014	787.960021972656
3616.91341191162	787.760009765625
3618.79509162674	787.359985351563
3620.67624674769	786.640014648438
3622.55687747528	787.239990234375
3624.43698401024	787.359985351563
3626.31656655317	787.239990234375
3628.1956253046	787.880004882813
3630.07416046492	786.880004882813
3631.95217223446	785.719970703125
3633.82966081342	785.640014648438
3635.70662640191	785.47998046875
3637.58306919993	785.559997558594
3639.45898940739	785.640014648438
3641.33438722409	785.239990234375
3643.20926284973	785.440002441406
3645.08361648392	785.400024414063
3646.95744832614	785.280029296875
3648.8307585758	785.760009765625
3650.7035474322	784.599975585938
3652.57581509452	784
3654.44756176188	784.440002441406
3656.31878763324	784.200012207031
3658.18949290753	784.919982910156
3660.05967778352	783.719970703125
3661.9293424599	783.47998046875
3663.79848713527	783.159973144531
3665.66711200812	783.880004882813
3667.53521727684	783.880004882813
3669.40280313972	783.919982910156
3671.26986979494	783.52001953125
3673.13641744059	783.119995117188
3675.00244627468	782.719970703125
