-140.373595351881	778.440002441406
-137.335129063906	779.320007324219
-134.297686810867	778.679992675781
-131.261268103955	778.52001953125
-128.225872454677	778.640014648438
-125.191499374839	778.760009765625
-122.158148376567	778.919982910156
-119.125818972292	778.840026855469
-116.094510674759	779
-113.064222997021	778.640014648438
-110.034955452443	778.719970703125
-107.006707554687	779.119995117188
-103.979478817741	778.799987792969
-100.95326875589	779.080017089844
-97.928076883731	778.880004882813
-94.9039027161698	778.280029296875
-91.8807457684175	779.080017089844
-88.8586055560018	779.159973144531
-85.8374815947384	778.840026855469
-82.8173734007715	778.719970703125
-79.7982804905411	778.919982910156
-76.7802023807988	779.080017089844
-73.7631385885914	779.320007324219
-70.7470886312892	778.719970703125
-67.732052026553	778.640014648438
-64.7180282923587	778.760009765625
-61.7050169469884	778.679992675781
-58.6930175090183	778.719970703125
-55.6820294973386	778.760009765625
-52.6720524311495	778.919982910156
-49.66308582994	778.880004882813
-46.6551292135171	778.840026855469
-43.6481821019882	779
-40.6422440157577	778.52001953125
-37.6373144755424	778.880004882813
-34.6333930023594	778.960021972656
-31.630479117526	779.119995117188
-28.6285723426709	779.200012207031
-25.6276721997107	778.919982910156
-22.6277782108771	778.880004882813
-19.628889898701	778.960021972656
-16.6310067860081	779.440002441406
-13.6341283959385	779.359985351563
-10.6382542519231	779.440002441406
-7.64338387769432	783.679992675781
-4.64951679729502	799.320007324219
-1.65665253506141	813.359985351563
1.33520938438089	809.159973144531
4.32606943608095	790.840026855469
7.315928094803	780.080017089844
10.3047858350146	779
13.2926431308747	779.080017089844
16.2795004562541	779.039978027344
19.2653582847118	778.880004882813
22.2502170895187	778.799987792969
25.2340773436344	778.719970703125
28.216939519735	778.919982910156
31.1988040901939	778.960021972656
34.1796715270814	778.840026855469
37.1595423021732	778.840026855469
40.1384168869468	778.719970703125
43.1162957525854	778.960021972656
46.0931793699786	778.599975585938
49.0690682097059	779.039978027344
52.0439627420619	778.719970703125
55.0178634370476	778.799987792969
57.9907707643592	778.719970703125
60.9626851933962	778.760009765625
63.9336071932735	778.599975585938
66.9035372328018	778.679992675781
69.8724757804959	778.880004882813
72.8404233045826	778.599975585938
75.8073802729932	778.640014648438
78.7733471533597	778.599975585938
81.738324413019	778.840026855469
84.702312519025	778.960021972656
87.665311938125	778.599975585938
90.6273231367761	778.919982910156
93.5883465811569	778.799987792969
96.5483827371242	778.559997558594
99.5074320702731	778.599975585938
102.465495045889	778.679992675781
105.422572128961	778.599975585938
108.378663784199	778.47998046875
111.333770476014	778.320007324219
114.287892668528	778.840026855469
117.24103082557	779.239990234375
120.193185410674	778.679992675781
123.144356887097	778.799987792969
126.094545717786	778.919982910156
129.043752365413	779.280029296875
131.991977292355	779.280029296875
134.939220960695	779
137.885483832232	779.679992675781
140.83076636847	779.799987792969
143.775069030632	780.280029296875
146.718392279644	779.840026855469
149.660736576149	779.919982910156
152.602102380488	780.119995117188
155.54249015274	780.679992675781
158.481900352672	780.47998046875
161.420333439765	780.559997558594
164.357789873227	781.559997558594
167.294270111968	781.159973144531
170.229774614617	781.679992675781
173.164303839496	781.599975585938
176.097858244675	782.400024414063
179.030438287908	782.280029296875
181.962044426678	782.200012207031
184.89267711817	782.719970703125
187.822336819302	783.400024414063
190.751023986678	783.320007324219
193.678739076648	783.880004882813
196.605482545255	783.880004882813
199.531254848261	783.640014648438
202.456056441152	783.52001953125
205.379887779119	784.359985351563
208.30274931708	784.039978027344
211.224641509656	784.400024414063
214.145564811189	784.200012207031
217.06551967574	784.039978027344
219.984506557089	783.840026855469
222.902525908723	783.719970703125
225.819578183856	784.239990234375
228.735663835415	783.719970703125
231.650783316047	783.52001953125
234.564937078107	784.239990234375
237.478125573679	783.559997558594
240.390349254566	783.679992675781
243.301608572278	783.47998046875
246.211903978051	783.960021972656
249.121235922839	783.599975585938
252.029604857321	784.119995117188
254.93701123188	784.159973144531
257.843455496632	784.840026855469
260.748938101415	784.880004882813
263.653459495766	785.159973144531
266.557020128967	785.400024414063
269.459620450005	785.919982910156
272.361260907595	785.440002441406
275.261941950168	785.719970703125
278.161664025874	785.880004882813
281.060427582592	785.52001953125
283.958233067921	786.320007324219
286.855080929176	785.239990234375
289.750971613398	785.440002441406
292.645905567344	785
295.539883237503	785.679992675781
298.432905070079	785.280029296875
301.324971511007	785.400024414063
304.216083005931	786.039978027344
307.10624000023	786.280029296875
309.995442939003	786.52001953125
312.883692267071	787.799987792969
315.770988428979	790.280029296875
318.657331869	794.400024414063
321.542723031127	796.080017089844
324.427162359076	796.47998046875
327.310650296293	792.640014648438
330.193187285945	789.200012207031
333.074773770929	786.679992675781
335.955410193855	785.559997558594
338.835096997075	784.679992675781
341.713834622655	784.919982910156
344.59162351239	785.159973144531
347.468464107802	784.599975585938
350.344356850137	784.760009765625
353.219302180373	784.719970703125
356.093300539208	784.719970703125
358.966352367073	784.159973144531
361.838458104123	784.280029296875
364.70961819024	784.239990234375
367.579833065031	784.080017089844
370.449103167837	783.719970703125
373.317428937727	784.119995117188
376.184810813496	784
379.051249233659	783.960021972656
381.916744636474	784.159973144531
384.78129745992	784.239990234375
387.644908141706	783.52001953125
390.50757711927	784.599975585938
393.36930482978	784.440002441406
396.23009171014	784.52001953125
399.089938196969	783.960021972656
401.948844726631	783.880004882813
404.806811735214	784.359985351563
407.66383965853	784.559997558594
410.519928932138	784.400024414063
413.375079991314	784.239990234375
416.229293271071	783.880004882813
419.082569206155	784.239990234375
421.934908231031	784.559997558594
424.786310779917	783.840026855469
427.636777286748	784.239990234375
430.486308185189	784.039978027344
433.334903908649	784
436.182564890262	783.400024414063
439.029291562898	784.47998046875
441.875084359157	784.280029296875
444.719943711374	784.239990234375
447.563870051618	784.200012207031
450.406863811695	784.119995117188
453.248925423132	783.52001953125
456.090055317208	784.080017089844
458.93025392492	783.880004882813
461.76952167701	783.599975585938
464.60785900395	783.679992675781
467.44526633595	784.039978027344
470.281744102955	784.200012207031
473.117292734635	784.080017089844
475.951912660415	783.799987792969
478.785604309439	784.359985351563
481.618368110592	784.320007324219
484.450204492499	784.119995117188
487.281113883518	784.159973144531
490.111096711738	784.039978027344
492.940153404999	783.840026855469
495.768284390864	784.280029296875
498.595490096635	784.840026855469
501.421770949366	784.52001953125
504.247127375825	783.880004882813
507.071559802537	784.119995117188
509.89506865575	784.239990234375
512.717654361473	783.919982910156
515.539317345424	784
518.360058033083	784
521.179876849652	783.440002441406
523.998774220083	783.960021972656
526.816750569068	783.840026855469
529.633806321025	784.159973144531
532.44994190013	783.840026855469
535.265157730284	784.159973144531
538.079454235133	784.47998046875
540.892831838066	783.880004882813
543.705290962208	784.799987792969
546.516832030424	784.52001953125
549.32745546533	783.200012207031
552.137161689268	783.640014648438
554.945951124325	784.080017089844
557.753824192341	783.719970703125
560.560781314883	783.760009765625
563.36682291327	784.039978027344
566.171949408555	783.760009765625
568.976161221537	783.880004882813
571.779458772759	783.559997558594
574.5818424825	784.039978027344
577.383312770792	783.599975585938
580.183870057402	783.679992675781
582.983514761843	783.239990234375
585.782247303363	783.640014648438
588.580068100976	783.880004882813
591.376977573414	783.52001953125
594.172976139164	783.159973144531
596.968064216463	783.679992675781
599.762242223282	784.280029296875
602.555510577335	783.880004882813
605.347869696099	783.039978027344
608.139319996771	783.799987792969
610.929861896313	783.200012207031
613.719495811421	783.400024414063
616.508222158541	783.039978027344
619.296041353863	784.119995117188
622.082953813324	783.200012207031
624.868959952607	783.919982910156
627.654060187137	783.760009765625
630.438254932094	783.799987792969
633.221544602397	783
636.003929612719	783.239990234375
638.785410377468	783.200012207031
641.565987310814	783.799987792969
644.345660826665	784.359985351563
647.124431338674	783.719970703125
649.902299260252	782.840026855469
652.679265004552	783.280029296875
655.455328984475	783.440002441406
658.230491612671	783.880004882813
661.004753301541	783.840026855469
663.778114463229	783.719970703125
666.550575509631	783.719970703125
669.322136852395	783.599975585938
672.092798902916	783.840026855469
674.862562072336	783.840026855469
677.631426771548	783.440002441406
680.399393411204	784.320007324219
683.166462401689	784.200012207031
685.93263415315	784.080017089844
688.697909075486	783.47998046875
691.462287578337	783.599975585938
694.225770071098	782.919982910156
696.988356962926	783.760009765625
699.750048662705	783.359985351563
702.5108455791	783.200012207031
705.270748120503	783.599975585938
708.029756695068	783.400024414063
710.787871710705	783.47998046875
713.545093575065	783.840026855469
716.301422695566	783.719970703125
719.056859479364	783.960021972656
721.811404333376	784.400024414063
724.56505766427	783.679992675781
727.317819878473	783.960021972656
730.069691382148	783.47998046875
732.820672581226	783.599975585938
735.570763881396	783.880004882813
738.319965688092	783.960021972656
741.068278406496	783.880004882813
743.815702441559	783.440002441406
746.562238197974	783.640014648438
749.307886080196	783.559997558594
752.052646492436	783.719970703125
754.796519838656	784.47998046875
757.539506522567	783.799987792969
760.28160694765	783.400024414063
763.022821517128	783.559997558594
765.76315063399	783.919982910156
768.502594700972	783.200012207031
771.241154120572	783.559997558594
773.978829295045	783.919982910156
776.715620626397	784.280029296875
779.451528516396	784.159973144531
782.186553366565	784.960021972656
784.920695578179	784.640014648438
787.653955552283	784.039978027344
790.386333689662	784.52001953125
793.117830390877	784.47998046875
795.848446056227	783.960021972656
798.578181085792	784.159973144531
801.307035879389	784.440002441406
804.035010836599	783.52001953125
806.762106356774	784.039978027344
809.488322839013	783.640014648438
812.213660682169	783.280029296875
814.938120284866	783.919982910156
817.661702045482	784.599975585938
820.384406362153	783.679992675781
823.10623363278	783.840026855469
825.827184255014	784.200012207031
828.547258626283	784.080017089844
831.266457143747	783.919982910156
833.984780204358	783.840026855469
836.702228204804	783.840026855469
839.418801541552	783.760009765625
842.134500610814	783.919982910156
844.849325808575	783.52001953125
847.563277530579	783.640014648438
850.276356172319	783.919982910156
852.988562129066	783.47998046875
855.69989579585	783.760009765625
858.410357567456	783.919982910156
861.119947838428	783.440002441406
863.828667003087	783.559997558594
866.536515455503	782.960021972656
869.243493589517	783.840026855469
871.949601798728	783.599975585938
874.654840476504	783.840026855469
877.359210015961	783.440002441406
880.062710810003	783.799987792969
882.765343251273	784
885.467107732191	783.559997558594
888.168004644938	783.760009765625
890.868034381467	783.719970703125
893.567197333476	783.039978027344
896.265493892445	783.080017089844
898.962924449614	783.080017089844
901.659489395985	783.159973144531
904.355189122325	783.47998046875
907.050024019165	783.760009765625
909.743994476809	783.760009765625
912.437100885322	783.599975585938
915.129343634532	783.239990234375
917.820723114032	783.359985351563
920.511239713189	783.679992675781
923.200893821127	784
925.889685826744	784.080017089844
928.577616118699	783.52001953125
931.264685085419	784.200012207031
933.950893115098	783.47998046875
936.6362405957	782.840026855469
939.320727914956	784.080017089844
942.004355460359	783.640014648438
944.687123619173	784.039978027344
947.369032778431	783.960021972656
950.050083324934	783.400024414063
952.730275645247	783.760009765625
955.409610125711	783.840026855469
958.088087152423	783.719970703125
960.765707111263	783.47998046875
963.442470387871	784.52001953125
966.118377367657	784.440002441406
968.793428435798	784
971.467623977254	784.280029296875
974.140964376739	783.47998046875
976.813450018737	783.52001953125
979.485081287511	783.640014648438
982.155858567087	783.640014648438
984.825782241271	784
987.494852693624	783.919982910156
990.163070307487	784.320007324219
992.830435465978	784.119995117188
995.496948551973	783.880004882813
998.162609948122	783.400024414063
1000.82742003685	784.200012207031
1003.49137920036	785.080017089844
1006.15448782061	785.359985351563
1008.81674627934	784.799987792969
1011.47815495806	784.320007324219
1014.13871423805	783.760009765625
1016.79842450037	784.280029296875
1019.45728612586	783.039978027344
1022.11529949509	782.840026855469
1024.77246498846	783.239990234375
1027.4287829861	783.840026855469
1030.08425386792	783.799987792969
1032.73887801363	783.47998046875
1035.3926558027	784.559997558594
1038.04558761435	783.47998046875
1040.69767382761	783.679992675781
1043.34891482125	783.559997558594
1045.99931097384	783.119995117188
1048.64886266371	783.320007324219
1051.29757026898	783.719970703125
1053.94543416753	783.400024414063
1056.59245473701	783.960021972656
1059.23863235486	783.47998046875
1061.8839673983	783.47998046875
1064.5284602443	783.359985351563
1067.17211126962	783.559997558594
1069.8149208508	783.640014648438
1072.45688936415	784.159973144531
1075.09801718577	783.760009765625
1077.7383046915	783.559997558594
1080.377752257	784.119995117188
1083.01636025767	783.719970703125
1085.65412906872	783.679992675781
1088.2910590651	784.039978027344
1090.92715062157	783.840026855469
1093.56240411266	784.440002441406
1096.19681991265	784.039978027344
1098.83039839564	784.080017089844
1101.46313993547	783.719970703125
1104.09504490579	784.280029296875
1106.72611368	783.840026855469
1109.35634663129	783.719970703125
1111.98574413263	783.840026855469
1114.61430655677	783.47998046875
1117.24203427624	783.400024414063
1119.86892766333	783.719970703125
1122.49498709014	783.039978027344
1125.12021292851	783.599975585938
1127.74460555011	783.320007324219
1130.36816532634	783.200012207031
1132.99089262841	783.159973144531
1135.6127878273	783
1138.23385129376	783.159973144531
1140.85408339834	782.640014648438
1143.47348451137	782.880004882813
1146.09205500294	783.119995117188
1148.70979524293	783.159973144531
1151.326705601	783.080017089844
1153.9427864466	782.640014648438
1156.55803814896	783.159973144531
1159.17246107707	783.320007324219
1161.78605559974	783
1164.39882208551	783.159973144531
1167.01076090276	783.280029296875
1169.6218724196	783
1172.23215700396	782.799987792969
1174.84161502352	783.280029296875
1177.45024684578	782.919982910156
1180.05805283799	782.919982910156
1182.66503336719	783.159973144531
1185.27118880021	783.239990234375
1187.87651950367	783.280029296875
1190.48102584395	783.080017089844
1193.08470818723	783.599975585938
1195.68756689948	783.159973144531
1198.28960234643	781.960021972656
1200.89081489363	783.400024414063
1203.49120490636	783.799987792969
1206.09077274974	783.599975585938
1208.68951878864	783.760009765625
1211.28744338773	784.200012207031
1213.88454691145	783.640014648438
1216.48082972404	783.880004882813
1219.07629218953	783.760009765625
1221.6709346717	783.52001953125
1224.26475753416	784.039978027344
1226.85776114028	784.280029296875
1229.44994585322	784.200012207031
1232.04131203592	784.559997558594
1234.63186005112	784.799987792969
1237.22159026133	785
1239.81050302886	785.159973144531
1242.3985987158	784.559997558594
1244.98587768402	785.080017089844
1247.5723402952	785.52001953125
1250.15798691078	785.119995117188
1252.74281789199	785.359985351563
1255.32683359987	785.039978027344
1257.91003439523	785.080017089844
1260.49242063865	785.039978027344
1263.07399269055	784.719970703125
1265.65475091108	785.599975585938
1268.23469566021	784.799987792969
1270.81382729769	785.239990234375
1273.39214618306	784.880004882813
1275.96965267566	785.320007324219
1278.54634713458	784.47998046875
1281.12222991875	784.47998046875
1283.69730138685	784.119995117188
1286.27156189737	784.960021972656
1288.84501180858	784.799987792969
1291.41765147853	784.799987792969
1293.98948126509	784.320007324219
1296.56050152589	785.039978027344
1299.13071261837	785.320007324219
1301.70011489973	785.200012207031
1304.268708727	785.280029296875
1306.83649445698	785.320007324219
1309.40347244625	785.200012207031
1311.96964305119	785.280029296875
1314.53500662799	784.960021972656
1317.0995635326	784.840026855469
1319.66331412077	784.679992675781
1322.22625874806	785.840026855469
1324.7883977698	785.119995117188
1327.34973154112	785.719970703125
1329.91026041694	785.119995117188
1332.46998475197	784.039978027344
1335.0289049007	785.200012207031
1337.58702121746	785.599975585938
1340.14433405631	785.679992675781
1342.70084377115	785.080017089844
1345.25655071563	785.599975585938
1347.81145524323	784.960021972656
1350.36555770721	784.760009765625
1352.91885846062	785.080017089844
1355.47135785631	784
1358.02305624691	784.200012207031
1360.57395398486	783.52001953125
1363.12405142237	783.119995117188
1365.67334891148	783.840026855469
1368.22184680399	784.080017089844
1370.76954545151	784.039978027344
1373.31644520545	783.200012207031
1375.86254641699	783.599975585938
1378.40784943713	783.400024414063
1380.95235461666	783.119995117188
1383.49606230615	784.679992675781
1386.03897285598	783.280029296875
1388.58108661632	783.640014648438
1391.12240393713	784
1393.66292516818	783.52001953125
1396.20265065903	783.719970703125
1398.74158075901	783
1401.2797158173	783.200012207031
1403.81705618282	782.840026855469
1406.35360220431	783.840026855469
1408.88935423032	783.640014648438
1411.42431260919	783.400024414063
1413.95847768903	783.280029296875
1416.49184981777	783.359985351563
1419.02442934314	782.840026855469
1421.55621661266	783.359985351563
1424.08721197364	783.440002441406
1426.61741577321	783.760009765625
1429.14682835828	783.599975585938
1431.67545007555	783.280029296875
1434.20328127153	783.840026855469
1436.73032229253	784.239990234375
1439.25657348466	784.239990234375
1441.78203519381	784.080017089844
1444.3067077657	785.239990234375
1446.83059154581	784.880004882813
1449.35368687944	784.919982910156
1451.8759941117	785.320007324219
1454.39751358748	785.640014648438
1456.91824565148	785.280029296875
1459.43819064818	785.159973144531
1461.95734892189	785.159973144531
1464.4757208167	784.320007324219
1466.99330667649	784.559997558594
1469.51010684497	784.719970703125
1472.02612166564	784.320007324219
1474.54135148177	784.440002441406
1477.05579663646	783.400024414063
1479.56945747262	783.799987792969
1482.08233433293	784.200012207031
1484.59442755989	783.47998046875
1487.10573749579	783.080017089844
1489.61626448275	783.080017089844
1492.12600886264	783.359985351563
1494.63497097718	783.359985351563
1497.14315116786	782.960021972656
1499.65054977599	782.440002441406
1502.15716714267	782.400024414063
1504.66300360881	781.919982910156
1507.16805951512	782.039978027344
1509.67233520211	782.280029296875
1512.1758310101	782.440002441406
1514.67854727919	782.039978027344
1517.18048434931	782.239990234375
1519.68164256018	782.440002441406
1522.18202225132	782.400024414063
1524.68162376207	782.159973144531
1527.18044743155	782.119995117188
1529.67849359869	782.440002441406
1532.17576260224	782.200012207031
1534.67225478072	782.47998046875
1537.1679704725	781.919982910156
1539.66291001572	782
1542.15707374832	781.960021972656
1544.65046200807	782.239990234375
1547.14307513254	782.640014648438
1549.63491345907	782.280029296875
1552.12597732485	782.960021972656
1554.61626706685	782.52001953125
1557.10578302185	782.119995117188
1559.59452552644	782.840026855469
1562.082494917	782.440002441406
1564.56969152973	783.239990234375
1567.05611570064	782
1569.54176776552	783.200012207031
1572.02664806	783
1574.51075691949	783.679992675781
1576.99409467921	783.559997558594
1579.4766616742	784
1581.95845823929	784
1584.43948470912	783.039978027344
1586.91974141815	784
1589.39922870064	784.119995117188
1591.87794689064	783.239990234375
1594.35589632202	782.799987792969
1596.83307732848	783.760009765625
1599.30949024348	783.599975585938
1601.78513540033	783.52001953125
1604.26001313211	783.960021972656
1606.73412377175	783.919982910156
1609.20746765196	783.760009765625
1611.68004510526	783.440002441406
1614.15185646398	784.320007324219
1616.62290206026	783.200012207031
1619.09318222605	783.760009765625
1621.56269729311	783.799987792969
1624.031447593	783.799987792969
1626.4994334571	784.320007324219
1628.9666552166	784.400024414063
1631.43311320248	783.919982910156
1633.89880774554	783.960021972656
1636.3637391764	784.880004882813
1638.82790782548	784
1641.29131402301	784.52001953125
1643.75395809903	785
1646.21584038339	785.359985351563
1648.67696120575	785.200012207031
1651.13732089558	785.039978027344
1653.59691978216	785.320007324219
1656.05575819459	785.359985351563
1658.51383646175	786.400024414063
1660.97115491238	785.280029296875
1663.42771387498	785.719970703125
1665.8835136779	785.719970703125
1668.33855464928	785.47998046875
1670.79283711708	785.47998046875
1673.24636140907	784.919982910156
1675.69912785282	785.080017089844
1678.15113677572	784.640014648438
1680.602388505	784.640014648438
1683.05288336764	784.119995117188
1685.50262169049	784.47998046875
1687.95160380019	783.840026855469
1690.39983002318	784
1692.84730068573	783.640014648438
1695.29401611392	782.840026855469
1697.73997663364	782.840026855469
1700.18518257059	782.919982910156
1702.6296342503	782.119995117188
1705.07333199807	782.359985351563
1707.51627613907	782.080017089844
1709.95846699824	781.440002441406
1712.39990490036	781.599975585938
1714.84059017001	782.359985351563
1717.28052313159	781.719970703125
1719.7197041093	781.960021972656
1722.15813342718	781.559997558594
1724.59581140906	781.320007324219
1727.03273837859	781.440002441406
1729.46891465926	781.599975585938
1731.90434057432	781.880004882813
1734.3390164469	781.52001953125
1736.7729425999	781.359985351563
1739.20611935604	780.919982910156
1741.63854703787	781.159973144531
1744.07022596776	781.47998046875
1746.50115646787	780.799987792969
1748.93133886019	781.359985351563
1751.36077346652	781.280029296875
1753.7894606085	781.400024414063
1756.21740060755	780.599975585938
1758.64459378494	780.719970703125
1761.07104046172	780.880004882813
1763.49674095879	781.559997558594
1765.92169559684	781.359985351563
1768.3459046964	780.52001953125
1770.7693685778	780.840026855469
1773.1920875612	780.919982910156
1775.61406196656	780.799987792969
1778.03529211367	781.159973144531
1780.45577832214	780.52001953125
1782.87552091138	780.960021972656
1785.29452020064	781.200012207031
1787.71277650897	780.760009765625
1790.13029015525	781
1792.54706145817	780.880004882813
1794.96309073625	780.440002441406
1797.3783783078	781.239990234375
1799.79292449097	781.239990234375
1802.20672960375	780.559997558594
1804.61979396389	780.52001953125
1807.03211788902	780.919982910156
1809.44370169655	781
1811.85454570373	780.840026855469
1814.2646502276	781.080017089844
1816.67401558506	780.880004882813
1819.0826420928	781
1821.49053006734	781.159973144531
1823.89767982501	780.799987792969
1826.30409168198	780.919982910156
1828.70976595422	781
1831.11470295753	781.159973144531
1833.51890300752	780.719970703125
1835.92236641964	781.440002441406
1838.32509350914	780.599975585938
1840.72708459111	780.640014648438
1843.12833998044	780.679992675781
1845.52885999184	780.679992675781
1847.92864493987	780.760009765625
1850.32769513889	780.840026855469
1852.72601090307	780.640014648438
1855.12359254642	780.799987792969
1857.52044038278	781.119995117188
1859.91655472578	781.080017089844
1862.31193588889	781.440002441406
1864.70658418542	780.640014648438
1867.10049992847	780.440002441406
1869.49368343096	781.039978027344
1871.88613500568	780.880004882813
1874.27785496518	781.679992675781
1876.66884362188	781.200012207031
1879.059101288	780.559997558594
1881.44862827559	780.719970703125
1883.8374248965	780.760009765625
1886.22549146246	780.719970703125
1888.61282828495	781.039978027344
1890.99943567534	780.760009765625
1893.38531394477	780.840026855469
1895.77046340424	780.400024414063
1898.15488436455	780.679992675781
1900.53857713634	780.960021972656
1902.92154203006	780.960021972656
1905.303779356	780.880004882813
1907.68528942426	780.719970703125
1910.06607254477	780.599975585938
1912.44612902729	780.559997558594
1914.82545918139	781.080017089844
1917.20406331648	780.47998046875
1919.58194174178	780.080017089844
1921.95909476634	781.239990234375
1924.33552269905	780.919982910156
1926.71122584861	780.679992675781
1929.08620452353	780.840026855469
1931.46045903219	780.960021972656
1933.83398968275	780.559997558594
1936.20679678322	781.119995117188
1938.57888064142	780.919982910156
1940.95024156502	780.799987792969
1943.3208798615	780.799987792969
1945.69079583816	781.200012207031
1948.05998980213	780.599975585938
1950.42846206038	780.960021972656
1952.79621291969	780.400024414063
1955.16324268668	780.960021972656
1957.52955166778	780.47998046875
1959.89514016927	780.599975585938
1962.26000849723	781.039978027344
1964.62415695759	780.880004882813
1966.98758585609	780.599975585938
1969.3502954983	781
1971.71228618964	781.080017089844
1974.07355823532	780.640014648438
1976.43411194042	780.47998046875
1978.79394760981	780.47998046875
1981.1530655482	780.840026855469
1983.51146606014	780.799987792969
1985.86914944999	780.440002441406
1988.22611602196	780.52001953125
1990.58236608007	780.960021972656
1992.93789992817	780.799987792969
1995.29271786995	780.599975585938
1997.64682020892	781.239990234375
2000.00020724843	781.280029296875
2002.35287929162	780.919982910156
2004.70483664152	780.599975585938
2007.05607960095	781.080017089844
2009.40660847256	781.039978027344
2011.75642355884	780.960021972656
2014.1055251621	781.52001953125
2016.4539135845	780.719970703125
2018.80158912802	781.239990234375
2021.14855209444	780.52001953125
2023.49480278542	780.799987792969
2025.84034150242	780.400024414063
2028.18516854673	781.159973144531
2030.52928421948	780.880004882813
2032.87268882163	781.200012207031
2035.21538265398	781.320007324219
2037.55736601713	780.960021972656
2039.89863921153	781.200012207031
2042.23920253747	780.719970703125
2044.57905629506	781.239990234375
2046.91820078425	781.039978027344
2049.2566363048	781.440002441406
2051.59436315633	780.640014648438
2053.93138163827	780.679992675781
2056.2676920499	781.119995117188
2058.6032946903	780.159973144531
2060.93818985843	781.239990234375
2063.27237785303	781.47998046875
2065.60585897272	781.239990234375
2067.93863351592	780.960021972656
2070.27070178089	781.47998046875
2072.60206406574	781.200012207031
2074.93272066838	781.039978027344
2077.26267188658	781.52001953125
2079.59191801793	780.719970703125
2081.92045935985	780.960021972656
2084.24829620962	781.440002441406
2086.57542886431	780.760009765625
2088.90185762087	781.320007324219
2091.22758277604	781.080017089844
2093.55260462643	780.960021972656
2095.87692346845	781.080017089844
2098.20053959837	781
2100.52345331229	781.280029296875
2102.84566490614	780.960021972656
2105.16717467567	781.159973144531
2107.48798291649	780.960021972656
2109.80808992403	781.080017089844
2112.12749599355	780.599975585938
2114.44620142016	781.359985351563
2116.7642064988	781.200012207031
2119.08151152423	780.440002441406
2121.39811679106	780.599975585938
2123.71402259374	781.320007324219
2126.02922922653	781.039978027344
2128.34373698356	781.359985351563
2130.65754615876	781.320007324219
2132.97065704594	781.239990234375
2135.28306993869	781.359985351563
2137.59478513047	781.239990234375
2139.90580291459	781.320007324219
2142.21612358416	781.159973144531
2144.52574743214	781.440002441406
2146.83467475134	780.840026855469
2149.1429058344	781.239990234375
2151.45044097377	781.47998046875
2153.75728046178	781.400024414063
2156.06342459057	781.039978027344
2158.36887365212	781.080017089844
2160.67362793825	781.119995117188
2162.97768774061	781.440002441406
2165.28105335071	781.280029296875
2167.58372505987	781.080017089844
2169.88570315926	780.719970703125
2172.18698793988	781.440002441406
2174.48757969258	780.960021972656
2176.78747870805	781.359985351563
2179.08668527679	781.359985351563
2181.38519968917	781.080017089844
2183.68302223538	781.039978027344
2185.98015320547	781.119995117188
2188.27659288929	780.640014648438
2190.57234157656	781.400024414063
2192.86739955682	781.440002441406
2195.16176711948	780.760009765625
2197.45544455375	781.280029296875
2199.74843214869	780.719970703125
2202.04073019322	780.719970703125
2204.33233897607	781.47998046875
2206.62325878583	781.080017089844
2208.91348991093	780.679992675781
2211.20303263961	780.919982910156
2213.49188726	780.960021972656
2215.78005406001	781.039978027344
2218.06753332744	780.760009765625
2220.35432534991	781.039978027344
2222.64043041487	780.840026855469
2224.92584880964	781.159973144531
2227.21058082134	780.919982910156
2229.49462673696	781
2231.77798684332	780.799987792969
2234.06066142709	780.840026855469
2236.34265077477	781.200012207031
2238.62395517269	781.239990234375
2240.90457490706	781.200012207031
2243.18451026388	781.119995117188
2245.46376152904	780.52001953125
2247.74232898823	780.840026855469
2250.02021292701	780.840026855469
2252.29741363077	781
2254.57393138475	781.719970703125
2256.849766474	780.719970703125
2259.12491918346	780.640014648438
2261.39938979788	780.719970703125
2263.67317860185	781
2265.94628587983	781.119995117188
2268.2187119161	781.159973144531
2270.49045699478	781.159973144531
2272.76152139985	780.840026855469
2275.03190541511	781.159973144531
2277.30160932421	781.080017089844
2279.57063341067	780.760009765625
2281.83897795781	780.760009765625
2284.10664324882	780.47998046875
2286.37362956672	780.640014648438
2288.63993719439	780.47998046875
2290.90556641454	780.960021972656
2293.17051750973	780.320007324219
2295.43479076235	780.880004882813
2297.69838645465	780.599975585938
2299.96130486871	780.599975585938
2302.22354628647	780.919982910156
2304.48511098971	780.840026855469
2306.74599926003	781.159973144531
2309.00621137891	780.840026855469
2311.26574762765	781.239990234375
2313.52460828741	780.760009765625
2315.78279363917	780.280029296875
2318.04030396379	781.159973144531
2320.29713954195	780.280029296875
2322.55330065418	780.599975585938
2324.80878758085	780.52001953125
2327.06360060219	780.599975585938
2329.31773999826	780.840026855469
2331.57120604897	780.47998046875
2333.82399903409	780.880004882813
2336.0761192332	780.47998046875
2338.32756692577	780.960021972656
2340.57834239108	780.52001953125
2342.82844590827	780.640014648438
2345.07787775633	780.400024414063
2347.32663821409	780.880004882813
2349.57472756023	780.960021972656
2351.82214607327	781.039978027344
2354.06889403158	780.719970703125
2356.31497171337	780.919982910156
2358.56037939672	780.760009765625
2360.80511735953	780.760009765625
2363.04918587955	780.640014648438
2365.29258523439	780.159973144531
2367.5353157015	780.719970703125
2369.77737755817	780.880004882813
2372.01877108156	780.320007324219
2374.25949654865	780.159973144531
2376.49955423629	780.559997558594
2378.73894442115	780.47998046875
2380.97766737977	780.799987792969
2383.21572338855	780.640014648438
2385.45311272369	780.640014648438
2387.68983566129	780.359985351563
2389.92589247727	781.119995117188
2392.1612834474	781.080017089844
2394.39600884731	780.320007324219
2396.63006895246	780.200012207031
2398.86346403818	780.119995117188
2401.09619437962	780.039978027344
2403.32826025182	780.599975585938
2405.55966192963	781
2407.79039968777	780.440002441406
2410.0204738008	780.640014648438
2412.24988454313	780.47998046875
2414.47863218902	780.559997558594
2416.70671701258	780.640014648438
2418.93413928778	780.679992675781
2421.16089928842	780.599975585938
2423.38699728817	780.880004882813
2425.61243356052	780.679992675781
2427.83720837884	780.919982910156
2430.06132201633	780.239990234375
2432.28477474606	780.880004882813
2434.50756684093	780.400024414063
2436.72969857371	780.47998046875
2438.95117021699	780.599975585938
2441.17198204325	780.280029296875
2443.39213432478	780.47998046875
2445.61162733376	780.47998046875
2447.83046134218	780.599975585938
2450.04863662192	780.960021972656
2452.26615344468	780.47998046875
2454.48301208203	780.640014648438
2456.69921280539	781.280029296875
2458.91475588602	780.599975585938
2461.12964159504	780.280029296875
2463.34387020342	780.559997558594
2465.55744198198	780.47998046875
2467.77035720139	780.760009765625
2469.98261613217	780.440002441406
2472.1942190447	780.200012207031
2474.40516620922	780.919982910156
2476.6154578958	780.640014648438
2478.82509437436	780.200012207031
2481.03407591471	780.719970703125
2483.24240278646	780.200012207031
2485.45007525911	780.640014648438
2487.65709360202	780.440002441406
2489.86345808435	780.840026855469
2492.06916897518	780.599975585938
2494.27422654339	780.47998046875
2496.47863105774	781
2498.68238278683	780.559997558594
2500.88548199912	780.880004882813
2503.08792896294	780.960021972656
2505.28972394643	780.400024414063
2507.49086721763	781
2509.6913590444	780.320007324219
2511.89119969447	780.47998046875
2514.09038943543	780.719970703125
2516.2889285347	780.679992675781
2518.48681725957	780.400024414063
2520.6840558772	780.359985351563
2522.88064465456	780.719970703125
2525.07658385852	780.599975585938
2527.27187375578	780.599975585938
2529.4665146129	779.760009765625
2531.66050669629	780.679992675781
2533.85385027222	780.159973144531
2536.04654560681	780.559997558594
2538.23859296605	781.119995117188
2540.42999261577	780.880004882813
2542.62074482166	781.080017089844
2544.81084984925	781.119995117188
2547.00030796395	780.799987792969
2549.18911943101	780.760009765625
2551.37728451555	780.919982910156
2553.56480348252	781.239990234375
2555.75167659675	780.760009765625
2557.93790412292	780.960021972656
2560.12348632556	781.159973144531
2562.30842346905	780.840026855469
2564.49271581764	780.080017089844
2566.67636363544	780.799987792969
2568.85936718639	780.280029296875
2571.04172673431	780.719970703125
2573.22344254288	780.359985351563
2575.40451487562	780.159973144531
2577.58494399591	780.119995117188
2579.76473016699	780.880004882813
2581.94387365196	781.080017089844
2584.12237471377	780.559997558594
2586.30023361523	780.239990234375
2588.47745061901	780.599975585938
2590.65402598763	780.47998046875
2592.82995998348	780.400024414063
2595.0052528688	780.599975585938
2597.17990490568	780.280029296875
2599.35391635608	780.47998046875
2601.52728748181	780.960021972656
2603.70001854454	780.840026855469
2605.8721098058	781.080017089844
2608.04356152698	780.679992675781
2610.21437396931	780.400024414063
2612.3845473939	780.47998046875
2614.55408206173	780.719970703125
2616.72297823359	780.640014648438
2618.89123617017	780.719970703125
2621.058856132	780.359985351563
2623.22583837949	780.719970703125
2625.39218317288	780.559997558594
2627.55789077229	781.039978027344
2629.72296143769	781.080017089844
2631.88739542891	780.400024414063
2634.05119300563	780.960021972656
2636.21435442742	780.760009765625
2638.37687995367	780.679992675781
2640.53876984365	780.640014648438
2642.70002435649	780.719970703125
2644.86064375119	781.280029296875
2647.02062828658	781.559997558594
2649.17997822137	780.559997558594
2651.33869381413	780.719970703125
2653.49677532328	781
2655.65422300711	780.679992675781
2657.81103712378	780.559997558594
2659.96721793127	780.400024414063
2662.12276568747	781.119995117188
2664.2776806501	781.359985351563
2666.43196307675	780.719970703125
2668.58561322486	780.760009765625
2670.73863135176	781.039978027344
2672.8910177146	781.080017089844
2675.04277257043	781.239990234375
2677.19389617612	781
2679.34438878845	780.799987792969
2681.49425066402	780.400024414063
2683.64348205931	781.200012207031
2685.79208323065	780.960021972656
2687.94005443425	780.960021972656
2690.08739592617	781.159973144531
2692.23410796233	781.239990234375
2694.38019079852	780.679992675781
2696.52564469038	781.47998046875
2698.67046989342	780.880004882813
2700.81466666302	780.719970703125
2702.9582352544	780.640014648438
2705.10117592265	781.119995117188
2707.24348892275	781.239990234375
2709.3851745095	780.880004882813
2711.5262329376	781.280029296875
2713.66666446158	780.599975585938
2715.80646933585	780.840026855469
2717.94564781468	780.880004882813
2720.08420015222	780.840026855469
2722.22212660245	781.239990234375
2724.35942741923	781.039978027344
2726.49610285628	781.080017089844
2728.63215316721	781.039978027344
2730.76757860544	781.239990234375
2732.9023794243	780.640014648438
2735.03655587697	781.359985351563
2737.17010821648	781.080017089844
2739.30303669573	781.119995117188
2741.4353415675	781.47998046875
2743.56702308442	780.960021972656
2745.69808149898	780.799987792969
2747.82851706355	780.599975585938
2749.95833003034	781.440002441406
2752.08752065145	781.400024414063
2754.21608917883	780.840026855469
2756.3440358643	781.320007324219
2758.47136095954	781.47998046875
2760.59806471609	781.679992675781
2762.72414738537	781.440002441406
2764.84960921865	780.960021972656
2766.97445046708	780.960021972656
2769.09867138166	781.080017089844
2771.22227221326	781.239990234375
2773.34525321263	781.200012207031
2775.46761463035	780.679992675781
2777.58935671691	781.159973144531
2779.71047972262	781.280029296875
2781.83098389771	781.080017089844
2783.95086949221	781.719970703125
2786.07013675607	781.119995117188
2788.18878593908	781.239990234375
2790.3068172909	781.159973144531
2792.42423106106	781.359985351563
2794.54102749895	780.799987792969
2796.65720685384	780.919982910156
2798.77276937486	780.919982910156
2800.88771531098	781.039978027344
2803.00204491107	782.080017089844
2805.11575842387	781.52001953125
2807.22885609796	780.52001953125
2809.34133818179	781.599975585938
2811.4532049237	780.799987792969
2813.56445657189	781.239990234375
2815.6750933744	781.039978027344
2817.78511557916	781.52001953125
2819.89452343398	781.640014648438
2822.00331718652	781.679992675781
2824.11149708429	781.47998046875
2826.2190633747	781.880004882813
2828.32601630502	782.080017089844
2830.43235612237	781.679992675781
2832.53808307375	781.760009765625
2834.64319740603	782
2836.74769936595	781.47998046875
2838.85158920011	782.200012207031
2840.95486715497	782.880004882813
2843.05753347689	783.039978027344
2845.15958841206	782.960021972656
2847.26103220657	783.440002441406
2849.36186510636	784.119995117188
2851.46208735724	783.559997558594
2853.56169920488	783.880004882813
2855.66070089485	784.440002441406
2857.75909267257	784.760009765625
2859.85687478332	785.159973144531
2861.95404747225	786
2864.05061098439	786.52001953125
2866.14656556464	785.599975585938
2868.24191145777	784.960021972656
2870.3366489084	785.840026855469
2872.43077816104	786.919982910156
2874.52429946006	786.799987792969
2876.61721304971	787
2878.70951917409	787.559997558594
2880.8012180772	787.52001953125
2882.89231000287	787.52001953125
2884.98279519483	787.119995117188
2887.07267389667	787.840026855469
2889.16194635186	787.719970703125
2891.25061280373	787.599975585938
2893.33867349546	787.47998046875
2895.42612867015	787.919982910156
2897.51297857074	788.080017089844
2899.59922344003	788.400024414063
2901.68486352071	789.280029296875
2903.76989905533	789.080017089844
2905.85433028632	788.919982910156
2907.93815745598	788.880004882813
2910.02138080648	789.320007324219
2912.10400057985	789.559997558594
2914.186017018	789.840026855469
2916.26743036271	790.559997558594
2918.34824085563	790.320007324219
2920.4284487383	789.52001953125
2922.5080542521	791.080017089844
2924.58705763829	790.280029296875
2926.66545913802	791.320007324219
2928.74325899231	791.880004882813
2930.82045744202	793.200012207031
2932.89705472792	792.840026855469
2934.97305109062	792.880004882813
2937.04844677063	792.760009765625
2939.12324200832	792.679992675781
2941.19743704393	792.960021972656
2943.27103211757	792.400024414063
2945.34402746923	792.599975585938
2947.41642333876	792.159973144531
2949.48821996592	791.400024414063
2951.55941759028	791.080017089844
2953.63001645135	790.760009765625
2955.70001678845	790.599975585938
2957.76941884083	790
2959.83822284757	790
2961.90642904764	790.080017089844
2963.97403767988	789.640014648438
2966.04104898302	789.200012207031
2968.10746319565	789
2970.17328055621	789.200012207031
2972.23850130305	788.799987792969
2974.30312567438	788.239990234375
2976.36715390829	788.919982910156
2978.43058624273	789.440002441406
2980.49342291553	788.239990234375
2982.55566416439	787.960021972656
2984.61731022691	788
2986.67836134051	788.039978027344
2988.73881774255	787.679992675781
2990.79867967021	788.080017089844
2992.85794736058	786.919982910156
2994.9166210506	786.880004882813
2996.97470097711	786.919982910156
2999.03218737679	786.47998046875
3001.08908048622	785.719970703125
3003.14538054186	786.559997558594
3005.20108778002	786
3007.25620243691	786.640014648438
3009.3107247486	785.440002441406
3011.36465495104	785.359985351563
3013.41799328004	785.840026855469
3015.47073997133	785.599975585938
3017.52289526045	785.200012207031
3019.57445938288	786.080017089844
3021.62543257393	785.880004882813
3023.6758150688	785.840026855469
3025.72560710258	785.440002441406
3027.77480891021	785.679992675781
3029.82342072652	785.840026855469
3031.87144278622	786.080017089844
3033.91887532389	786.119995117188
3035.96571857399	786.280029296875
3038.01197277084	785.960021972656
3040.05763814867	785.919982910156
3042.10271494154	786.119995117188
3044.14720338344	787.039978027344
3046.19110370818	786.799987792969
3048.2344161495	786
3050.27714094097	787.760009765625
3052.31927831608	787.239990234375
3054.36082850816	787.799987792969
3056.40179175044	787.640014648438
3058.44216827602	787.760009765625
3060.48195831786	787.239990234375
3062.52116210884	787.919982910156
3064.55977988167	787.880004882813
3066.59781186897	788.679992675781
3068.63525830322	788.760009765625
3070.67211941678	788.760009765625
3072.7083954419	788.280029296875
3074.7440866107	788.840026855469
3076.77919315516	788.47998046875
3078.81371530716	789.119995117188
3080.84765329846	788.599975585938
3082.88100736068	789.960021972656
3084.91377772534	788.679992675781
3086.94596462381	789.200012207031
3088.97756828737	789.359985351563
3091.00858894714	790
3093.03902683417	790.119995117188
3095.06888217933	789.239990234375
3097.09815521342	789.640014648438
3099.12684616709	789.599975585938
3101.15495527087	789.960021972656
3103.18248275518	790.320007324219
3105.20942885031	791.280029296875
3107.23579378642	791.239990234375
3109.26157779358	791.159973144531
3111.28678110171	791.280029296875
3113.31140394062	791.840026855469
3115.33544654	792.039978027344
3117.35890912942	791.52001953125
3119.38179193832	792.440002441406
3121.40409519602	792.760009765625
3123.42581913174	793.239990234375
3125.44696397457	792.919982910156
3127.46752995345	792.919982910156
3129.48751729725	794.400024414063
3131.50692623469	793.840026855469
3133.52575699436	794.280029296875
3135.54400980476	794.440002441406
3137.56168489425	794.440002441406
3139.57878249108	795.47998046875
3141.59530282337	794.239990234375
3143.61124611913	795.080017089844
3145.62661260624	795.799987792969
3147.64140251247	794.760009765625
3149.65561606547	795.200012207031
3151.66925349277	795.200012207031
3153.68231502177	795.760009765625
3155.69480087977	796.47998046875
3157.70671129394	796.840026855469
3159.71804649132	795.599975585938
3161.72880669886	797.919982910156
3163.73899214336	798.440002441406
3165.74860305152	798.719970703125
3167.75763964991	798.52001953125
3169.766102165	799.159973144531
3171.77399082313	798.47998046875
3173.7813058505	798.880004882813
3175.78804747323	798.599975585938
3177.79421591731	797.840026855469
3179.79981140859	800.200012207031
3181.80483417282	799.280029296875
3183.80928443564	798.239990234375
3185.81316242255	799
3187.81646835896	799.239990234375
3189.81920247013	800.280029296875
3191.82136498122	799.799987792969
3193.82295611727	800.52001953125
3195.82397610321	799.840026855469
3197.82442516385	801.960021972656
3199.82430352386	802.559997558594
3201.82361140782	803.039978027344
3203.82234904018	803.799987792969
3205.82051664529	801.960021972656
3207.81811444735	802.159973144531
3209.81514267047	803.159973144531
3211.81160153863	802.640014648438
3213.80749127571	802.719970703125
3215.80281210545	802.640014648438
3217.79756425148	802.320007324219
3219.79174793733	803.159973144531
3221.7853633864	804.119995117188
3223.77841082196	804.119995117188
3225.77089046719	803.400024414063
3227.76280254513	803
3229.75414727873	804.719970703125
3231.74492489081	803.919982910156
3233.73513560406	804.719970703125
3235.72477964107	805.239990234375
3237.71385722431	805.280029296875
3239.70236857614	805.359985351563
3241.6903139188	804.320007324219
3243.6776934744	802.919982910156
3245.66450746496	803.440002441406
3247.65075611237	803.280029296875
3249.63643963841	804.559997558594
3251.62155826472	804.200012207031
3253.60611221287	805.760009765625
3255.59010170428	806.200012207031
3257.57352696026	805.239990234375
3259.55638820202	805
3261.53868565064	804
3263.52041952708	804.679992675781
3265.50159005221	805.640014648438
3267.48219744676	804.200012207031
3269.46224193136	804.47998046875
3271.44172372651	805.039978027344
3273.42064305262	805.840026855469
3275.39900012996	806.52001953125
3277.3767951787	804.400024414063
3279.35402841889	805.359985351563
3281.33070007047	805.159973144531
3283.30681035326	806.239990234375
3285.28235948698	807.599975585938
3287.25734769121	805.52001953125
3289.23177518544	804
3291.20564218903	804.239990234375
3293.17894892124	804.559997558594
3295.1516956012	804.840026855469
3297.12388244795	805.400024414063
3299.09550968039	805.119995117188
3301.06657751732	805.440002441406
3303.03708617743	806.239990234375
3305.00703587929	806.080017089844
3306.97642684135	804.400024414063
3308.94525928196	806.159973144531
3310.91353341935	804.799987792969
3312.88124947164	805.080017089844
3314.84840765683	804.400024414063
3316.81500819282	805.799987792969
3318.78105129738	806.239990234375
3320.74653718818	805.440002441406
3322.71146608278	804.440002441406
3324.67583819861	804.400024414063
3326.639653753	805.239990234375
3328.60291296317	806.599975585938
3330.56561604621	807.760009765625
3332.52776321913	805.599975585938
3334.4893546988	803.760009765625
3336.45039070198	804.440002441406
3338.41087144533	805.320007324219
3340.37079714539	803.559997558594
3342.33016801859	803.919982910156
3344.28898428124	805.119995117188
3346.24724614955	804.640014648438
3348.20495383962	806.280029296875
3350.16210756742	803.919982910156
3352.11870754883	802.239990234375
3354.07475399961	803
3356.03024713539	803.159973144531
3357.98518717173	804
3359.93957432403	804.719970703125
3361.89340880761	804.440002441406
3363.84669083768	805.080017089844
3365.79942062933	803.039978027344
3367.75159839753	803.039978027344
3369.70322435715	803.080017089844
3371.65429872295	805
3373.60482170957	803.760009765625
3375.55479353155	804.440002441406
3377.50421440332	805.239990234375
3379.45308453918	806.200012207031
3381.40140415335	804.719970703125
3383.34917345991	803.599975585938
3385.29639267284	804.200012207031
3387.24306200602	804.679992675781
3389.18918167321	804.760009765625
3391.13475188806	805.840026855469
3393.07977286411	806.080017089844
3395.02424481479	804.080017089844
3396.96816795342	806.159973144531
3398.91154249322	806.440002441406
3400.85436864728	806.640014648438
3402.79664662859	806.640014648438
3404.73837665004	804.960021972656
3406.67955892439	806.559997558594
3408.62019366432	807.200012207031
3410.56028108236	806.359985351563
3412.49982139096	805.799987792969
3414.43881480247	805.359985351563
3416.37726152909	805.679992675781
3418.31516178295	807.440002441406
3420.25251577605	805.239990234375
3422.18932372029	805.840026855469
3424.12558582746	806.919982910156
3426.06130230922	807.799987792969
3427.99647337717	805.799987792969
3429.93109924274	805.280029296875
3431.8651801173	805.159973144531
3433.79871621209	805.960021972656
3435.73170773824	805.440002441406
3437.66415490678	804.919982910156
3439.59605792862	805.280029296875
3441.52741701458	804.799987792969
3443.45823237536	804.080017089844
3445.38850422154	805.719970703125
3447.31823276362	805.719970703125
3449.24741821196	804.559997558594
3451.17606077684	805
3453.10416066842	805.840026855469
3455.03171809674	805.159973144531
3456.95873327175	804.039978027344
3458.88520640329	804.440002441406
3460.81113770109	804.52001953125
3462.73652737477	804.400024414063
3464.66137563383	804.440002441406
3466.58568268769	802.280029296875
3468.50944874565	802.039978027344
3470.43267401689	801.119995117188
3472.3553587105	802.320007324219
3474.27750303545	802.239990234375
3476.19910720062	802.159973144531
3478.12017141476	801.919982910156
3480.04069588654	802.039978027344
3481.9606808245	803.039978027344
3483.88012643707	803.280029296875
3485.79903293259	802.760009765625
3487.7174005193	802.039978027344
3489.63522940532	800.52001953125
3491.55251979864	800.679992675781
3493.46927190719	799.52001953125
3495.38548593877	800.359985351563
3497.30116210107	799.960021972656
3499.21630060167	800
3501.13090164807	798.919982910156
3503.04496544763	798.679992675781
3504.95849220763	798.640014648438
3506.87148213523	797.799987792969
3508.78393543748	798.47998046875
3510.69585232134	797.880004882813
3512.60723299365	796.52001953125
3514.51807766116	797.359985351563
3516.42838653049	797.640014648438
3518.33815980819	798.159973144531
3520.24739770066	796.799987792969
3522.15610041423	796.719970703125
3524.06426815511	796.559997558594
3525.9719011294	796.559997558594
3527.87899954311	795.960021972656
3529.78556360213	795.960021972656
3531.69159351225	796.159973144531
3533.59708947916	795.359985351563
3535.50205170844	795.640014648438
3537.40648040556	794.799987792969
3539.3103757759	793.640014648438
3541.21373802472	792.919982910156
3543.11656735717	792.280029296875
3545.01886397833	792.599975585938
3546.92062809313	792.880004882813
3548.82185990643	791.960021972656
3550.72255962297	792.799987792969
3552.62272744738	793.760009765625
3554.5223635842	793.960021972656
3556.42146823786	793.039978027344
3558.32004161268	792.159973144531
3560.21808391289	791.599975585938
3562.11559534259	791.400024414063
3564.01257610581	791.640014648438
3565.90902640645	791.159973144531
3567.80494644831	792.400024414063
3569.7003364351	792.039978027344
3571.59519657042	791.679992675781
3573.48952705774	791.799987792969
3575.38332810048	791.559997558594
3577.27659990191	791.320007324219
3579.16934266521	791
3581.06155659346	790.359985351563
3582.95324188965	790.039978027344
3584.84439875663	789.47998046875
3586.73502739718	789.359985351563
3588.62512801397	789.640014648438
3590.51470080955	790
3592.40374598639	789
3594.29226374685	788.640014648438
3596.18025429317	788.440002441406
3598.06771782751	789
3599.95465455192	788.080017089844
3601.84106466834	787.280029296875
3603.72694837861	788.359985351563
3605.61230588447	788.359985351563
3607.49713738756	788
3609.38144308942	787.640014648438
3611.26522319148	787.880004882813
3613.14847789506	788.159973144531
3615.0312074014	787.200012207031
3616.91341191162	786.960021972656
3618.79509162674	786.47998046875
3620.67624674769	786.640014648438
3622.55687747528	786.679992675781
3624.43698401024	787.440002441406
3626.31656655317	788.320007324219
3628.1956253046	786.960021972656
3630.07416046492	786.400024414063
3631.95217223446	786.239990234375
3633.82966081342	786.400024414063
3635.70662640191	786.679992675781
3637.58306919993	786.119995117188
3639.45898940739	786.400024414063
3641.33438722409	785.440002441406
3643.20926284973	785.320007324219
3645.08361648392	785.280029296875
3646.95744832614	784.880004882813
3648.8307585758	784.840026855469
3650.7035474322	785.039978027344
3652.57581509452	784.960021972656
3654.44756176188	785.400024414063
3656.31878763324	784.039978027344
3658.18949290753	784.52001953125
3660.05967778352	784.080017089844
3661.9293424599	783.640014648438
3663.79848713527	783.239990234375
3665.66711200812	783.440002441406
3667.53521727684	784.359985351563
3669.40280313972	782.960021972656
3671.26986979494	783.359985351563
3673.13641744059	782.760009765625
3675.00244627468	782.559997558594
