-140.373595351881	778.880004882813
-137.335129063906	778.919982910156
-134.297686810867	779.119995117188
-131.261268103955	778.799987792969
-128.225872454677	778.880004882813
-125.191499374839	778.880004882813
-122.158148376567	778.52001953125
-119.125818972292	779.119995117188
-116.094510674759	778.760009765625
-113.064222997021	779.039978027344
-110.034955452443	779.200012207031
-107.006707554687	778.799987792969
-103.979478817741	778.919982910156
-100.95326875589	778.919982910156
-97.928076883731	778.640014648438
-94.9039027161698	778.599975585938
-91.8807457684175	779
-88.8586055560018	779.359985351563
-85.8374815947384	779.280029296875
-82.8173734007715	778.760009765625
-79.7982804905411	778.880004882813
-76.7802023807988	779.359985351563
-73.7631385885914	779.080017089844
-70.7470886312892	778.919982910156
-67.732052026553	778.919982910156
-64.7180282923587	778.799987792969
-61.7050169469884	778.799987792969
-58.6930175090183	779
-55.6820294973386	779
-52.6720524311495	778.880004882813
-49.66308582994	778.760009765625
-46.6551292135171	778.960021972656
-43.6481821019882	779
-40.6422440157577	778.880004882813
-37.6373144755424	778.960021972656
-34.6333930023594	779
-31.630479117526	778.919982910156
-28.6285723426709	779.200012207031
-25.6276721997107	779.080017089844
-22.6277782108771	779.159973144531
-19.628889898701	779.200012207031
-16.6310067860081	779.440002441406
-13.6341283959385	779.239990234375
-10.6382542519231	779.47998046875
-7.64338387769432	783.760009765625
-4.64951679729502	799.039978027344
-1.65665253506141	813.440002441406
1.33520938438089	810.159973144531
4.32606943608095	790.960021972656
7.315928094803	780.280029296875
10.3047858350146	779.119995117188
13.2926431308747	779.080017089844
16.2795004562541	779.080017089844
19.2653582847118	779.159973144531
22.2502170895187	778.760009765625
25.2340773436344	778.559997558594
28.216939519735	779.039978027344
31.1988040901939	779.080017089844
34.1796715270814	778.840026855469
37.1595423021732	778.719970703125
40.1384168869468	778.400024414063
43.1162957525854	778.640014648438
46.0931793699786	778.47998046875
49.0690682097059	778.760009765625
52.0439627420619	778.840026855469
55.0178634370476	778.919982910156
57.9907707643592	778.840026855469
60.9626851933962	778.919982910156
63.9336071932735	778.359985351563
66.9035372328018	778.679992675781
69.8724757804959	778.919982910156
72.8404233045826	778.760009765625
75.8073802729932	778.599975585938
78.7733471533597	778.840026855469
81.738324413019	778.719970703125
84.702312519025	778.919982910156
87.665311938125	778.799987792969
90.6273231367761	779.239990234375
93.5883465811569	778.880004882813
96.5483827371242	778.919982910156
99.5074320702731	778.52001953125
102.465495045889	778.919982910156
105.422572128961	778.760009765625
108.378663784199	778.400024414063
111.333770476014	778.440002441406
114.287892668528	778.559997558594
117.24103082557	779.119995117188
120.193185410674	779.159973144531
123.144356887097	778.799987792969
126.094545717786	779.359985351563
129.043752365413	779.239990234375
131.991977292355	779.400024414063
134.939220960695	779.559997558594
137.885483832232	779.400024414063
140.83076636847	780
143.775069030632	780.119995117188
146.718392279644	780.200012207031
149.660736576149	779.919982910156
152.602102380488	780.320007324219
155.54249015274	780.840026855469
158.481900352672	780.799987792969
161.420333439765	781.039978027344
164.357789873227	781.47998046875
167.294270111968	781.119995117188
170.229774614617	781.640014648438
173.164303839496	782
176.097858244675	782.280029296875
179.030438287908	782.719970703125
181.962044426678	782.760009765625
184.89267711817	783.200012207031
187.822336819302	783.239990234375
190.751023986678	783.47998046875
193.678739076648	783.880004882813
196.605482545255	783.640014648438
199.531254848261	784.039978027344
202.456056441152	783.760009765625
205.379887779119	784.400024414063
208.30274931708	784.039978027344
211.224641509656	784.47998046875
214.145564811189	783.960021972656
217.06551967574	783.47998046875
219.984506557089	783.760009765625
222.902525908723	784
225.819578183856	784.280029296875
228.735663835415	784
231.650783316047	783.799987792969
234.564937078107	784.080017089844
237.478125573679	784.119995117188
240.390349254566	784.159973144531
243.301608572278	783.440002441406
246.211903978051	783.840026855469
249.121235922839	783.840026855469
252.029604857321	784.280029296875
254.93701123188	784.239990234375
257.843455496632	784.799987792969
260.748938101415	785.119995117188
263.653459495766	785.200012207031
266.557020128967	785.320007324219
269.459620450005	786
272.361260907595	785.640014648438
275.261941950168	785.960021972656
278.161664025874	786
281.060427582592	785.919982910156
283.958233067921	786.239990234375
286.855080929176	785.320007324219
289.750971613398	785.440002441406
292.645905567344	785.239990234375
295.539883237503	785.640014648438
298.432905070079	785.280029296875
301.324971511007	785.599975585938
304.216083005931	786.52001953125
307.10624000023	785.880004882813
309.995442939003	786.47998046875
312.883692267071	787.760009765625
315.770988428979	790.320007324219
318.657331869	793.599975585938
321.542723031127	794.880004882813
324.427162359076	795.440002441406
327.310650296293	793.159973144531
330.193187285945	789.679992675781
333.074773770929	787.039978027344
335.955410193855	785.799987792969
338.835096997075	784.960021972656
341.713834622655	784.599975585938
344.59162351239	785.159973144531
347.468464107802	785.039978027344
350.344356850137	784.47998046875
353.219302180373	784.320007324219
356.093300539208	784.119995117188
358.966352367073	784.719970703125
361.838458104123	784.52001953125
364.70961819024	784.280029296875
367.579833065031	783.919982910156
370.449103167837	784
373.317428937727	784.320007324219
376.184810813496	784.119995117188
379.051249233659	784.200012207031
381.916744636474	784.559997558594
384.78129745992	784.440002441406
387.644908141706	783.679992675781
390.50757711927	784.47998046875
393.36930482978	784.840026855469
396.23009171014	784.640014648438
399.089938196969	784.760009765625
401.948844726631	783.960021972656
404.806811735214	784.52001953125
407.66383965853	784.559997558594
410.519928932138	784.400024414063
413.375079991314	784.599975585938
416.229293271071	784.159973144531
419.082569206155	783.799987792969
421.934908231031	784.640014648438
424.786310779917	784.119995117188
427.636777286748	784.119995117188
430.486308185189	784.119995117188
433.334903908649	783.960021972656
436.182564890262	783.359985351563
439.029291562898	784.760009765625
441.875084359157	784.159973144531
444.719943711374	783.840026855469
447.563870051618	784.559997558594
450.406863811695	784.080017089844
453.248925423132	783.47998046875
456.090055317208	784.200012207031
458.93025392492	783.719970703125
461.76952167701	783.960021972656
464.60785900395	783.840026855469
467.44526633595	783.880004882813
470.281744102955	784.400024414063
473.117292734635	783.559997558594
475.951912660415	784.280029296875
478.785604309439	784.320007324219
481.618368110592	784.320007324219
484.450204492499	784.200012207031
487.281113883518	784.599975585938
490.111096711738	784.320007324219
492.940153404999	784.559997558594
495.768284390864	784.200012207031
498.595490096635	784.359985351563
501.421770949366	784.200012207031
504.247127375825	783.840026855469
507.071559802537	784.320007324219
509.89506865575	783.760009765625
512.717654361473	783.599975585938
515.539317345424	784.400024414063
518.360058033083	784
521.179876849652	783.359985351563
523.998774220083	784.039978027344
526.816750569068	783.47998046875
529.633806321025	784.679992675781
532.44994190013	784.200012207031
535.265157730284	784.400024414063
538.079454235133	784.080017089844
540.892831838066	784.119995117188
543.705290962208	784.280029296875
546.516832030424	783.840026855469
549.32745546533	783.679992675781
552.137161689268	784.280029296875
554.945951124325	783.919982910156
557.753824192341	783.52001953125
560.560781314883	783.52001953125
563.36682291327	783.760009765625
566.171949408555	784.320007324219
568.976161221537	783.880004882813
571.779458772759	783.679992675781
574.5818424825	783.799987792969
577.383312770792	783.640014648438
580.183870057402	783.359985351563
582.983514761843	783.679992675781
585.782247303363	783.679992675781
588.580068100976	783.760009765625
591.376977573414	784.080017089844
594.172976139164	783.47998046875
596.968064216463	783.47998046875
599.762242223282	784.320007324219
602.555510577335	783.960021972656
605.347869696099	783.760009765625
608.139319996771	783.440002441406
610.929861896313	782.880004882813
613.719495811421	783.599975585938
616.508222158541	783.159973144531
619.296041353863	784.159973144531
622.082953813324	783.760009765625
624.868959952607	783.919982910156
627.654060187137	784.080017089844
630.438254932094	783.880004882813
633.221544602397	783.320007324219
636.003929612719	782.799987792969
638.785410377468	783.440002441406
641.565987310814	783.919982910156
644.345660826665	784.239990234375
647.124431338674	783.400024414063
649.902299260252	782.799987792969
652.679265004552	783.799987792969
655.455328984475	783.400024414063
658.230491612671	784.119995117188
661.004753301541	783.52001953125
663.778114463229	783.799987792969
666.550575509631	783.719970703125
669.322136852395	783.719970703125
672.092798902916	783.880004882813
674.862562072336	783.440002441406
677.631426771548	783.440002441406
680.399393411204	783.840026855469
683.166462401689	784.200012207031
685.93263415315	783.760009765625
688.697909075486	783.47998046875
691.462287578337	783.799987792969
694.225770071098	783.039978027344
696.988356962926	783.799987792969
699.750048662705	783.719970703125
702.5108455791	783.719970703125
705.270748120503	783.359985351563
708.029756695068	783.599975585938
710.787871710705	783.840026855469
713.545093575065	783.640014648438
716.301422695566	783.760009765625
719.056859479364	784.119995117188
721.811404333376	784.440002441406
724.56505766427	783.440002441406
727.317819878473	784.119995117188
730.069691382148	783.599975585938
732.820672581226	783.919982910156
735.570763881396	783.960021972656
738.319965688092	783.640014648438
741.068278406496	783.440002441406
743.815702441559	783.440002441406
746.562238197974	783.679992675781
749.307886080196	783.599975585938
752.052646492436	784.200012207031
754.796519838656	784.799987792969
757.539506522567	783.760009765625
760.28160694765	783.559997558594
763.022821517128	784.400024414063
765.76315063399	783.640014648438
768.502594700972	783.919982910156
771.241154120572	783.359985351563
773.978829295045	783.840026855469
776.715620626397	784.280029296875
779.451528516396	783.960021972656
782.186553366565	785
784.920695578179	784.760009765625
787.653955552283	784.200012207031
790.386333689662	784.359985351563
793.117830390877	784.119995117188
795.848446056227	783.400024414063
798.578181085792	784.119995117188
801.307035879389	784.320007324219
804.035010836599	784.159973144531
806.762106356774	784
809.488322839013	783.559997558594
812.213660682169	783.640014648438
814.938120284866	784
817.661702045482	784.119995117188
820.384406362153	783.799987792969
823.10623363278	784
825.827184255014	784
828.547258626283	783.960021972656
831.266457143747	783.559997558594
833.984780204358	784.080017089844
836.702228204804	783.919982910156
839.418801541552	783.239990234375
842.134500610814	783.559997558594
844.849325808575	783.880004882813
847.563277530579	783.440002441406
850.276356172319	783.719970703125
852.988562129066	783.679992675781
855.69989579585	784.200012207031
858.410357567456	784
861.119947838428	783.47998046875
863.828667003087	783.52001953125
866.536515455503	783.159973144531
869.243493589517	783.440002441406
871.949601798728	783.080017089844
874.654840476504	784.080017089844
877.359210015961	783.719970703125
880.062710810003	783.760009765625
882.765343251273	783.52001953125
885.467107732191	784
888.168004644938	783.840026855469
890.868034381467	783.559997558594
893.567197333476	783.320007324219
896.265493892445	783.47998046875
898.962924449614	783.159973144531
901.659489395985	783.440002441406
904.355189122325	783.239990234375
907.050024019165	783.840026855469
909.743994476809	783.799987792969
912.437100885322	783.880004882813
915.129343634532	783.239990234375
917.820723114032	783.559997558594
920.511239713189	783.880004882813
923.200893821127	783.719970703125
925.889685826744	783.840026855469
928.577616118699	783.47998046875
931.264685085419	784.400024414063
933.950893115098	783.840026855469
936.6362405957	783.52001953125
939.320727914956	784.400024414063
942.004355460359	784.119995117188
944.687123619173	784.119995117188
947.369032778431	783.960021972656
950.050083324934	784.280029296875
952.730275645247	784.080017089844
955.409610125711	783.47998046875
958.088087152423	783.719970703125
960.765707111263	784.080017089844
963.442470387871	784.359985351563
966.118377367657	784.200012207031
968.793428435798	784.159973144531
971.467623977254	783.799987792969
974.140964376739	783.440002441406
976.813450018737	783.320007324219
979.485081287511	783.559997558594
982.155858567087	783.799987792969
984.825782241271	783.200012207031
987.494852693624	783.960021972656
990.163070307487	784.039978027344
992.830435465978	783.760009765625
995.496948551973	783.679992675781
998.162609948122	783.799987792969
1000.82742003685	784.039978027344
1003.49137920036	784.679992675781
1006.15448782061	785.640014648438
1008.81674627934	785
1011.47815495806	784.119995117188
1014.13871423805	783.640014648438
1016.79842450037	783.919982910156
1019.45728612586	783.599975585938
1022.11529949509	783.280029296875
1024.77246498846	782.47998046875
1027.4287829861	783.679992675781
1030.08425386792	784
1032.73887801363	783.760009765625
1035.3926558027	784.400024414063
1038.04558761435	783.799987792969
1040.69767382761	783.52001953125
1043.34891482125	783.52001953125
1045.99931097384	783.559997558594
1048.64886266371	783.359985351563
1051.29757026898	783.280029296875
1053.94543416753	783.440002441406
1056.59245473701	783.799987792969
1059.23863235486	783.799987792969
1061.8839673983	783.52001953125
1064.5284602443	783.799987792969
1067.17211126962	783.799987792969
1069.8149208508	784.039978027344
1072.45688936415	784.080017089844
1075.09801718577	783.799987792969
1077.7383046915	783.47998046875
1080.377752257	784.52001953125
1083.01636025767	783.559997558594
1085.65412906872	783.760009765625
1088.2910590651	783.919982910156
1090.92715062157	783.640014648438
1093.56240411266	784.159973144531
1096.19681991265	784
1098.83039839564	784.599975585938
1101.46313993547	783.719970703125
1104.09504490579	784.119995117188
1106.72611368	784.119995117188
1109.35634663129	783.400024414063
1111.98574413263	783.559997558594
1114.61430655677	783.440002441406
1117.24203427624	783.359985351563
1119.86892766333	783.47998046875
1122.49498709014	783.320007324219
1125.12021292851	783.280029296875
1127.74460555011	783.679992675781
1130.36816532634	783.640014648438
1132.99089262841	783.080017089844
1135.6127878273	782.960021972656
1138.23385129376	783.119995117188
1140.85408339834	782.960021972656
1143.47348451137	783.719970703125
1146.09205500294	783.679992675781
1148.70979524293	783.080017089844
1151.326705601	783.200012207031
1153.9427864466	783.239990234375
1156.55803814896	782.919982910156
1159.17246107707	782.799987792969
1161.78605559974	783.440002441406
1164.39882208551	783.159973144531
1167.01076090276	782.599975585938
1169.6218724196	783.159973144531
1172.23215700396	782.919982910156
1174.84161502352	783.239990234375
1177.45024684578	782.840026855469
1180.05805283799	783.52001953125
1182.66503336719	783.47998046875
1185.27118880021	782.960021972656
1187.87651950367	783.400024414063
1190.48102584395	783.440002441406
1193.08470818723	783.280029296875
1195.68756689948	782.919982910156
1198.28960234643	782.440002441406
1200.89081489363	783.239990234375
1203.49120490636	783.960021972656
1206.09077274974	783.960021972656
1208.68951878864	784.039978027344
1211.28744338773	784.200012207031
1213.88454691145	783.960021972656
1216.48082972404	783.559997558594
1219.07629218953	784.119995117188
1221.6709346717	784.080017089844
1224.26475753416	784.52001953125
1226.85776114028	784.280029296875
1229.44994585322	783.960021972656
1232.04131203592	784.280029296875
1234.63186005112	784.919982910156
1237.22159026133	785.159973144531
1239.81050302886	784.960021972656
1242.3985987158	784.719970703125
1244.98587768402	785.159973144531
1247.5723402952	785.559997558594
1250.15798691078	784.719970703125
1252.74281789199	785.640014648438
1255.32683359987	785.280029296875
1257.91003439523	785.239990234375
1260.49242063865	785.280029296875
1263.07399269055	785.080017089844
1265.65475091108	785.960021972656
1268.23469566021	784.559997558594
1270.81382729769	785.320007324219
1273.39214618306	784.679992675781
1275.96965267566	785.760009765625
1278.54634713458	784.880004882813
1281.12222991875	784.960021972656
1283.69730138685	784.239990234375
1286.27156189737	785.239990234375
1288.84501180858	784.840026855469
1291.41765147853	785.119995117188
1293.98948126509	784.960021972656
1296.56050152589	785.440002441406
1299.13071261837	785.47998046875
1301.70011489973	785.119995117188
1304.268708727	785.239990234375
1306.83649445698	785.359985351563
1309.40347244625	785.080017089844
1311.96964305119	784.960021972656
1314.53500662799	785.320007324219
1317.0995635326	785.119995117188
1319.66331412077	784.919982910156
1322.22625874806	785.880004882813
1324.7883977698	785.440002441406
1327.34973154112	785.440002441406
1329.91026041694	785.559997558594
1332.46998475197	784.52001953125
1335.0289049007	784.559997558594
1337.58702121746	785.119995117188
1340.14433405631	785.400024414063
1342.70084377115	785.679992675781
1345.25655071563	785.599975585938
1347.81145524323	784.840026855469
1350.36555770721	784.559997558594
1352.91885846062	784.599975585938
1355.47135785631	784.080017089844
1358.02305624691	783.52001953125
1360.57395398486	783.679992675781
1363.12405142237	782.919982910156
1365.67334891148	784.159973144531
1368.22184680399	783.719970703125
1370.76954545151	783.640014648438
1373.31644520545	783.719970703125
1375.86254641699	783.760009765625
1378.40784943713	784.080017089844
1380.95235461666	783.400024414063
1383.49606230615	784.119995117188
1386.03897285598	783.880004882813
1388.58108661632	783.799987792969
1391.12240393713	783.559997558594
1393.66292516818	783.880004882813
1396.20265065903	783.799987792969
1398.74158075901	783.159973144531
1401.2797158173	783.880004882813
1403.81705618282	783.320007324219
1406.35360220431	783.52001953125
1408.88935423032	783.47998046875
1411.42431260919	783.679992675781
1413.95847768903	783.559997558594
1416.49184981777	783.080017089844
1419.02442934314	782.960021972656
1421.55621661266	783.599975585938
1424.08721197364	783.960021972656
1426.61741577321	784
1429.14682835828	783.559997558594
1431.67545007555	783.559997558594
1434.20328127153	783.760009765625
1436.73032229253	784.440002441406
1439.25657348466	784.039978027344
1441.78203519381	784.359985351563
1444.3067077657	785.359985351563
1446.83059154581	785.239990234375
1449.35368687944	784.960021972656
1451.8759941117	785.47998046875
1454.39751358748	785.799987792969
1456.91824565148	785.760009765625
1459.43819064818	785.239990234375
1461.95734892189	784.880004882813
1464.4757208167	785.200012207031
1466.99330667649	784.880004882813
1469.51010684497	784.52001953125
1472.02612166564	784.799987792969
1474.54135148177	784.559997558594
1477.05579663646	783.640014648438
1479.56945747262	784.719970703125
1482.08233433293	783.880004882813
1484.59442755989	783.679992675781
1487.10573749579	783.359985351563
1489.61626448275	783.679992675781
1492.12600886264	783.679992675781
1494.63497097718	783.919982910156
1497.14315116786	783.320007324219
1499.65054977599	782.039978027344
1502.15716714267	782.719970703125
1504.66300360881	782.320007324219
1507.16805951512	782.200012207031
1509.67233520211	782.359985351563
1512.1758310101	782.640014648438
1514.67854727919	782.119995117188
1517.18048434931	782.320007324219
1519.68164256018	782.640014648438
1522.18202225132	782.280029296875
1524.68162376207	782.159973144531
1527.18044743155	782.640014648438
1529.67849359869	782.679992675781
1532.17576260224	782.320007324219
1534.67225478072	782.320007324219
1537.1679704725	782.239990234375
1539.66291001572	781.919982910156
1542.15707374832	782.280029296875
1544.65046200807	782.280029296875
1547.14307513254	782.599975585938
1549.63491345907	782.119995117188
1552.12597732485	782.640014648438
1554.61626706685	782.559997558594
1557.10578302185	782.47998046875
1559.59452552644	783.039978027344
1562.082494917	782.52001953125
1564.56969152973	783.080017089844
1567.05611570064	782.640014648438
1569.54176776552	783.400024414063
1572.02664806	782.799987792969
1574.51075691949	783.919982910156
1576.99409467921	783.719970703125
1579.4766616742	784
1581.95845823929	784.119995117188
1584.43948470912	782.960021972656
1586.91974141815	783.799987792969
1589.39922870064	784
1591.87794689064	783.239990234375
1594.35589632202	783.159973144531
1596.83307732848	783.52001953125
1599.30949024348	783.760009765625
1601.78513540033	783.239990234375
1604.26001313211	784
1606.73412377175	783.799987792969
1609.20746765196	783.359985351563
1611.68004510526	783.960021972656
1614.15185646398	784.599975585938
1616.62290206026	783.559997558594
1619.09318222605	784.039978027344
1621.56269729311	784
1624.031447593	784.200012207031
1626.4994334571	784.52001953125
1628.9666552166	784.559997558594
1631.43311320248	784.039978027344
1633.89880774554	784.039978027344
1636.3637391764	784.52001953125
1638.82790782548	784.359985351563
1641.29131402301	784.840026855469
1643.75395809903	785.239990234375
1646.21584038339	785.080017089844
1648.67696120575	785.080017089844
1651.13732089558	785.080017089844
1653.59691978216	785.47998046875
1656.05575819459	785.47998046875
1658.51383646175	786.52001953125
1660.97115491238	785.359985351563
1663.42771387498	785.679992675781
1665.8835136779	785.359985351563
1668.33855464928	785.799987792969
1670.79283711708	785.320007324219
1673.24636140907	785.039978027344
1675.69912785282	785.039978027344
1678.15113677572	785.119995117188
1680.602388505	785.080017089844
1683.05288336764	783.960021972656
1685.50262169049	784.080017089844
1687.95160380019	784.119995117188
1690.39983002318	783.960021972656
1692.84730068573	783.119995117188
1695.29401611392	782.960021972656
1697.73997663364	783.239990234375
1700.18518257059	782.280029296875
1702.6296342503	782
1705.07333199807	782.200012207031
1707.51627613907	782.440002441406
1709.95846699824	781.440002441406
1712.39990490036	781.880004882813
1714.84059017001	782.320007324219
1717.28052313159	781.880004882813
1719.7197041093	781.760009765625
1722.15813342718	781.359985351563
1724.59581140906	781.159973144531
1727.03273837859	781.599975585938
1729.46891465926	781.159973144531
1731.90434057432	781.719970703125
1734.3390164469	782.039978027344
1736.7729425999	781.200012207031
1739.20611935604	781.200012207031
1741.63854703787	781.359985351563
1744.07022596776	781.52001953125
1746.50115646787	780.760009765625
1748.93133886019	781.320007324219
1751.36077346652	781.080017089844
1753.7894606085	781.039978027344
1756.21740060755	781.440002441406
1758.64459378494	781.239990234375
1761.07104046172	781.359985351563
1763.49674095879	781.280029296875
1765.92169559684	781.47998046875
1768.3459046964	780.960021972656
1770.7693685778	781
1773.1920875612	781.119995117188
1775.61406196656	781.080017089844
1778.03529211367	781.039978027344
1780.45577832214	780.760009765625
1782.87552091138	780.679992675781
1785.29452020064	780.919982910156
1787.71277650897	780.919982910156
1790.13029015525	781.119995117188
1792.54706145817	780.919982910156
1794.96309073625	781.320007324219
1797.3783783078	781.640014648438
1799.79292449097	781.119995117188
1802.20672960375	781.039978027344
1804.61979396389	780.599975585938
1807.03211788902	780.679992675781
1809.44370169655	781.239990234375
1811.85454570373	780.640014648438
1814.2646502276	781.119995117188
1816.67401558506	781.119995117188
1819.0826420928	781.280029296875
1821.49053006734	781.280029296875
1823.89767982501	780.760009765625
1826.30409168198	780.760009765625
1828.70976595422	780.640014648438
1831.11470295753	780.760009765625
1833.51890300752	780.52001953125
1835.92236641964	780.679992675781
1838.32509350914	781.119995117188
1840.72708459111	780.440002441406
1843.12833998044	780.799987792969
1845.52885999184	780.719970703125
1847.92864493987	781.52001953125
1850.32769513889	780.799987792969
1852.72601090307	780.599975585938
1855.12359254642	781.119995117188
1857.52044038278	780.919982910156
1859.91655472578	781.200012207031
1862.31193588889	781.320007324219
1864.70658418542	781.039978027344
1867.10049992847	780.400024414063
1869.49368343096	780.880004882813
1871.88613500568	781.119995117188
1874.27785496518	781.159973144531
1876.66884362188	780.919982910156
1879.059101288	780.880004882813
1881.44862827559	781.200012207031
1883.8374248965	781.119995117188
1886.22549146246	780.679992675781
1888.61282828495	781.119995117188
1890.99943567534	780.799987792969
1893.38531394477	781.039978027344
1895.77046340424	780.840026855469
1898.15488436455	780.919982910156
1900.53857713634	781
1902.92154203006	780.840026855469
1905.303779356	780.960021972656
1907.68528942426	781.080017089844
1910.06607254477	781.080017089844
1912.44612902729	780.599975585938
1914.82545918139	781.039978027344
1917.20406331648	780.640014648438
1919.58194174178	781.080017089844
1921.95909476634	781.080017089844
1924.33552269905	781.039978027344
1926.71122584861	781.039978027344
1929.08620452353	781.359985351563
1931.46045903219	780.640014648438
1933.83398968275	780.840026855469
1936.20679678322	780.960021972656
1938.57888064142	781.080017089844
1940.95024156502	780.52001953125
1943.3208798615	780.840026855469
1945.69079583816	781.159973144531
1948.05998980213	780.799987792969
1950.42846206038	780.679992675781
1952.79621291969	781.320007324219
1955.16324268668	781.080017089844
1957.52955166778	781
1959.89514016927	780.799987792969
1962.26000849723	780.840026855469
1964.62415695759	781.280029296875
1966.98758585609	780.679992675781
1969.3502954983	781.280029296875
1971.71228618964	780.880004882813
1974.07355823532	780.840026855469
1976.43411194042	780.719970703125
1978.79394760981	780.679992675781
1981.1530655482	781.080017089844
1983.51146606014	781.159973144531
1985.86914944999	780.799987792969
1988.22611602196	780.640014648438
1990.58236608007	780.760009765625
1992.93789992817	780.840026855469
1995.29271786995	780.799987792969
1997.64682020892	781.239990234375
2000.00020724843	781.400024414063
2002.35287929162	781.119995117188
2004.70483664152	780.679992675781
2007.05607960095	781.119995117188
2009.40660847256	781.080017089844
2011.75642355884	781.320007324219
2014.1055251621	781.640014648438
2016.4539135845	780.719970703125
2018.80158912802	781.119995117188
2021.14855209444	780.960021972656
2023.49480278542	781.039978027344
2025.84034150242	781
2028.18516854673	780.960021972656
2030.52928421948	780.840026855469
2032.87268882163	781.119995117188
2035.21538265398	781.280029296875
2037.55736601713	780.919982910156
2039.89863921153	780.400024414063
2042.23920253747	781.200012207031
2044.57905629506	781.400024414063
2046.91820078425	780.880004882813
2049.2566363048	781.400024414063
2051.59436315633	780.599975585938
2053.93138163827	780.840026855469
2056.2676920499	781.039978027344
2058.6032946903	780.440002441406
2060.93818985843	781.440002441406
2063.27237785303	781.440002441406
2065.60585897272	781.840026855469
2067.93863351592	780.640014648438
2070.27070178089	781.280029296875
2072.60206406574	781.320007324219
2074.93272066838	781.359985351563
2077.26267188658	781.400024414063
2079.59191801793	781.440002441406
2081.92045935985	781.159973144531
2084.24829620962	781.47998046875
2086.57542886431	780.559997558594
2088.90185762087	781.599975585938
2091.22758277604	780.919982910156
2093.55260462643	781.080017089844
2095.87692346845	781.320007324219
2098.20053959837	781.47998046875
2100.52345331229	781.400024414063
2102.84566490614	780.840026855469
2105.16717467567	781.719970703125
2107.48798291649	780.880004882813
2109.80808992403	781.320007324219
2112.12749599355	781.039978027344
2114.44620142016	780.880004882813
2116.7642064988	781.039978027344
2119.08151152423	780.760009765625
2121.39811679106	780.52001953125
2123.71402259374	781.400024414063
2126.02922922653	781.239990234375
2128.34373698356	781.200012207031
2130.65754615876	780.960021972656
2132.97065704594	781.440002441406
2135.28306993869	781.679992675781
2137.59478513047	781.200012207031
2139.90580291459	781.159973144531
2142.21612358416	781.239990234375
2144.52574743214	781.599975585938
2146.83467475134	780.599975585938
2149.1429058344	780.799987792969
2151.45044097377	781.719970703125
2153.75728046178	781.159973144531
2156.06342459057	781.760009765625
2158.36887365212	781.119995117188
2160.67362793825	781.239990234375
2162.97768774061	781.52001953125
2165.28105335071	780.840026855469
2167.58372505987	781.280029296875
2169.88570315926	781.320007324219
2172.18698793988	781.039978027344
2174.48757969258	781.280029296875
2176.78747870805	781.679992675781
2179.08668527679	781.359985351563
2181.38519968917	781.080017089844
2183.68302223538	781.159973144531
2185.98015320547	781.599975585938
2188.27659288929	780.840026855469
2190.57234157656	781.679992675781
2192.86739955682	781.640014648438
2195.16176711948	781.039978027344
2197.45544455375	781.239990234375
2199.74843214869	781.039978027344
2202.04073019322	780.760009765625
2204.33233897607	781.640014648438
2206.62325878583	781.320007324219
2208.91348991093	781.039978027344
2211.20303263961	781.52001953125
2213.49188726	781.359985351563
2215.78005406001	781.200012207031
2218.06753332744	780.640014648438
2220.35432534991	780.640014648438
2222.64043041487	780.640014648438
2224.92584880964	781.280029296875
2227.21058082134	781
2229.49462673696	781.159973144531
2231.77798684332	780.640014648438
2234.06066142709	780.799987792969
2236.34265077477	781.400024414063
2238.62395517269	781.320007324219
2240.90457490706	781.359985351563
2243.18451026388	781.039978027344
2245.46376152904	780.559997558594
2247.74232898823	781.119995117188
2250.02021292701	780.880004882813
2252.29741363077	780.880004882813
2254.57393138475	781.359985351563
2256.849766474	780.960021972656
2259.12491918346	780.960021972656
2261.39938979788	780.679992675781
2263.67317860185	780.679992675781
2265.94628587983	781.119995117188
2268.2187119161	781.280029296875
2270.49045699478	780.960021972656
2272.76152139985	780.880004882813
2275.03190541511	781.280029296875
2277.30160932421	781.239990234375
2279.57063341067	780.840026855469
2281.83897795781	781
2284.10664324882	780.599975585938
2286.37362956672	780.359985351563
2288.63993719439	780.400024414063
2290.90556641454	781.119995117188
2293.17051750973	780.640014648438
2295.43479076235	781
2297.69838645465	780.52001953125
2299.96130486871	780.47998046875
2302.22354628647	780.840026855469
2304.48511098971	780.719970703125
2306.74599926003	781.440002441406
2309.00621137891	780.840026855469
2311.26574762765	781.039978027344
2313.52460828741	780.559997558594
2315.78279363917	780.119995117188
2318.04030396379	781.239990234375
2320.29713954195	780.239990234375
2322.55330065418	780.760009765625
2324.80878758085	781.080017089844
2327.06360060219	780.919982910156
2329.31773999826	780.640014648438
2331.57120604897	780.880004882813
2333.82399903409	780.679992675781
2336.0761192332	780.760009765625
2338.32756692577	780.760009765625
2340.57834239108	780.719970703125
2342.82844590827	780.599975585938
2345.07787775633	780.47998046875
2347.32663821409	781.320007324219
2349.57472756023	780.840026855469
2351.82214607327	781.119995117188
2354.06889403158	781.359985351563
2356.31497171337	780.760009765625
2358.56037939672	781.159973144531
2360.80511735953	780.47998046875
2363.04918587955	780.47998046875
2365.29258523439	780.47998046875
2367.5353157015	780.599975585938
2369.77737755817	780.719970703125
2372.01877108156	780.599975585938
2374.25949654865	780.599975585938
2376.49955423629	781.039978027344
2378.73894442115	780.760009765625
2380.97766737977	780.359985351563
2383.21572338855	781
2385.45311272369	780.52001953125
2387.68983566129	781
2389.92589247727	780.880004882813
2392.1612834474	780.919982910156
2394.39600884731	780.840026855469
2396.63006895246	780.440002441406
2398.86346403818	780.559997558594
2401.09619437962	780.52001953125
2403.32826025182	781.320007324219
2405.55966192963	781.080017089844
2407.79039968777	780.760009765625
2410.0204738008	780.799987792969
2412.24988454313	780.640014648438
2414.47863218902	780.880004882813
2416.70671701258	780.679992675781
2418.93413928778	780.679992675781
2421.16089928842	780.719970703125
2423.38699728817	780.719970703125
2425.61243356052	780.679992675781
2427.83720837884	780.440002441406
2430.06132201633	780.52001953125
2432.28477474606	780.52001953125
2434.50756684093	780.880004882813
2436.72969857371	780.640014648438
2438.95117021699	780.799987792969
2441.17198204325	780.640014648438
2443.39213432478	780.559997558594
2445.61162733376	780.52001953125
2447.83046134218	780.52001953125
2450.04863662192	780.919982910156
2452.26615344468	780.400024414063
2454.48301208203	780.320007324219
2456.69921280539	781.039978027344
2458.91475588602	780.359985351563
2461.12964159504	780.200012207031
2463.34387020342	780.599975585938
2465.55744198198	781
2467.77035720139	780.960021972656
2469.98261613217	780.719970703125
2472.1942190447	780.440002441406
2474.40516620922	780.760009765625
2476.6154578958	780.599975585938
2478.82509437436	780.599975585938
2481.03407591471	781.200012207031
2483.24240278646	780.47998046875
2485.45007525911	780.760009765625
2487.65709360202	780.320007324219
2489.86345808435	781
2492.06916897518	780.559997558594
2494.27422654339	781
2496.47863105774	781.159973144531
2498.68238278683	780.760009765625
2500.88548199912	780.840026855469
2503.08792896294	781
2505.28972394643	780.719970703125
2507.49086721763	780.799987792969
2509.6913590444	780.440002441406
2511.89119969447	781.200012207031
2514.09038943543	780.440002441406
2516.2889285347	780.679992675781
2518.48681725957	780.359985351563
2520.6840558772	780.679992675781
2522.88064465456	780.200012207031
2525.07658385852	780.679992675781
2527.27187375578	780.52001953125
2529.4665146129	779.840026855469
2531.66050669629	780.880004882813
2533.85385027222	780.239990234375
2536.04654560681	780.880004882813
2538.23859296605	780.840026855469
2540.42999261577	780.400024414063
2542.62074482166	780.960021972656
2544.81084984925	781.359985351563
2547.00030796395	780.679992675781
2549.18911943101	780.599975585938
2551.37728451555	780.640014648438
2553.56480348252	781.239990234375
2555.75167659675	780.719970703125
2557.93790412292	781.039978027344
2560.12348632556	780.840026855469
2562.30842346905	780.919982910156
2564.49271581764	780.719970703125
2566.67636363544	781
2568.85936718639	780.119995117188
2571.04172673431	780.799987792969
2573.22344254288	780.47998046875
2575.40451487562	780.440002441406
2577.58494399591	780.440002441406
2579.76473016699	780.960021972656
2581.94387365196	780.960021972656
2584.12237471377	780.640014648438
2586.30023361523	780.640014648438
2588.47745061901	780.640014648438
2590.65402598763	780.239990234375
2592.82995998348	780.320007324219
2595.0052528688	780.599975585938
2597.17990490568	780.760009765625
2599.35391635608	780.440002441406
2601.52728748181	781.080017089844
2603.70001854454	780.47998046875
2605.8721098058	780.359985351563
2608.04356152698	780.760009765625
2610.21437396931	780.719970703125
2612.3845473939	780.599975585938
2614.55408206173	780.640014648438
2616.72297823359	780.440002441406
2618.89123617017	780.880004882813
2621.058856132	780.280029296875
2623.22583837949	780.919982910156
2625.39218317288	780.640014648438
2627.55789077229	780.559997558594
2629.72296143769	781.400024414063
2631.88739542891	780.719970703125
2634.05119300563	781.119995117188
2636.21435442742	780.760009765625
2638.37687995367	781.080017089844
2640.53876984365	780.52001953125
2642.70002435649	780.719970703125
2644.86064375119	780.880004882813
2647.02062828658	781.080017089844
2649.17997822137	780.799987792969
2651.33869381413	780.919982910156
2653.49677532328	780.640014648438
2655.65422300711	781.119995117188
2657.81103712378	780.840026855469
2659.96721793127	780.799987792969
2662.12276568747	781
2664.2776806501	781.400024414063
2666.43196307675	781
2668.58561322486	780.719970703125
2670.73863135176	781.080017089844
2672.8910177146	781.039978027344
2675.04277257043	781.440002441406
2677.19389617612	780.440002441406
2679.34438878845	780.840026855469
2681.49425066402	780.599975585938
2683.64348205931	781.280029296875
2685.79208323065	781.039978027344
2687.94005443425	780.640014648438
2690.08739592617	780.880004882813
2692.23410796233	781.200012207031
2694.38019079852	781
2696.52564469038	780.719970703125
2698.67046989342	780.679992675781
2700.81466666302	781.280029296875
2702.9582352544	780.320007324219
2705.10117592265	781.119995117188
2707.24348892275	781.159973144531
2709.3851745095	781.239990234375
2711.5262329376	781.039978027344
2713.66666446158	780.799987792969
2715.80646933585	781.039978027344
2717.94564781468	781.280029296875
2720.08420015222	781.159973144531
2722.22212660245	781.440002441406
2724.35942741923	781.599975585938
2726.49610285628	781
2728.63215316721	781.039978027344
2730.76757860544	781.200012207031
2732.9023794243	781
2735.03655587697	781.400024414063
2737.17010821648	781.280029296875
2739.30303669573	781.280029296875
2741.4353415675	781.640014648438
2743.56702308442	781.080017089844
2745.69808149898	781.039978027344
2747.82851706355	780.52001953125
2749.95833003034	781.52001953125
2752.08752065145	781.559997558594
2754.21608917883	781.359985351563
2756.3440358643	781.159973144531
2758.47136095954	781.679992675781
2760.59806471609	781.47998046875
2762.72414738537	781.239990234375
2764.84960921865	781.200012207031
2766.97445046708	780.799987792969
2769.09867138166	780.919982910156
2771.22227221326	781.039978027344
2773.34525321263	781.280029296875
2775.46761463035	780.919982910156
2777.58935671691	781.640014648438
2779.71047972262	781.200012207031
2781.83098389771	781.640014648438
2783.95086949221	781.280029296875
2786.07013675607	781.440002441406
2788.18878593908	781.080017089844
2790.3068172909	781.400024414063
2792.42423106106	781.559997558594
2794.54102749895	781
2796.65720685384	780.719970703125
2798.77276937486	781
2800.88771531098	780.919982910156
2803.00204491107	781.599975585938
2805.11575842387	781.599975585938
2807.22885609796	781
2809.34133818179	781.400024414063
2811.4532049237	780.599975585938
2813.56445657189	781.359985351563
2815.6750933744	781.200012207031
2817.78511557916	781.239990234375
2819.89452343398	781.359985351563
2822.00331718652	782.119995117188
2824.11149708429	781.799987792969
2826.2190633747	781.679992675781
2828.32601630502	782
2830.43235612237	781.640014648438
2832.53808307375	781.799987792969
2834.64319740603	781.52001953125
2836.74769936595	782.119995117188
2838.85158920011	781.960021972656
2840.95486715497	782.840026855469
2843.05753347689	783.039978027344
2845.15958841206	783.400024414063
2847.26103220657	783.760009765625
2849.36186510636	783.599975585938
2851.46208735724	783.799987792969
2853.56169920488	784
2855.66070089485	784.359985351563
2857.75909267257	784.440002441406
2859.85687478332	785.400024414063
2861.95404747225	785
2864.05061098439	785.960021972656
2866.14656556464	786.239990234375
2868.24191145777	785.760009765625
2870.3366489084	785.640014648438
2872.43077816104	787.080017089844
2874.52429946006	787.119995117188
2876.61721304971	787.559997558594
2878.70951917409	787.400024414063
2880.8012180772	787.599975585938
2882.89231000287	786.919982910156
2884.98279519483	787.239990234375
2887.07267389667	788.280029296875
2889.16194635186	788.080017089844
2891.25061280373	787.880004882813
2893.33867349546	788.320007324219
2895.42612867015	788.039978027344
2897.51297857074	787.760009765625
2899.59922344003	788.440002441406
2901.68486352071	789.280029296875
2903.76989905533	788.440002441406
2905.85433028632	788.679992675781
2907.93815745598	789.039978027344
2910.02138080648	789.280029296875
2912.10400057985	789.200012207031
2914.186017018	789.320007324219
2916.26743036271	791.159973144531
2918.34824085563	790.359985351563
2920.4284487383	789.559997558594
2922.5080542521	791.719970703125
2924.58705763829	791.359985351563
2926.66545913802	791.440002441406
2928.74325899231	792.280029296875
2930.82045744202	793
2932.89705472792	792.599975585938
2934.97305109062	792.760009765625
2937.04844677063	792.840026855469
2939.12324200832	792.919982910156
2941.19743704393	792.919982910156
2943.27103211757	792.640014648438
2945.34402746923	792.760009765625
2947.41642333876	791.559997558594
2949.48821996592	791.760009765625
2951.55941759028	791.080017089844
2953.63001645135	791.239990234375
2955.70001678845	790.52001953125
2957.76941884083	790.440002441406
2959.83822284757	789.679992675781
2961.90642904764	789.440002441406
2963.97403767988	790.080017089844
2966.04104898302	789.559997558594
2968.10746319565	788.840026855469
2970.17328055621	788.799987792969
2972.23850130305	788.760009765625
2974.30312567438	788.840026855469
2976.36715390829	789.119995117188
2978.43058624273	788.640014648438
2980.49342291553	788
2982.55566416439	788.47998046875
2984.61731022691	788.239990234375
2986.67836134051	788.239990234375
2988.73881774255	788.039978027344
2990.79867967021	788.400024414063
2992.85794736058	787.119995117188
2994.9166210506	787.359985351563
2996.97470097711	786.719970703125
2999.03218737679	786.679992675781
3001.08908048622	786.280029296875
3003.14538054186	786.760009765625
3005.20108778002	786.039978027344
3007.25620243691	786.159973144531
3009.3107247486	785.679992675781
3011.36465495104	785.239990234375
3013.41799328004	786.080017089844
3015.47073997133	785.280029296875
3017.52289526045	785.640014648438
3019.57445938288	786.159973144531
3021.62543257393	785.47998046875
3023.6758150688	785.559997558594
3025.72560710258	785.359985351563
3027.77480891021	785.719970703125
3029.82342072652	786.080017089844
3031.87144278622	786.880004882813
3033.91887532389	786.080017089844
3035.96571857399	786.799987792969
3038.01197277084	786.039978027344
3040.05763814867	786.119995117188
3042.10271494154	786.359985351563
3044.14720338344	786.359985351563
3046.19110370818	786.599975585938
3048.2344161495	785.919982910156
3050.27714094097	787.52001953125
3052.31927831608	786.960021972656
3054.36082850816	787.400024414063
3056.40179175044	787.960021972656
3058.44216827602	788.080017089844
3060.48195831786	787.039978027344
3062.52116210884	788.280029296875
3064.55977988167	788.239990234375
3066.59781186897	787.880004882813
3068.63525830322	788.919982910156
3070.67211941678	788.799987792969
3072.7083954419	788.080017089844
3074.7440866107	788.719970703125
3076.77919315516	788.359985351563
3078.81371530716	788.52001953125
3080.84765329846	788.039978027344
3082.88100736068	789.280029296875
3084.91377772534	789
3086.94596462381	788.880004882813
3088.97756828737	789.400024414063
3091.00858894714	790.039978027344
3093.03902683417	789.919982910156
3095.06888217933	789.640014648438
3097.09815521342	789.599975585938
3099.12684616709	789.679992675781
3101.15495527087	789.599975585938
3103.18248275518	790.239990234375
3105.20942885031	791.280029296875
3107.23579378642	791.640014648438
3109.26157779358	791.159973144531
3111.28678110171	791
3113.31140394062	791.359985351563
3115.33544654	792
3117.35890912942	791.799987792969
3119.38179193832	793.119995117188
3121.40409519602	792.679992675781
3123.42581913174	793.119995117188
3125.44696397457	793.440002441406
3127.46752995345	793.200012207031
3129.48751729725	794.200012207031
3131.50692623469	793.880004882813
3133.52575699436	794.200012207031
3135.54400980476	793.559997558594
3137.56168489425	794
3139.57878249108	795.159973144531
3141.59530282337	794.679992675781
3143.61124611913	795.400024414063
3145.62661260624	795.679992675781
3147.64140251247	795.799987792969
3149.65561606547	794.919982910156
3151.66925349277	796.200012207031
3153.68231502177	796
3155.69480087977	796.799987792969
3157.70671129394	797
3159.71804649132	796.359985351563
3161.72880669886	798.080017089844
3163.73899214336	798
3165.74860305152	798.840026855469
3167.75763964991	798.679992675781
3169.766102165	799.200012207031
3171.77399082313	797.880004882813
3173.7813058505	799.080017089844
3175.78804747323	798.200012207031
3177.79421591731	798.200012207031
3179.79981140859	799.679992675781
3181.80483417282	799.440002441406
3183.80928443564	798.239990234375
3185.81316242255	799.400024414063
3187.81646835896	799.799987792969
3189.81920247013	800.239990234375
3191.82136498122	799.840026855469
3193.82295611727	800.640014648438
3195.82397610321	800.799987792969
3197.82442516385	801.919982910156
3199.82430352386	802.119995117188
3201.82361140782	803.159973144531
3203.82234904018	804.640014648438
3205.82051664529	802.47998046875
3207.81811444735	801.200012207031
3209.81514267047	803.239990234375
3211.81160153863	803.359985351563
3213.80749127571	802.880004882813
3215.80281210545	802.760009765625
3217.79756425148	803.200012207031
3219.79174793733	803.080017089844
3221.7853633864	803.320007324219
3223.77841082196	804.200012207031
3225.77089046719	804.119995117188
3227.76280254513	803.559997558594
3229.75414727873	804.52001953125
3231.74492489081	803.919982910156
3233.73513560406	805.280029296875
3235.72477964107	806
3237.71385722431	804.559997558594
3239.70236857614	804.919982910156
3241.6903139188	805.280029296875
3243.6776934744	802.239990234375
3245.66450746496	803.840026855469
3247.65075611237	803.280029296875
3249.63643963841	804.640014648438
3251.62155826472	804.359985351563
3253.60611221287	805.440002441406
3255.59010170428	806.200012207031
3257.57352696026	805.880004882813
3259.55638820202	805.599975585938
3261.53868565064	804.799987792969
3263.52041952708	806.080017089844
3265.50159005221	805.440002441406
3267.48219744676	804.559997558594
3269.46224193136	804.719970703125
3271.44172372651	804.960021972656
3273.42064305262	805.47998046875
3275.39900012996	806.080017089844
3277.3767951787	804.840026855469
3279.35402841889	805.039978027344
3281.33070007047	805.719970703125
3283.30681035326	806.280029296875
3285.28235948698	807.760009765625
3287.25734769121	805.239990234375
3289.23177518544	803.599975585938
3291.20564218903	804.840026855469
3293.17894892124	805.080017089844
3295.1516956012	805.039978027344
3297.12388244795	804.320007324219
3299.09550968039	804.440002441406
3301.06657751732	805.679992675781
3303.03708617743	805.52001953125
3305.00703587929	806.039978027344
3306.97642684135	805.080017089844
3308.94525928196	806.440002441406
3310.91353341935	804.880004882813
3312.88124947164	804.760009765625
3314.84840765683	804.400024414063
3316.81500819282	805.799987792969
3318.78105129738	806.559997558594
3320.74653718818	806.47998046875
3322.71146608278	803.599975585938
3324.67583819861	804.320007324219
3326.639653753	805.440002441406
3328.60291296317	807.320007324219
3330.56561604621	806.640014648438
3332.52776321913	805.960021972656
3334.4893546988	804.760009765625
3336.45039070198	803.799987792969
3338.41087144533	803.919982910156
3340.37079714539	803.52001953125
3342.33016801859	804.799987792969
3344.28898428124	805.080017089844
3346.24724614955	805.239990234375
3348.20495383962	805.400024414063
3350.16210756742	803.400024414063
3352.11870754883	802.559997558594
3354.07475399961	803.080017089844
3356.03024713539	804.799987792969
3357.98518717173	804.559997558594
3359.93957432403	805.239990234375
3361.89340880761	804.52001953125
3363.84669083768	804.799987792969
3365.79942062933	805.119995117188
3367.75159839753	803.760009765625
3369.70322435715	803.400024414063
3371.65429872295	805.440002441406
3373.60482170957	803.919982910156
3375.55479353155	803.919982910156
3377.50421440332	806.119995117188
3379.45308453918	806.679992675781
3381.40140415335	805.880004882813
3383.34917345991	803.679992675781
3385.29639267284	805.119995117188
3387.24306200602	805.200012207031
3389.18918167321	805.52001953125
3391.13475188806	804.799987792969
3393.07977286411	805.919982910156
3395.02424481479	804.359985351563
3396.96816795342	805.840026855469
3398.91154249322	806.47998046875
3400.85436864728	805.640014648438
3402.79664662859	806.039978027344
3404.73837665004	805.599975585938
3406.67955892439	805.640014648438
3408.62019366432	808.159973144531
3410.56028108236	806.880004882813
3412.49982139096	806.200012207031
3414.43881480247	805.080017089844
3416.37726152909	806.159973144531
3418.31516178295	806.52001953125
3420.25251577605	804.440002441406
3422.18932372029	805.320007324219
3424.12558582746	807.320007324219
3426.06130230922	807.599975585938
3427.99647337717	806.159973144531
3429.93109924274	805.200012207031
3431.8651801173	804.599975585938
3433.79871621209	806.320007324219
3435.73170773824	806.119995117188
3437.66415490678	805.719970703125
3439.59605792862	805.52001953125
3441.52741701458	804.919982910156
3443.45823237536	804.679992675781
3445.38850422154	806.320007324219
3447.31823276362	805.52001953125
3449.24741821196	804.239990234375
3451.17606077684	805.320007324219
3453.10416066842	805.840026855469
3455.03171809674	805.039978027344
3456.95873327175	804.239990234375
3458.88520640329	804.239990234375
3460.81113770109	804.640014648438
3462.73652737477	804.400024414063
3464.66137563383	804.320007324219
3466.58568268769	802.960021972656
3468.50944874565	802.719970703125
3470.43267401689	801.960021972656
3472.3553587105	802.840026855469
3474.27750303545	802.359985351563
3476.19910720062	801.960021972656
3478.12017141476	802.239990234375
3480.04069588654	802.47998046875
3481.9606808245	803.320007324219
3483.88012643707	803.119995117188
3485.79903293259	803.039978027344
3487.7174005193	802.320007324219
3489.63522940532	801.840026855469
3491.55251979864	801
3493.46927190719	799.440002441406
3495.38548593877	801
3497.30116210107	799.799987792969
3499.21630060167	800.440002441406
3501.13090164807	799.080017089844
3503.04496544763	799.080017089844
3504.95849220763	799.039978027344
3506.87148213523	798.400024414063
3508.78393543748	798.280029296875
3510.69585232134	797.799987792969
3512.60723299365	796.52001953125
3514.51807766116	797.799987792969
3516.42838653049	798.159973144531
3518.33815980819	797.760009765625
3520.24739770066	797.919982910156
3522.15610041423	796.960021972656
3524.06426815511	797.039978027344
3525.9719011294	796.359985351563
3527.87899954311	796.080017089844
3529.78556360213	796.400024414063
3531.69159351225	795.760009765625
3533.59708947916	796.080017089844
3535.50205170844	795.200012207031
3537.40648040556	794.159973144531
3539.3103757759	794.440002441406
3541.21373802472	793.280029296875
3543.11656735717	792.47998046875
3545.01886397833	792.760009765625
3546.92062809313	792.840026855469
3548.82185990643	792.840026855469
3550.72255962297	792.919982910156
3552.62272744738	793.239990234375
3554.5223635842	793.919982910156
3556.42146823786	792.679992675781
3558.32004161268	792.400024414063
3560.21808391289	791.320007324219
3562.11559534259	791.919982910156
3564.01257610581	792
3565.90902640645	791.239990234375
3567.80494644831	792.039978027344
3569.7003364351	791.559997558594
3571.59519657042	791.200012207031
3573.48952705774	791.679992675781
3575.38332810048	791.799987792969
3577.27659990191	791.239990234375
3579.16934266521	791.119995117188
3581.06155659346	790.080017089844
3582.95324188965	790
3584.84439875663	789
3586.73502739718	789.559997558594
3588.62512801397	790.280029296875
3590.51470080955	790.320007324219
3592.40374598639	789.280029296875
3594.29226374685	788.640014648438
3596.18025429317	788.280029296875
3598.06771782751	789.239990234375
3599.95465455192	787.599975585938
3601.84106466834	787.719970703125
3603.72694837861	788.52001953125
3605.61230588447	788.640014648438
3607.49713738756	787.799987792969
3609.38144308942	788.159973144531
3611.26522319148	788.359985351563
3613.14847789506	788
3615.0312074014	787.359985351563
3616.91341191162	786.880004882813
3618.79509162674	785.880004882813
3620.67624674769	787.200012207031
3622.55687747528	786.760009765625
3624.43698401024	788
3626.31656655317	788.159973144531
3628.1956253046	787.359985351563
3630.07416046492	786.760009765625
3631.95217223446	785.760009765625
3633.82966081342	785.679992675781
3635.70662640191	786.280029296875
3637.58306919993	786.440002441406
3639.45898940739	786.320007324219
3641.33438722409	785.919982910156
3643.20926284973	785.47998046875
3645.08361648392	785.400024414063
3646.95744832614	784.799987792969
3648.8307585758	784.52001953125
3650.7035474322	785.039978027344
3652.57581509452	784.440002441406
3654.44756176188	785.080017089844
3656.31878763324	784.440002441406
3658.18949290753	784.679992675781
3660.05967778352	784.320007324219
3661.9293424599	783.599975585938
3663.79848713527	783.080017089844
3665.66711200812	783.799987792969
3667.53521727684	784.400024414063
3669.40280313972	783.47998046875
3671.26986979494	783.440002441406
3673.13641744059	782.880004882813
3675.00244627468	782.47998046875
