-140.373595351881	778.799987792969
-137.335129063906	779.159973144531
-134.297686810867	778.840026855469
-131.261268103955	778.640014648438
-128.225872454677	778.52001953125
-125.191499374839	778.679992675781
-122.158148376567	778.760009765625
-119.125818972292	778.919982910156
-116.094510674759	778.919982910156
-113.064222997021	778.559997558594
-110.034955452443	778.919982910156
-107.006707554687	779
-103.979478817741	778.880004882813
-100.95326875589	779.159973144531
-97.928076883731	778.880004882813
-94.9039027161698	778.47998046875
-91.8807457684175	779.080017089844
-88.8586055560018	779.239990234375
-85.8374815947384	779.039978027344
-82.8173734007715	778.640014648438
-79.7982804905411	778.880004882813
-76.7802023807988	779.239990234375
-73.7631385885914	779.359985351563
-70.7470886312892	778.840026855469
-67.732052026553	778.599975585938
-64.7180282923587	778.640014648438
-61.7050169469884	778.760009765625
-58.6930175090183	778.799987792969
-55.6820294973386	778.679992675781
-52.6720524311495	779.080017089844
-49.66308582994	778.880004882813
-46.6551292135171	778.960021972656
-43.6481821019882	778.960021972656
-40.6422440157577	778.640014648438
-37.6373144755424	778.760009765625
-34.6333930023594	778.919982910156
-31.630479117526	778.919982910156
-28.6285723426709	779
-25.6276721997107	778.880004882813
-22.6277782108771	778.760009765625
-19.628889898701	779.080017089844
-16.6310067860081	779.320007324219
-13.6341283959385	779.280029296875
-10.6382542519231	779.440002441406
-7.64338387769432	783.52001953125
-4.64951679729502	799
-1.65665253506141	813.200012207031
1.33520938438089	809.599975585938
4.32606943608095	791.159973144531
7.315928094803	780.080017089844
10.3047858350146	779.039978027344
13.2926431308747	779
16.2795004562541	779.039978027344
19.2653582847118	779.119995117188
22.2502170895187	778.919982910156
25.2340773436344	778.640014648438
28.216939519735	779
31.1988040901939	778.880004882813
34.1796715270814	778.880004882813
37.1595423021732	778.919982910156
40.1384168869468	778.599975585938
43.1162957525854	778.960021972656
46.0931793699786	778.47998046875
49.0690682097059	779.080017089844
52.0439627420619	778.52001953125
55.0178634370476	778.760009765625
57.9907707643592	778.679992675781
60.9626851933962	778.679992675781
63.9336071932735	778.52001953125
66.9035372328018	778.640014648438
69.8724757804959	779.039978027344
72.8404233045826	778.679992675781
75.8073802729932	778.47998046875
78.7733471533597	778.559997558594
81.738324413019	778.719970703125
84.702312519025	779
87.665311938125	778.640014648438
90.6273231367761	778.840026855469
93.5883465811569	778.760009765625
96.5483827371242	778.599975585938
99.5074320702731	778.52001953125
102.465495045889	778.880004882813
105.422572128961	778.559997558594
108.378663784199	778.52001953125
111.333770476014	778.359985351563
114.287892668528	778.719970703125
117.24103082557	779.159973144531
120.193185410674	778.799987792969
123.144356887097	778.760009765625
126.094545717786	779.159973144531
129.043752365413	779.440002441406
131.991977292355	779.280029296875
134.939220960695	779.200012207031
137.885483832232	779.599975585938
140.83076636847	779.840026855469
143.775069030632	780.039978027344
146.718392279644	779.840026855469
149.660736576149	779.840026855469
152.602102380488	780.200012207031
155.54249015274	780.640014648438
158.481900352672	780.719970703125
161.420333439765	780.919982910156
164.357789873227	781.679992675781
167.294270111968	780.960021972656
170.229774614617	781.799987792969
173.164303839496	781.599975585938
176.097858244675	782.47998046875
179.030438287908	782.280029296875
181.962044426678	782.400024414063
184.89267711817	782.760009765625
187.822336819302	783.640014648438
190.751023986678	783.400024414063
193.678739076648	783.799987792969
196.605482545255	783.760009765625
199.531254848261	783.799987792969
202.456056441152	783.599975585938
205.379887779119	784.320007324219
208.30274931708	784.080017089844
211.224641509656	784.52001953125
214.145564811189	784.239990234375
217.06551967574	783.919982910156
219.984506557089	783.960021972656
222.902525908723	783.640014648438
225.819578183856	784.280029296875
228.735663835415	783.679992675781
231.650783316047	783.440002441406
234.564937078107	784.359985351563
237.478125573679	783.52001953125
240.390349254566	783.719970703125
243.301608572278	783.640014648438
246.211903978051	783.840026855469
249.121235922839	783.679992675781
252.029604857321	783.960021972656
254.93701123188	784.239990234375
257.843455496632	784.760009765625
260.748938101415	784.799987792969
263.653459495766	785.320007324219
266.557020128967	785.440002441406
269.459620450005	786.119995117188
272.361260907595	785.320007324219
275.261941950168	785.799987792969
278.161664025874	786.080017089844
281.060427582592	785.679992675781
283.958233067921	786.159973144531
286.855080929176	785.159973144531
289.750971613398	785.359985351563
292.645905567344	785.320007324219
295.539883237503	785.719970703125
298.432905070079	785.52001953125
301.324971511007	785.679992675781
304.216083005931	786.239990234375
307.10624000023	786.119995117188
309.995442939003	786.52001953125
312.883692267071	787.679992675781
315.770988428979	790.320007324219
318.657331869	794.239990234375
321.542723031127	796
324.427162359076	796.400024414063
327.310650296293	792.239990234375
330.193187285945	789.359985351563
333.074773770929	786.960021972656
335.955410193855	785.760009765625
338.835096997075	784.559997558594
341.713834622655	784.840026855469
344.59162351239	785.080017089844
347.468464107802	784.400024414063
350.344356850137	784.640014648438
353.219302180373	784.840026855469
356.093300539208	784.640014648438
358.966352367073	784.359985351563
361.838458104123	784.719970703125
364.70961819024	784.239990234375
367.579833065031	783.679992675781
370.449103167837	783.599975585938
373.317428937727	783.960021972656
376.184810813496	783.919982910156
379.051249233659	784.159973144531
381.916744636474	784.320007324219
384.78129745992	784.440002441406
387.644908141706	783.640014648438
390.50757711927	784.599975585938
393.36930482978	784.599975585938
396.23009171014	784.359985351563
399.089938196969	784.440002441406
401.948844726631	784.280029296875
404.806811735214	784.280029296875
407.66383965853	784.440002441406
410.519928932138	784.239990234375
413.375079991314	784.200012207031
416.229293271071	783.840026855469
419.082569206155	784.440002441406
421.934908231031	784.679992675781
424.786310779917	784.320007324219
427.636777286748	784.320007324219
430.486308185189	783.880004882813
433.334903908649	783.960021972656
436.182564890262	783.320007324219
439.029291562898	784.640014648438
441.875084359157	784.159973144531
444.719943711374	784.159973144531
447.563870051618	784.239990234375
450.406863811695	784
453.248925423132	783.47998046875
456.090055317208	783.919982910156
458.93025392492	783.640014648438
461.76952167701	783.840026855469
464.60785900395	783.919982910156
467.44526633595	784.119995117188
470.281744102955	784.320007324219
473.117292734635	784.159973144531
475.951912660415	783.919982910156
478.785604309439	784.47998046875
481.618368110592	784.159973144531
484.450204492499	784.320007324219
487.281113883518	784.320007324219
490.111096711738	784.359985351563
492.940153404999	784.159973144531
495.768284390864	783.919982910156
498.595490096635	784.880004882813
501.421770949366	784.400024414063
504.247127375825	783.880004882813
507.071559802537	784.280029296875
509.89506865575	784.200012207031
512.717654361473	783.719970703125
515.539317345424	784.159973144531
518.360058033083	783.919982910156
521.179876849652	783.559997558594
523.998774220083	784
526.816750569068	783.840026855469
529.633806321025	784.359985351563
532.44994190013	783.760009765625
535.265157730284	784.159973144531
538.079454235133	784.400024414063
540.892831838066	784
543.705290962208	784.679992675781
546.516832030424	784.280029296875
549.32745546533	783.400024414063
552.137161689268	783.760009765625
554.945951124325	784.080017089844
557.753824192341	783.599975585938
560.560781314883	783.559997558594
563.36682291327	783.799987792969
566.171949408555	783.880004882813
568.976161221537	783.840026855469
571.779458772759	783.52001953125
574.5818424825	784.280029296875
577.383312770792	783.760009765625
580.183870057402	783.599975585938
582.983514761843	783.119995117188
585.782247303363	783.52001953125
588.580068100976	783.799987792969
591.376977573414	783.919982910156
594.172976139164	783.280029296875
596.968064216463	783.719970703125
599.762242223282	784.280029296875
602.555510577335	784
605.347869696099	783.119995117188
608.139319996771	783.799987792969
610.929861896313	783.200012207031
613.719495811421	783.159973144531
616.508222158541	782.960021972656
619.296041353863	784
622.082953813324	783.47998046875
624.868959952607	783.719970703125
627.654060187137	783.919982910156
630.438254932094	783.719970703125
633.221544602397	783.200012207031
636.003929612719	783.200012207031
638.785410377468	783.359985351563
641.565987310814	783.919982910156
644.345660826665	784.159973144531
647.124431338674	783.840026855469
649.902299260252	782.719970703125
652.679265004552	783.599975585938
655.455328984475	783.320007324219
658.230491612671	783.760009765625
661.004753301541	783.640014648438
663.778114463229	783.760009765625
666.550575509631	783.760009765625
669.322136852395	783.679992675781
672.092798902916	783.679992675781
674.862562072336	783.679992675781
677.631426771548	783.559997558594
680.399393411204	784.039978027344
683.166462401689	783.880004882813
685.93263415315	783.919982910156
688.697909075486	783.400024414063
691.462287578337	783.840026855469
694.225770071098	783.080017089844
696.988356962926	783.599975585938
699.750048662705	783.200012207031
702.5108455791	783.359985351563
705.270748120503	783.599975585938
708.029756695068	783.359985351563
710.787871710705	783.440002441406
713.545093575065	783.679992675781
716.301422695566	783.679992675781
719.056859479364	783.840026855469
721.811404333376	784.599975585938
724.56505766427	784
727.317819878473	784.159973144531
730.069691382148	783.640014648438
732.820672581226	783.880004882813
735.570763881396	783.840026855469
738.319965688092	784.039978027344
741.068278406496	784.119995117188
743.815702441559	783.52001953125
746.562238197974	783.880004882813
749.307886080196	783.559997558594
752.052646492436	783.719970703125
754.796519838656	784.640014648438
757.539506522567	783.799987792969
760.28160694765	783.52001953125
763.022821517128	783.599975585938
765.76315063399	783.960021972656
768.502594700972	783.440002441406
771.241154120572	783.52001953125
773.978829295045	784.280029296875
776.715620626397	784.280029296875
779.451528516396	784.359985351563
782.186553366565	785.200012207031
784.920695578179	784.679992675781
787.653955552283	784.359985351563
790.386333689662	784.599975585938
793.117830390877	784.47998046875
795.848446056227	783.799987792969
798.578181085792	784.200012207031
801.307035879389	784.440002441406
804.035010836599	783.640014648438
806.762106356774	784.039978027344
809.488322839013	783.719970703125
812.213660682169	783.559997558594
814.938120284866	784.280029296875
817.661702045482	784.52001953125
820.384406362153	784
823.10623363278	784
825.827184255014	784.200012207031
828.547258626283	784.200012207031
831.266457143747	783.640014648438
833.984780204358	783.960021972656
836.702228204804	783.799987792969
839.418801541552	783.599975585938
842.134500610814	783.760009765625
844.849325808575	783.559997558594
847.563277530579	783.640014648438
850.276356172319	783.919982910156
852.988562129066	783.640014648438
855.69989579585	783.880004882813
858.410357567456	784.039978027344
861.119947838428	783.320007324219
863.828667003087	783.320007324219
866.536515455503	783.119995117188
869.243493589517	783.559997558594
871.949601798728	783.47998046875
874.654840476504	784.159973144531
877.359210015961	783.559997558594
880.062710810003	783.760009765625
882.765343251273	783.919982910156
885.467107732191	783.52001953125
888.168004644938	783.679992675781
890.868034381467	783.840026855469
893.567197333476	783.359985351563
896.265493892445	783.239990234375
898.962924449614	783.159973144531
901.659489395985	783.52001953125
904.355189122325	783.799987792969
907.050024019165	783.559997558594
909.743994476809	783.599975585938
912.437100885322	784
915.129343634532	783.159973144531
917.820723114032	783.400024414063
920.511239713189	783.840026855469
923.200893821127	784
925.889685826744	783.719970703125
928.577616118699	783.400024414063
931.264685085419	784.039978027344
933.950893115098	783.400024414063
936.6362405957	782.799987792969
939.320727914956	784.080017089844
942.004355460359	784.039978027344
944.687123619173	784.239990234375
947.369032778431	784.359985351563
950.050083324934	783.599975585938
952.730275645247	783.799987792969
955.409610125711	783.760009765625
958.088087152423	783.679992675781
960.765707111263	783.599975585938
963.442470387871	784.320007324219
966.118377367657	784.320007324219
968.793428435798	784.239990234375
971.467623977254	784.119995117188
974.140964376739	783.47998046875
976.813450018737	783.679992675781
979.485081287511	783.799987792969
982.155858567087	783.640014648438
984.825782241271	783.840026855469
987.494852693624	784.200012207031
990.163070307487	783.919982910156
992.830435465978	784.359985351563
995.496948551973	783.919982910156
998.162609948122	783.679992675781
1000.82742003685	784.080017089844
1003.49137920036	785.320007324219
1006.15448782061	785.679992675781
1008.81674627934	784.840026855469
1011.47815495806	784.440002441406
1014.13871423805	783.880004882813
1016.79842450037	784.119995117188
1019.45728612586	783.400024414063
1022.11529949509	782.799987792969
1024.77246498846	783.080017089844
1027.4287829861	783.640014648438
1030.08425386792	783.599975585938
1032.73887801363	783.559997558594
1035.3926558027	784.440002441406
1038.04558761435	783.559997558594
1040.69767382761	783.359985351563
1043.34891482125	783.640014648438
1045.99931097384	783.440002441406
1048.64886266371	783.200012207031
1051.29757026898	783.559997558594
1053.94543416753	783.440002441406
1056.59245473701	784.080017089844
1059.23863235486	783.47998046875
1061.8839673983	783.599975585938
1064.5284602443	783.280029296875
1067.17211126962	783.679992675781
1069.8149208508	783.679992675781
1072.45688936415	784.239990234375
1075.09801718577	783.47998046875
1077.7383046915	783.799987792969
1080.377752257	784.159973144531
1083.01636025767	783.799987792969
1085.65412906872	783.640014648438
1088.2910590651	784.039978027344
1090.92715062157	784
1093.56240411266	784.359985351563
1096.19681991265	784.119995117188
1098.83039839564	784.039978027344
1101.46313993547	783.440002441406
1104.09504490579	784.359985351563
1106.72611368	783.960021972656
1109.35634663129	783.52001953125
1111.98574413263	783.599975585938
1114.61430655677	783.559997558594
1117.24203427624	783.280029296875
1119.86892766333	783.880004882813
1122.49498709014	783.119995117188
1125.12021292851	783.52001953125
1127.74460555011	783.359985351563
1130.36816532634	783.239990234375
1132.99089262841	783.280029296875
1135.6127878273	782.880004882813
1138.23385129376	783.080017089844
1140.85408339834	782.719970703125
1143.47348451137	783.159973144531
1146.09205500294	783.52001953125
1148.70979524293	783.119995117188
1151.326705601	782.919982910156
1153.9427864466	782.919982910156
1156.55803814896	783.200012207031
1159.17246107707	783.119995117188
1161.78605559974	783.080017089844
1164.39882208551	783.159973144531
1167.01076090276	783.159973144531
1169.6218724196	783.239990234375
1172.23215700396	783.080017089844
1174.84161502352	783.400024414063
1177.45024684578	782.559997558594
1180.05805283799	783.039978027344
1182.66503336719	783.080017089844
1185.27118880021	783.119995117188
1187.87651950367	783.159973144531
1190.48102584395	783.239990234375
1193.08470818723	783.760009765625
1195.68756689948	783.159973144531
1198.28960234643	782.159973144531
1200.89081489363	783.47998046875
1203.49120490636	784.119995117188
1206.09077274974	783.679992675781
1208.68951878864	783.679992675781
1211.28744338773	784.200012207031
1213.88454691145	783.679992675781
1216.48082972404	783.919982910156
1219.07629218953	784
1221.6709346717	783.679992675781
1224.26475753416	784.239990234375
1226.85776114028	784.47998046875
1229.44994585322	784.47998046875
1232.04131203592	784.760009765625
1234.63186005112	784.760009765625
1237.22159026133	784.880004882813
1239.81050302886	785.239990234375
1242.3985987158	784.559997558594
1244.98587768402	785.119995117188
1247.5723402952	785.440002441406
1250.15798691078	784.840026855469
1252.74281789199	785.359985351563
1255.32683359987	785.200012207031
1257.91003439523	785.400024414063
1260.49242063865	785.039978027344
1263.07399269055	784.840026855469
1265.65475091108	785.760009765625
1268.23469566021	784.840026855469
1270.81382729769	785.359985351563
1273.39214618306	785.080017089844
1275.96965267566	785.280029296875
1278.54634713458	784.440002441406
1281.12222991875	784.47998046875
1283.69730138685	784.119995117188
1286.27156189737	784.919982910156
1288.84501180858	784.640014648438
1291.41765147853	784.799987792969
1293.98948126509	784.440002441406
1296.56050152589	784.919982910156
1299.13071261837	785.280029296875
1301.70011489973	785.320007324219
1304.268708727	785.440002441406
1306.83649445698	785.239990234375
1309.40347244625	784.599975585938
1311.96964305119	785.47998046875
1314.53500662799	785.239990234375
1317.0995635326	784.960021972656
1319.66331412077	784.52001953125
1322.22625874806	786.039978027344
1324.7883977698	785.400024414063
1327.34973154112	785.640014648438
1329.91026041694	785.119995117188
1332.46998475197	784.440002441406
1335.0289049007	785.320007324219
1337.58702121746	785.679992675781
1340.14433405631	785.719970703125
1342.70084377115	785.320007324219
1345.25655071563	785.440002441406
1347.81145524323	784.760009765625
1350.36555770721	784.599975585938
1352.91885846062	784.679992675781
1355.47135785631	784.320007324219
1358.02305624691	783.880004882813
1360.57395398486	783.47998046875
1363.12405142237	783.159973144531
1365.67334891148	784.280029296875
1368.22184680399	783.760009765625
1370.76954545151	783.679992675781
1373.31644520545	783.239990234375
1375.86254641699	783.599975585938
1378.40784943713	783.400024414063
1380.95235461666	783.359985351563
1383.49606230615	784.679992675781
1386.03897285598	783.320007324219
1388.58108661632	783.679992675781
1391.12240393713	783.880004882813
1393.66292516818	783.679992675781
1396.20265065903	783.880004882813
1398.74158075901	782.799987792969
1401.2797158173	783.52001953125
1403.81705618282	782.799987792969
1406.35360220431	783.559997558594
1408.88935423032	783.599975585938
1411.42431260919	783.52001953125
1413.95847768903	783.239990234375
1416.49184981777	783.320007324219
1419.02442934314	783
1421.55621661266	783.440002441406
1424.08721197364	783.760009765625
1426.61741577321	783.719970703125
1429.14682835828	783.359985351563
1431.67545007555	783.159973144531
1434.20328127153	783.679992675781
1436.73032229253	784.400024414063
1439.25657348466	783.919982910156
1441.78203519381	784.280029296875
1444.3067077657	785.320007324219
1446.83059154581	784.679992675781
1449.35368687944	784.960021972656
1451.8759941117	785.559997558594
1454.39751358748	785.52001953125
1456.91824565148	785.320007324219
1459.43819064818	785.440002441406
1461.95734892189	785
1464.4757208167	784.52001953125
1466.99330667649	784.719970703125
1469.51010684497	785
1472.02612166564	784.320007324219
1474.54135148177	784.599975585938
1477.05579663646	783.559997558594
1479.56945747262	783.840026855469
1482.08233433293	784.239990234375
1484.59442755989	783.599975585938
1487.10573749579	783.080017089844
1489.61626448275	782.960021972656
1492.12600886264	783.280029296875
1494.63497097718	783.559997558594
1497.14315116786	782.919982910156
1499.65054977599	782.400024414063
1502.15716714267	782.47998046875
1504.66300360881	781.919982910156
1507.16805951512	782.039978027344
1509.67233520211	782.239990234375
1512.1758310101	782.52001953125
1514.67854727919	782.239990234375
1517.18048434931	782.119995117188
1519.68164256018	782.200012207031
1522.18202225132	782.200012207031
1524.68162376207	782.159973144531
1527.18044743155	782.320007324219
1529.67849359869	782.679992675781
1532.17576260224	782.239990234375
1534.67225478072	782.559997558594
1537.1679704725	781.760009765625
1539.66291001572	781.679992675781
1542.15707374832	782.200012207031
1544.65046200807	781.960021972656
1547.14307513254	782.679992675781
1549.63491345907	782.200012207031
1552.12597732485	782.960021972656
1554.61626706685	782.559997558594
1557.10578302185	782.119995117188
1559.59452552644	782.960021972656
1562.082494917	782.52001953125
1564.56969152973	783.159973144531
1567.05611570064	782.280029296875
1569.54176776552	783.47998046875
1572.02664806	783.200012207031
1574.51075691949	783.599975585938
1576.99409467921	783.599975585938
1579.4766616742	783.919982910156
1581.95845823929	784.280029296875
1584.43948470912	783.080017089844
1586.91974141815	783.880004882813
1589.39922870064	784.119995117188
1591.87794689064	783.119995117188
1594.35589632202	782.919982910156
1596.83307732848	783.719970703125
1599.30949024348	783.599975585938
1601.78513540033	783.320007324219
1604.26001313211	783.880004882813
1606.73412377175	783.679992675781
1609.20746765196	783.640014648438
1611.68004510526	783.719970703125
1614.15185646398	784.440002441406
1616.62290206026	783.239990234375
1619.09318222605	783.799987792969
1621.56269729311	783.640014648438
1624.031447593	783.599975585938
1626.4994334571	784.280029296875
1628.9666552166	784.359985351563
1631.43311320248	783.840026855469
1633.89880774554	783.960021972656
1636.3637391764	784.840026855469
1638.82790782548	784.159973144531
1641.29131402301	784.52001953125
1643.75395809903	785.119995117188
1646.21584038339	785.239990234375
1648.67696120575	785.200012207031
1651.13732089558	784.919982910156
1653.59691978216	785.640014648438
1656.05575819459	785.119995117188
1658.51383646175	786.719970703125
1660.97115491238	785.200012207031
1663.42771387498	785.799987792969
1665.8835136779	785.799987792969
1668.33855464928	785.719970703125
1670.79283711708	785.719970703125
1673.24636140907	785.039978027344
1675.69912785282	785.039978027344
1678.15113677572	784.640014648438
1680.602388505	784.679992675781
1683.05288336764	784.119995117188
1685.50262169049	784.320007324219
1687.95160380019	783.880004882813
1690.39983002318	783.960021972656
1692.84730068573	783.52001953125
1695.29401611392	782.799987792969
1697.73997663364	782.840026855469
1700.18518257059	782.919982910156
1702.6296342503	782.080017089844
1705.07333199807	782.320007324219
1707.51627613907	782.280029296875
1709.95846699824	781.400024414063
1712.39990490036	781.679992675781
1714.84059017001	782.359985351563
1717.28052313159	781.760009765625
1719.7197041093	782.119995117188
1722.15813342718	781.359985351563
1724.59581140906	781.119995117188
1727.03273837859	781.320007324219
1729.46891465926	781.320007324219
1731.90434057432	781.919982910156
1734.3390164469	781.52001953125
1736.7729425999	781.080017089844
1739.20611935604	780.880004882813
1741.63854703787	781.320007324219
1744.07022596776	781.200012207031
1746.50115646787	780.679992675781
1748.93133886019	781.239990234375
1751.36077346652	781.280029296875
1753.7894606085	781.159973144531
1756.21740060755	780.47998046875
1758.64459378494	780.640014648438
1761.07104046172	780.919982910156
1763.49674095879	781.559997558594
1765.92169559684	781.200012207031
1768.3459046964	780.559997558594
1770.7693685778	781.080017089844
1773.1920875612	781.080017089844
1775.61406196656	780.960021972656
1778.03529211367	781.200012207031
1780.45577832214	780.47998046875
1782.87552091138	780.960021972656
1785.29452020064	781
1787.71277650897	780.52001953125
1790.13029015525	780.880004882813
1792.54706145817	781.039978027344
1794.96309073625	780.47998046875
1797.3783783078	781.359985351563
1799.79292449097	781.239990234375
1802.20672960375	780.599975585938
1804.61979396389	780.320007324219
1807.03211788902	780.799987792969
1809.44370169655	780.919982910156
1811.85454570373	780.799987792969
1814.2646502276	780.919982910156
1816.67401558506	780.840026855469
1819.0826420928	781
1821.49053006734	781.119995117188
1823.89767982501	780.52001953125
1826.30409168198	780.960021972656
1828.70976595422	781.039978027344
1831.11470295753	780.960021972656
1833.51890300752	780.559997558594
1835.92236641964	781.080017089844
1838.32509350914	780.52001953125
1840.72708459111	780.52001953125
1843.12833998044	780.47998046875
1845.52885999184	780.679992675781
1847.92864493987	781
1850.32769513889	780.799987792969
1852.72601090307	780.440002441406
1855.12359254642	780.799987792969
1857.52044038278	780.840026855469
1859.91655472578	781.039978027344
1862.31193588889	781.359985351563
1864.70658418542	780.679992675781
1867.10049992847	780.440002441406
1869.49368343096	781
1871.88613500568	780.960021972656
1874.27785496518	781.400024414063
1876.66884362188	781.039978027344
1879.059101288	780.719970703125
1881.44862827559	780.640014648438
1883.8374248965	780.760009765625
1886.22549146246	780.760009765625
1888.61282828495	780.919982910156
1890.99943567534	781
1893.38531394477	780.760009765625
1895.77046340424	780.47998046875
1898.15488436455	780.840026855469
1900.53857713634	780.799987792969
1902.92154203006	780.960021972656
1905.303779356	780.679992675781
1907.68528942426	780.559997558594
1910.06607254477	780.52001953125
1912.44612902729	780.599975585938
1914.82545918139	780.960021972656
1917.20406331648	780.47998046875
1919.58194174178	780.239990234375
1921.95909476634	781.159973144531
1924.33552269905	780.960021972656
1926.71122584861	780.559997558594
1929.08620452353	780.760009765625
1931.46045903219	780.679992675781
1933.83398968275	780.559997558594
1936.20679678322	780.919982910156
1938.57888064142	780.840026855469
1940.95024156502	780.799987792969
1943.3208798615	780.760009765625
1945.69079583816	781.039978027344
1948.05998980213	780.559997558594
1950.42846206038	780.760009765625
1952.79621291969	780.52001953125
1955.16324268668	780.880004882813
1957.52955166778	780.440002441406
1959.89514016927	780.47998046875
1962.26000849723	780.840026855469
1964.62415695759	780.760009765625
1966.98758585609	780.440002441406
1969.3502954983	781.359985351563
1971.71228618964	780.919982910156
1974.07355823532	780.640014648438
1976.43411194042	780.440002441406
1978.79394760981	780.200012207031
1981.1530655482	780.679992675781
1983.51146606014	780.760009765625
1985.86914944999	780.679992675781
1988.22611602196	780.359985351563
1990.58236608007	781.080017089844
1992.93789992817	780.719970703125
1995.29271786995	780.559997558594
1997.64682020892	781.159973144531
2000.00020724843	781.200012207031
2002.35287929162	781.039978027344
2004.70483664152	780.400024414063
2007.05607960095	781.039978027344
2009.40660847256	780.960021972656
2011.75642355884	780.880004882813
2014.1055251621	781.52001953125
2016.4539135845	780.559997558594
2018.80158912802	781.080017089844
2021.14855209444	780.719970703125
2023.49480278542	780.840026855469
2025.84034150242	780.200012207031
2028.18516854673	781.080017089844
2030.52928421948	780.840026855469
2032.87268882163	781.119995117188
2035.21538265398	781.52001953125
2037.55736601713	780.960021972656
2039.89863921153	780.840026855469
2042.23920253747	780.799987792969
2044.57905629506	781.200012207031
2046.91820078425	780.880004882813
2049.2566363048	781.280029296875
2051.59436315633	780.47998046875
2053.93138163827	780.760009765625
2056.2676920499	781.119995117188
2058.6032946903	780.080017089844
2060.93818985843	781.239990234375
2063.27237785303	781.440002441406
2065.60585897272	781.359985351563
2067.93863351592	780.840026855469
2070.27070178089	781.559997558594
2072.60206406574	781.159973144531
2074.93272066838	781.200012207031
2077.26267188658	781.280029296875
2079.59191801793	780.760009765625
2081.92045935985	781.359985351563
2084.24829620962	781.52001953125
2086.57542886431	780.719970703125
2088.90185762087	780.960021972656
2091.22758277604	781.159973144531
2093.55260462643	780.960021972656
2095.87692346845	780.799987792969
2098.20053959837	781
2100.52345331229	781.280029296875
2102.84566490614	780.960021972656
2105.16717467567	781.200012207031
2107.48798291649	781.119995117188
2109.80808992403	781.200012207031
2112.12749599355	780.47998046875
2114.44620142016	781.159973144531
2116.7642064988	780.799987792969
2119.08151152423	780.799987792969
2121.39811679106	780.52001953125
2123.71402259374	781.320007324219
2126.02922922653	780.880004882813
2128.34373698356	781.119995117188
2130.65754615876	781.200012207031
2132.97065704594	781.280029296875
2135.28306993869	781.599975585938
2137.59478513047	780.960021972656
2139.90580291459	781.320007324219
2142.21612358416	781.039978027344
2144.52574743214	781.200012207031
2146.83467475134	780.599975585938
2149.1429058344	781.119995117188
2151.45044097377	781.559997558594
2153.75728046178	781.400024414063
2156.06342459057	781.080017089844
2158.36887365212	781.119995117188
2160.67362793825	781.039978027344
2162.97768774061	781.359985351563
2165.28105335071	780.760009765625
2167.58372505987	781.119995117188
2169.88570315926	780.760009765625
2172.18698793988	781.320007324219
2174.48757969258	781.039978027344
2176.78747870805	781.280029296875
2179.08668527679	781.239990234375
2181.38519968917	781.359985351563
2183.68302223538	780.960021972656
2185.98015320547	781.200012207031
2188.27659288929	780.679992675781
2190.57234157656	781.640014648438
2192.86739955682	781.559997558594
2195.16176711948	780.559997558594
2197.45544455375	781.320007324219
2199.74843214869	781
2202.04073019322	780.799987792969
2204.33233897607	781.47998046875
2206.62325878583	781.119995117188
2208.91348991093	780.840026855469
2211.20303263961	780.719970703125
2213.49188726	781
2215.78005406001	781.039978027344
2218.06753332744	780.640014648438
2220.35432534991	781.159973144531
2222.64043041487	780.559997558594
2224.92584880964	781.039978027344
2227.21058082134	780.599975585938
2229.49462673696	780.880004882813
2231.77798684332	780.640014648438
2234.06066142709	781.080017089844
2236.34265077477	781.280029296875
2238.62395517269	781.159973144531
2240.90457490706	781.119995117188
2243.18451026388	780.880004882813
2245.46376152904	780.640014648438
2247.74232898823	781
2250.02021292701	780.919982910156
2252.29741363077	780.960021972656
2254.57393138475	781.640014648438
2256.849766474	780.799987792969
2259.12491918346	780.599975585938
2261.39938979788	780.799987792969
2263.67317860185	780.719970703125
2265.94628587983	781.200012207031
2268.2187119161	781.119995117188
2270.49045699478	781.159973144531
2272.76152139985	780.679992675781
2275.03190541511	781.359985351563
2277.30160932421	781.280029296875
2279.57063341067	780.679992675781
2281.83897795781	780.679992675781
2284.10664324882	780.52001953125
2286.37362956672	780.760009765625
2288.63993719439	780.559997558594
2290.90556641454	781.200012207031
2293.17051750973	780.239990234375
2295.43479076235	780.840026855469
2297.69838645465	780.440002441406
2299.96130486871	780.559997558594
2302.22354628647	780.840026855469
2304.48511098971	780.880004882813
2306.74599926003	781.239990234375
2309.00621137891	780.760009765625
2311.26574762765	781.359985351563
2313.52460828741	780.760009765625
2315.78279363917	780.119995117188
2318.04030396379	781.320007324219
2320.29713954195	780.239990234375
2322.55330065418	780.840026855469
2324.80878758085	780.559997558594
2327.06360060219	780.919982910156
2329.31773999826	780.640014648438
2331.57120604897	780.47998046875
2333.82399903409	780.840026855469
2336.0761192332	780.559997558594
2338.32756692577	781.159973144531
2340.57834239108	780.559997558594
2342.82844590827	780.679992675781
2345.07787775633	780.52001953125
2347.32663821409	780.760009765625
2349.57472756023	780.719970703125
2351.82214607327	780.840026855469
2354.06889403158	780.960021972656
2356.31497171337	780.960021972656
2358.56037939672	780.760009765625
2360.80511735953	780.760009765625
2363.04918587955	780.52001953125
2365.29258523439	780.080017089844
2367.5353157015	780.599975585938
2369.77737755817	780.719970703125
2372.01877108156	780.359985351563
2374.25949654865	780.400024414063
2376.49955423629	780.599975585938
2378.73894442115	780.559997558594
2380.97766737977	780.799987792969
2383.21572338855	780.760009765625
2385.45311272369	780.679992675781
2387.68983566129	780.359985351563
2389.92589247727	780.960021972656
2392.1612834474	781.080017089844
2394.39600884731	780.559997558594
2396.63006895246	780.159973144531
2398.86346403818	780.200012207031
2401.09619437962	780.039978027344
2403.32826025182	780.640014648438
2405.55966192963	781
2407.79039968777	780.559997558594
2410.0204738008	780.599975585938
2412.24988454313	780.599975585938
2414.47863218902	780.760009765625
2416.70671701258	780.719970703125
2418.93413928778	780.47998046875
2421.16089928842	780.719970703125
2423.38699728817	780.679992675781
2425.61243356052	780.640014648438
2427.83720837884	780.960021972656
2430.06132201633	780.320007324219
2432.28477474606	780.719970703125
2434.50756684093	780.359985351563
2436.72969857371	780.200012207031
2438.95117021699	780.840026855469
2441.17198204325	780.320007324219
2443.39213432478	780.47998046875
2445.61162733376	780.760009765625
2447.83046134218	780.679992675781
2450.04863662192	780.799987792969
2452.26615344468	780.559997558594
2454.48301208203	780.440002441406
2456.69921280539	781.200012207031
2458.91475588602	780.559997558594
2461.12964159504	780.359985351563
2463.34387020342	780.599975585938
2465.55744198198	780.359985351563
2467.77035720139	780.719970703125
2469.98261613217	780.200012207031
2472.1942190447	780.280029296875
2474.40516620922	780.919982910156
2476.6154578958	780.760009765625
2478.82509437436	780.400024414063
2481.03407591471	781
2483.24240278646	780.47998046875
2485.45007525911	780.640014648438
2487.65709360202	780.280029296875
2489.86345808435	781.039978027344
2492.06916897518	780.760009765625
2494.27422654339	780.359985351563
2496.47863105774	781.119995117188
2498.68238278683	780.640014648438
2500.88548199912	780.719970703125
2503.08792896294	780.799987792969
2505.28972394643	780.52001953125
2507.49086721763	781.080017089844
2509.6913590444	780.280029296875
2511.89119969447	780.679992675781
2514.09038943543	780.599975585938
2516.2889285347	780.640014648438
2518.48681725957	780.159973144531
2520.6840558772	780.359985351563
2522.88064465456	780.640014648438
2525.07658385852	780.640014648438
2527.27187375578	780.679992675781
2529.4665146129	780
2531.66050669629	780.559997558594
2533.85385027222	780.320007324219
2536.04654560681	780.52001953125
2538.23859296605	780.799987792969
2540.42999261577	780.760009765625
2542.62074482166	781.200012207031
2544.81084984925	781.039978027344
2547.00030796395	780.559997558594
2549.18911943101	780.840026855469
2551.37728451555	780.960021972656
2553.56480348252	781.080017089844
2555.75167659675	780.599975585938
2557.93790412292	780.960021972656
2560.12348632556	781.119995117188
2562.30842346905	780.640014648438
2564.49271581764	780.119995117188
2566.67636363544	780.919982910156
2568.85936718639	780.200012207031
2571.04172673431	780.840026855469
2573.22344254288	780.280029296875
2575.40451487562	780.039978027344
2577.58494399591	780.159973144531
2579.76473016699	780.960021972656
2581.94387365196	781.119995117188
2584.12237471377	780.440002441406
2586.30023361523	780.119995117188
2588.47745061901	780.640014648438
2590.65402598763	780.280029296875
2592.82995998348	780.320007324219
2595.0052528688	780.400024414063
2597.17990490568	780.239990234375
2599.35391635608	780.679992675781
2601.52728748181	780.919982910156
2603.70001854454	780.799987792969
2605.8721098058	781.119995117188
2608.04356152698	780.559997558594
2610.21437396931	780.47998046875
2612.3845473939	780.320007324219
2614.55408206173	780.719970703125
2616.72297823359	780.919982910156
2618.89123617017	780.719970703125
2621.058856132	780.320007324219
2623.22583837949	780.760009765625
2625.39218317288	780.47998046875
2627.55789077229	780.960021972656
2629.72296143769	780.960021972656
2631.88739542891	780.47998046875
2634.05119300563	780.960021972656
2636.21435442742	780.679992675781
2638.37687995367	780.640014648438
2640.53876984365	780.599975585938
2642.70002435649	780.919982910156
2644.86064375119	781.200012207031
2647.02062828658	781.400024414063
2649.17997822137	780.559997558594
2651.33869381413	780.559997558594
2653.49677532328	780.880004882813
2655.65422300711	780.840026855469
2657.81103712378	780.640014648438
2659.96721793127	780.52001953125
2662.12276568747	781.119995117188
2664.2776806501	781.359985351563
2666.43196307675	780.799987792969
2668.58561322486	780.760009765625
2670.73863135176	781.239990234375
2672.8910177146	780.760009765625
2675.04277257043	781.239990234375
2677.19389617612	780.640014648438
2679.34438878845	780.760009765625
2681.49425066402	780.559997558594
2683.64348205931	781.200012207031
2685.79208323065	781.080017089844
2687.94005443425	781
2690.08739592617	780.919982910156
2692.23410796233	781.039978027344
2694.38019079852	780.840026855469
2696.52564469038	781.159973144531
2698.67046989342	780.679992675781
2700.81466666302	780.559997558594
2702.9582352544	780.559997558594
2705.10117592265	781.039978027344
2707.24348892275	781.200012207031
2709.3851745095	780.919982910156
2711.5262329376	781.52001953125
2713.66666446158	780.47998046875
2715.80646933585	780.760009765625
2717.94564781468	780.880004882813
2720.08420015222	780.679992675781
2722.22212660245	781.080017089844
2724.35942741923	781.200012207031
2726.49610285628	781.080017089844
2728.63215316721	781
2730.76757860544	781
2732.9023794243	780.640014648438
2735.03655587697	781.159973144531
2737.17010821648	781.080017089844
2739.30303669573	781.119995117188
2741.4353415675	781.47998046875
2743.56702308442	781
2745.69808149898	780.960021972656
2747.82851706355	780.880004882813
2749.95833003034	781.52001953125
2752.08752065145	781.52001953125
2754.21608917883	781
2756.3440358643	781.080017089844
2758.47136095954	781.719970703125
2760.59806471609	781.440002441406
2762.72414738537	781.47998046875
2764.84960921865	781.080017089844
2766.97445046708	780.919982910156
2769.09867138166	781.359985351563
2771.22227221326	781.200012207031
2773.34525321263	781
2775.46761463035	780.599975585938
2777.58935671691	781.159973144531
2779.71047972262	781.159973144531
2781.83098389771	781.200012207031
2783.95086949221	781.440002441406
2786.07013675607	780.960021972656
2788.18878593908	781.200012207031
2790.3068172909	781.280029296875
2792.42423106106	781.400024414063
2794.54102749895	780.679992675781
2796.65720685384	780.799987792969
2798.77276937486	781
2800.88771531098	781.039978027344
2803.00204491107	781.960021972656
2805.11575842387	781.640014648438
2807.22885609796	780.880004882813
2809.34133818179	781.640014648438
2811.4532049237	780.599975585938
2813.56445657189	781.200012207031
2815.6750933744	781
2817.78511557916	781.440002441406
2819.89452343398	781.52001953125
2822.00331718652	781.640014648438
2824.11149708429	781.47998046875
2826.2190633747	781.760009765625
2828.32601630502	781.960021972656
2830.43235612237	781.679992675781
2832.53808307375	781.47998046875
2834.64319740603	781.799987792969
2836.74769936595	781.320007324219
2838.85158920011	782.159973144531
2840.95486715497	782.679992675781
2843.05753347689	783.119995117188
2845.15958841206	783
2847.26103220657	783.280029296875
2849.36186510636	784.320007324219
2851.46208735724	783.52001953125
2853.56169920488	783.880004882813
2855.66070089485	784.200012207031
2857.75909267257	784.760009765625
2859.85687478332	784.960021972656
2861.95404747225	785.760009765625
2864.05061098439	786.159973144531
2866.14656556464	785.599975585938
2868.24191145777	785.400024414063
2870.3366489084	785.840026855469
2872.43077816104	786.679992675781
2874.52429946006	786.760009765625
2876.61721304971	787
2878.70951917409	787.359985351563
2880.8012180772	787.679992675781
2882.89231000287	787.400024414063
2884.98279519483	787.200012207031
2887.07267389667	787.880004882813
2889.16194635186	787.760009765625
2891.25061280373	787.440002441406
2893.33867349546	787.640014648438
2895.42612867015	788.119995117188
2897.51297857074	787.799987792969
2899.59922344003	788.52001953125
2901.68486352071	789.200012207031
2903.76989905533	788.799987792969
2905.85433028632	789
2907.93815745598	788.799987792969
2910.02138080648	789.159973144531
2912.10400057985	789.559997558594
2914.186017018	789.880004882813
2916.26743036271	790.599975585938
2918.34824085563	790.239990234375
2920.4284487383	789.760009765625
2922.5080542521	791.640014648438
2924.58705763829	791.039978027344
2926.66545913802	791.280029296875
2928.74325899231	791.960021972656
2930.82045744202	793.599975585938
2932.89705472792	792.760009765625
2934.97305109062	792.799987792969
2937.04844677063	792.919982910156
2939.12324200832	792.799987792969
2941.19743704393	793.039978027344
2943.27103211757	792.320007324219
2945.34402746923	792.679992675781
2947.41642333876	792.119995117188
2949.48821996592	791.119995117188
2951.55941759028	791.039978027344
2953.63001645135	790.719970703125
2955.70001678845	790.559997558594
2957.76941884083	790.280029296875
2959.83822284757	790.200012207031
2961.90642904764	790.039978027344
2963.97403767988	790.080017089844
2966.04104898302	789.239990234375
2968.10746319565	789.039978027344
2970.17328055621	789.119995117188
2972.23850130305	789
2974.30312567438	788.640014648438
2976.36715390829	788.880004882813
2978.43058624273	789.359985351563
2980.49342291553	788.119995117188
2982.55566416439	788.039978027344
2984.61731022691	787.919982910156
2986.67836134051	788.239990234375
2988.73881774255	787.559997558594
2990.79867967021	788.039978027344
2992.85794736058	786.840026855469
2994.9166210506	786.960021972656
2996.97470097711	786.719970703125
2999.03218737679	786.359985351563
3001.08908048622	785.719970703125
3003.14538054186	786.52001953125
3005.20108778002	785.960021972656
3007.25620243691	786.559997558594
3009.3107247486	785.359985351563
3011.36465495104	785.119995117188
3013.41799328004	785.919982910156
3015.47073997133	785.599975585938
3017.52289526045	785
3019.57445938288	786.119995117188
3021.62543257393	785.679992675781
3023.6758150688	785.919982910156
3025.72560710258	785.559997558594
3027.77480891021	785.760009765625
3029.82342072652	786.320007324219
3031.87144278622	786.559997558594
3033.91887532389	786.320007324219
3035.96571857399	786.400024414063
3038.01197277084	786.159973144531
3040.05763814867	786.159973144531
3042.10271494154	786.320007324219
3044.14720338344	786.880004882813
3046.19110370818	786.760009765625
3048.2344161495	786
3050.27714094097	787.640014648438
3052.31927831608	787.52001953125
3054.36082850816	787.599975585938
3056.40179175044	787.52001953125
3058.44216827602	787.840026855469
3060.48195831786	787.359985351563
3062.52116210884	788.200012207031
3064.55977988167	788.400024414063
3066.59781186897	788.719970703125
3068.63525830322	788.599975585938
3070.67211941678	788.679992675781
3072.7083954419	788.239990234375
3074.7440866107	788.440002441406
3076.77919315516	788.359985351563
3078.81371530716	789.080017089844
3080.84765329846	788.400024414063
3082.88100736068	789.919982910156
3084.91377772534	788.760009765625
3086.94596462381	789.039978027344
3088.97756828737	789.440002441406
3091.00858894714	790.119995117188
3093.03902683417	789.960021972656
3095.06888217933	789.440002441406
3097.09815521342	789.760009765625
3099.12684616709	789.320007324219
3101.15495527087	790.039978027344
3103.18248275518	790
3105.20942885031	791.280029296875
3107.23579378642	791.320007324219
3109.26157779358	790.919982910156
3111.28678110171	791.080017089844
3113.31140394062	791.760009765625
3115.33544654	792.039978027344
3117.35890912942	791.320007324219
3119.38179193832	792.159973144531
3121.40409519602	792.880004882813
3123.42581913174	793.239990234375
3125.44696397457	792.840026855469
3127.46752995345	793.320007324219
3129.48751729725	794.400024414063
3131.50692623469	793.840026855469
3133.52575699436	794.119995117188
3135.54400980476	794.039978027344
3137.56168489425	793.960021972656
3139.57878249108	795.159973144531
3141.59530282337	794.400024414063
3143.61124611913	795.039978027344
3145.62661260624	795.960021972656
3147.64140251247	795
3149.65561606547	795.119995117188
3151.66925349277	795.400024414063
3153.68231502177	796.039978027344
3155.69480087977	796.640014648438
3157.70671129394	796.840026855469
3159.71804649132	796
3161.72880669886	798.039978027344
3163.73899214336	798.159973144531
3165.74860305152	798.679992675781
3167.75763964991	798.719970703125
3169.766102165	799
3171.77399082313	798.400024414063
3173.7813058505	798.960021972656
3175.78804747323	798.119995117188
3177.79421591731	797.919982910156
3179.79981140859	799.880004882813
3181.80483417282	799.52001953125
3183.80928443564	798.52001953125
3185.81316242255	798.719970703125
3187.81646835896	799.239990234375
3189.81920247013	800.52001953125
3191.82136498122	799.840026855469
3193.82295611727	800.640014648438
3195.82397610321	800
3197.82442516385	802.320007324219
3199.82430352386	801.960021972656
3201.82361140782	803.400024414063
3203.82234904018	803.880004882813
3205.82051664529	801.559997558594
3207.81811444735	801.840026855469
3209.81514267047	803.200012207031
3211.81160153863	802.679992675781
3213.80749127571	802.880004882813
3215.80281210545	802.760009765625
3217.79756425148	802.840026855469
3219.79174793733	803.440002441406
3221.7853633864	803.760009765625
3223.77841082196	804.559997558594
3225.77089046719	803.760009765625
3227.76280254513	803.119995117188
3229.75414727873	804.799987792969
3231.74492489081	803.880004882813
3233.73513560406	804.919982910156
3235.72477964107	805.679992675781
3237.71385722431	805.200012207031
3239.70236857614	805.400024414063
3241.6903139188	804.559997558594
3243.6776934744	802.919982910156
3245.66450746496	803.719970703125
3247.65075611237	803.320007324219
3249.63643963841	804.799987792969
3251.62155826472	804.200012207031
3253.60611221287	805.359985351563
3255.59010170428	805.919982910156
3257.57352696026	805.400024414063
3259.55638820202	805.840026855469
3261.53868565064	804.640014648438
3263.52041952708	805.039978027344
3265.50159005221	805.200012207031
3267.48219744676	804.359985351563
3269.46224193136	804.799987792969
3271.44172372651	805.679992675781
3273.42064305262	805.760009765625
3275.39900012996	806.679992675781
3277.3767951787	804.640014648438
3279.35402841889	804.919982910156
3281.33070007047	805.440002441406
3283.30681035326	806.440002441406
3285.28235948698	807.599975585938
3287.25734769121	805.599975585938
3289.23177518544	804.080017089844
3291.20564218903	803.960021972656
3293.17894892124	804.400024414063
3295.1516956012	804.960021972656
3297.12388244795	804.840026855469
3299.09550968039	804.880004882813
3301.06657751732	805.359985351563
3303.03708617743	805.960021972656
3305.00703587929	806.159973144531
3306.97642684135	804.559997558594
3308.94525928196	806.280029296875
3310.91353341935	804.919982910156
3312.88124947164	805.359985351563
3314.84840765683	804.400024414063
3316.81500819282	805.640014648438
3318.78105129738	806.159973144531
3320.74653718818	805.679992675781
3322.71146608278	804
3324.67583819861	804.280029296875
3326.639653753	805.280029296875
3328.60291296317	806.719970703125
3330.56561604621	807.280029296875
3332.52776321913	805.599975585938
3334.4893546988	803.880004882813
3336.45039070198	804.280029296875
3338.41087144533	804.960021972656
3340.37079714539	803.47998046875
3342.33016801859	803.760009765625
3344.28898428124	805.159973144531
3346.24724614955	805.200012207031
3348.20495383962	806.400024414063
3350.16210756742	803.719970703125
3352.11870754883	802.400024414063
3354.07475399961	803.559997558594
3356.03024713539	803.400024414063
3357.98518717173	803.719970703125
3359.93957432403	804.52001953125
3361.89340880761	804.640014648438
3363.84669083768	805.200012207031
3365.79942062933	803.719970703125
3367.75159839753	803.559997558594
3369.70322435715	803.840026855469
3371.65429872295	805.679992675781
3373.60482170957	804.080017089844
3375.55479353155	804.359985351563
3377.50421440332	805.080017089844
3379.45308453918	805.960021972656
3381.40140415335	804.919982910156
3383.34917345991	803.320007324219
3385.29639267284	804.119995117188
3387.24306200602	804.719970703125
3389.18918167321	805.320007324219
3391.13475188806	805.599975585938
3393.07977286411	805.960021972656
3395.02424481479	803.960021972656
3396.96816795342	806
3398.91154249322	806.280029296875
3400.85436864728	806.200012207031
3402.79664662859	806.47998046875
3404.73837665004	805.039978027344
3406.67955892439	806.080017089844
3408.62019366432	807
3410.56028108236	806.559997558594
3412.49982139096	805.760009765625
3414.43881480247	805.440002441406
3416.37726152909	805.440002441406
3418.31516178295	807.280029296875
3420.25251577605	805.119995117188
3422.18932372029	805.239990234375
3424.12558582746	807.280029296875
3426.06130230922	807.599975585938
3427.99647337717	805.440002441406
3429.93109924274	804.679992675781
3431.8651801173	804.880004882813
3433.79871621209	805.760009765625
3435.73170773824	805.799987792969
3437.66415490678	805.119995117188
3439.59605792862	805.320007324219
3441.52741701458	804.919982910156
3443.45823237536	804.359985351563
3445.38850422154	806.119995117188
3447.31823276362	805.559997558594
3449.24741821196	804.52001953125
3451.17606077684	805.159973144531
3453.10416066842	805.679992675781
3455.03171809674	804.960021972656
3456.95873327175	803.960021972656
3458.88520640329	804.280029296875
3460.81113770109	804.799987792969
3462.73652737477	805
3464.66137563383	804.239990234375
3466.58568268769	802.359985351563
3468.50944874565	802.159973144531
3470.43267401689	801.159973144531
3472.3553587105	802.52001953125
3474.27750303545	802.799987792969
3476.19910720062	802.559997558594
3478.12017141476	802.280029296875
3480.04069588654	802
3481.9606808245	803.52001953125
3483.88012643707	803.599975585938
3485.79903293259	802.919982910156
3487.7174005193	802.159973144531
3489.63522940532	800.960021972656
3491.55251979864	800.400024414063
3493.46927190719	799.760009765625
3495.38548593877	800
3497.30116210107	799.880004882813
3499.21630060167	800.200012207031
3501.13090164807	798.880004882813
3503.04496544763	798.47998046875
3504.95849220763	798.559997558594
3506.87148213523	797.960021972656
3508.78393543748	798.200012207031
3510.69585232134	797.640014648438
3512.60723299365	796.599975585938
3514.51807766116	797.119995117188
3516.42838653049	797.599975585938
3518.33815980819	797.960021972656
3520.24739770066	797.239990234375
3522.15610041423	796.719970703125
3524.06426815511	796.599975585938
3525.9719011294	796.159973144531
3527.87899954311	796.52001953125
3529.78556360213	796.159973144531
3531.69159351225	796.200012207031
3533.59708947916	795.119995117188
3535.50205170844	795.239990234375
3537.40648040556	794.960021972656
3539.3103757759	793.719970703125
3541.21373802472	792.760009765625
3543.11656735717	792.280029296875
3545.01886397833	792.679992675781
3546.92062809313	792.880004882813
3548.82185990643	791.640014648438
3550.72255962297	792.960021972656
3552.62272744738	793.719970703125
3554.5223635842	793.880004882813
3556.42146823786	792.47998046875
3558.32004161268	792
3560.21808391289	791.640014648438
3562.11559534259	791.719970703125
3564.01257610581	791.799987792969
3565.90902640645	791.039978027344
3567.80494644831	792.559997558594
3569.7003364351	791.880004882813
3571.59519657042	791.640014648438
3573.48952705774	791.760009765625
3575.38332810048	791.239990234375
3577.27659990191	791.320007324219
3579.16934266521	791.119995117188
3581.06155659346	790.359985351563
3582.95324188965	790.119995117188
3584.84439875663	789.239990234375
3586.73502739718	789.599975585938
3588.62512801397	789.719970703125
3590.51470080955	790.280029296875
3592.40374598639	789
3594.29226374685	788.640014648438
3596.18025429317	788.200012207031
3598.06771782751	788.960021972656
3599.95465455192	788.039978027344
3601.84106466834	787.52001953125
3603.72694837861	788.52001953125
3605.61230588447	788.400024414063
3607.49713738756	787.719970703125
3609.38144308942	787.719970703125
3611.26522319148	787.919982910156
3613.14847789506	788
3615.0312074014	787.440002441406
3616.91341191162	787.080017089844
3618.79509162674	786.239990234375
3620.67624674769	786.599975585938
3622.55687747528	786.880004882813
3624.43698401024	787.359985351563
3626.31656655317	788.52001953125
3628.1956253046	787.039978027344
3630.07416046492	786.599975585938
3631.95217223446	786.039978027344
3633.82966081342	786.200012207031
3635.70662640191	786.799987792969
3637.58306919993	786.119995117188
3639.45898940739	786.47998046875
3641.33438722409	785.799987792969
3643.20926284973	785.599975585938
3645.08361648392	785.280029296875
3646.95744832614	785.280029296875
3648.8307585758	784.840026855469
3650.7035474322	785.239990234375
3652.57581509452	784.919982910156
3654.44756176188	785.52001953125
3656.31878763324	784.200012207031
3658.18949290753	784.679992675781
3660.05967778352	783.919982910156
3661.9293424599	783.640014648438
3663.79848713527	783.359985351563
3665.66711200812	783.47998046875
3667.53521727684	784.320007324219
3669.40280313972	783.119995117188
3671.26986979494	783.359985351563
3673.13641744059	782.880004882813
3675.00244627468	782.599975585938
