-140.373595351881	779.200012207031
-137.335129063906	779.280029296875
-134.297686810867	778.960021972656
-131.261268103955	778.919982910156
-128.225872454677	779.039978027344
-125.191499374839	779.47998046875
-122.158148376567	778.880004882813
-119.125818972292	778.799987792969
-116.094510674759	778.840026855469
-113.064222997021	779
-110.034955452443	779.119995117188
-107.006707554687	779.119995117188
-103.979478817741	778.880004882813
-100.95326875589	778.679992675781
-97.928076883731	778.799987792969
-94.9039027161698	778.719970703125
-91.8807457684175	778.840026855469
-88.8586055560018	779.119995117188
-85.8374815947384	778.840026855469
-82.8173734007715	779
-79.7982804905411	778.679992675781
-76.7802023807988	779.359985351563
-73.7631385885914	778.880004882813
-70.7470886312892	778.799987792969
-67.732052026553	779.359985351563
-64.7180282923587	778.840026855469
-61.7050169469884	778.760009765625
-58.6930175090183	778.559997558594
-55.6820294973386	778.880004882813
-52.6720524311495	778.719970703125
-49.66308582994	778.840026855469
-46.6551292135171	779
-43.6481821019882	778.960021972656
-40.6422440157577	778.919982910156
-37.6373144755424	779.080017089844
-34.6333930023594	778.960021972656
-31.630479117526	778.47998046875
-28.6285723426709	778.760009765625
-25.6276721997107	779.039978027344
-22.6277782108771	778.880004882813
-19.628889898701	778.52001953125
-16.6310067860081	779
-13.6341283959385	778.960021972656
-10.6382542519231	779.400024414063
-7.64338387769432	782.559997558594
-4.64951679729502	795.440002441406
-1.65665253506141	804.840026855469
1.33520938438089	803.119995117188
4.32606943608095	791.239990234375
7.315928094803	780
10.3047858350146	778.880004882813
13.2926431308747	778.47998046875
16.2795004562541	778.719970703125
19.2653582847118	778.47998046875
22.2502170895187	779.200012207031
25.2340773436344	778.880004882813
28.216939519735	778.880004882813
31.1988040901939	778.960021972656
34.1796715270814	779
37.1595423021732	779.119995117188
40.1384168869468	778.840026855469
43.1162957525854	778.880004882813
46.0931793699786	778.960021972656
49.0690682097059	778.679992675781
52.0439627420619	778.559997558594
55.0178634370476	778.799987792969
57.9907707643592	779.039978027344
60.9626851933962	778.440002441406
63.9336071932735	778.559997558594
66.9035372328018	778.799987792969
69.8724757804959	778.760009765625
72.8404233045826	778.760009765625
75.8073802729932	778.640014648438
78.7733471533597	778.840026855469
81.738324413019	779.080017089844
84.702312519025	779.159973144531
87.665311938125	779.119995117188
90.6273231367761	778.719970703125
93.5883465811569	778.880004882813
96.5483827371242	778.640014648438
99.5074320702731	778.440002441406
102.465495045889	778.880004882813
105.422572128961	779.119995117188
108.378663784199	778.760009765625
111.333770476014	778.880004882813
114.287892668528	779.239990234375
117.24103082557	779.080017089844
120.193185410674	778.599975585938
123.144356887097	779.039978027344
126.094545717786	779.200012207031
129.043752365413	779.080017089844
131.991977292355	779.159973144531
134.939220960695	779.280029296875
137.885483832232	779.52001953125
140.83076636847	779.599975585938
143.775069030632	780
146.718392279644	779.719970703125
149.660736576149	779.919982910156
152.602102380488	780.359985351563
155.54249015274	780.239990234375
158.481900352672	780.960021972656
161.420333439765	780.799987792969
164.357789873227	781.080017089844
167.294270111968	781
170.229774614617	782
173.164303839496	782.320007324219
176.097858244675	782.320007324219
179.030438287908	782.159973144531
181.962044426678	782.599975585938
184.89267711817	783.599975585938
187.822336819302	783.119995117188
190.751023986678	783.400024414063
193.678739076648	783.760009765625
196.605482545255	783.440002441406
199.531254848261	783.799987792969
202.456056441152	783.679992675781
205.379887779119	783.640014648438
208.30274931708	784
211.224641509656	784.039978027344
214.145564811189	784.039978027344
217.06551967574	784
219.984506557089	783.760009765625
222.902525908723	783.719970703125
225.819578183856	783.640014648438
228.735663835415	784.119995117188
231.650783316047	783.719970703125
234.564937078107	784.239990234375
237.478125573679	783.880004882813
240.390349254566	783.840026855469
243.301608572278	783.239990234375
246.211903978051	783.719970703125
249.121235922839	784.239990234375
252.029604857321	783.880004882813
254.93701123188	784.52001953125
257.843455496632	785.400024414063
260.748938101415	784.559997558594
263.653459495766	785.440002441406
266.557020128967	785.679992675781
269.459620450005	785.119995117188
272.361260907595	785.799987792969
275.261941950168	785.239990234375
278.161664025874	785.880004882813
281.060427582592	785.640014648438
283.958233067921	786.280029296875
286.855080929176	785.559997558594
289.750971613398	785.039978027344
292.645905567344	785.47998046875
295.539883237503	785.52001953125
298.432905070079	785.719970703125
301.324971511007	785.640014648438
304.216083005931	785.559997558594
307.10624000023	785.400024414063
309.995442939003	786.239990234375
312.883692267071	787.840026855469
315.770988428979	789.919982910156
318.657331869	792.400024414063
321.542723031127	794.559997558594
324.427162359076	794.200012207031
327.310650296293	792.200012207031
330.193187285945	788.960021972656
333.074773770929	786.599975585938
335.955410193855	785.960021972656
338.835096997075	785.679992675781
341.713834622655	784.919982910156
344.59162351239	784.760009765625
347.468464107802	784.840026855469
350.344356850137	784.47998046875
353.219302180373	783.599975585938
356.093300539208	784.52001953125
358.966352367073	784.760009765625
361.838458104123	783.799987792969
364.70961819024	784.320007324219
367.579833065031	784.080017089844
370.449103167837	783.640014648438
373.317428937727	784.47998046875
376.184810813496	783.440002441406
379.051249233659	784.039978027344
381.916744636474	784.080017089844
384.78129745992	784.320007324219
387.644908141706	784.119995117188
390.50757711927	784.080017089844
393.36930482978	784.47998046875
396.23009171014	784.47998046875
399.089938196969	784.799987792969
401.948844726631	784.320007324219
404.806811735214	783.919982910156
407.66383965853	784.080017089844
410.519928932138	784.200012207031
413.375079991314	784.52001953125
416.229293271071	783.52001953125
419.082569206155	783.559997558594
421.934908231031	784.47998046875
424.786310779917	784.039978027344
427.636777286748	783.640014648438
430.486308185189	784.359985351563
433.334903908649	783.840026855469
436.182564890262	783.840026855469
439.029291562898	783.880004882813
441.875084359157	784.400024414063
444.719943711374	784.039978027344
447.563870051618	783.320007324219
450.406863811695	784.080017089844
453.248925423132	784.47998046875
456.090055317208	784.159973144531
458.93025392492	784.080017089844
461.76952167701	783.919982910156
464.60785900395	784.640014648438
467.44526633595	784.440002441406
470.281744102955	783.919982910156
473.117292734635	784
475.951912660415	783.719970703125
478.785604309439	784.119995117188
481.618368110592	783.919982910156
484.450204492499	784.039978027344
487.281113883518	783.640014648438
490.111096711738	783.760009765625
492.940153404999	783.679992675781
495.768284390864	783.559997558594
498.595490096635	783.919982910156
501.421770949366	784.159973144531
504.247127375825	783.440002441406
507.071559802537	783.919982910156
509.89506865575	784.239990234375
512.717654361473	783.919982910156
515.539317345424	784.039978027344
518.360058033083	783.760009765625
521.179876849652	783.200012207031
523.998774220083	784.200012207031
526.816750569068	783.919982910156
529.633806321025	783.760009765625
532.44994190013	783.919982910156
535.265157730284	784.159973144531
538.079454235133	784
540.892831838066	783.640014648438
543.705290962208	783.559997558594
546.516832030424	783.760009765625
549.32745546533	783.960021972656
552.137161689268	783.840026855469
554.945951124325	784.119995117188
557.753824192341	783.719970703125
560.560781314883	783.599975585938
563.36682291327	784.080017089844
566.171949408555	783.840026855469
568.976161221537	783.960021972656
571.779458772759	782.880004882813
574.5818424825	783.52001953125
577.383312770792	783.760009765625
580.183870057402	783.880004882813
582.983514761843	784.159973144531
585.782247303363	783.840026855469
588.580068100976	784.200012207031
591.376977573414	784.080017089844
594.172976139164	783.400024414063
596.968064216463	783.840026855469
599.762242223282	783.52001953125
602.555510577335	783.440002441406
605.347869696099	783.359985351563
608.139319996771	783.119995117188
610.929861896313	783.359985351563
613.719495811421	783.440002441406
616.508222158541	783.239990234375
619.296041353863	783.760009765625
622.082953813324	783.799987792969
624.868959952607	783.679992675781
627.654060187137	783.200012207031
630.438254932094	783.159973144531
633.221544602397	783.159973144531
636.003929612719	783.119995117188
638.785410377468	782.719970703125
641.565987310814	782.679992675781
644.345660826665	783.640014648438
647.124431338674	783.359985351563
649.902299260252	783.47998046875
652.679265004552	782.52001953125
655.455328984475	783.039978027344
658.230491612671	783.440002441406
661.004753301541	783.119995117188
663.778114463229	783.719970703125
666.550575509631	784.039978027344
669.322136852395	783.840026855469
672.092798902916	783.440002441406
674.862562072336	783.559997558594
677.631426771548	783.760009765625
680.399393411204	783.359985351563
683.166462401689	783.880004882813
685.93263415315	784.159973144531
688.697909075486	783.52001953125
691.462287578337	783.320007324219
694.225770071098	783.440002441406
696.988356962926	783.320007324219
699.750048662705	783.039978027344
702.5108455791	782.559997558594
705.270748120503	783.200012207031
708.029756695068	783
710.787871710705	783.320007324219
713.545093575065	783.52001953125
716.301422695566	783.159973144531
719.056859479364	783.799987792969
721.811404333376	783.359985351563
724.56505766427	783.679992675781
727.317819878473	784.039978027344
730.069691382148	783.52001953125
732.820672581226	783.200012207031
735.570763881396	783
738.319965688092	782.960021972656
741.068278406496	783.239990234375
743.815702441559	783.400024414063
746.562238197974	783.919982910156
749.307886080196	783.760009765625
752.052646492436	783.239990234375
754.796519838656	784.400024414063
757.539506522567	783.719970703125
760.28160694765	783.559997558594
763.022821517128	783.919982910156
765.76315063399	783.640014648438
768.502594700972	784.039978027344
771.241154120572	783.599975585938
773.978829295045	783.559997558594
776.715620626397	783.559997558594
779.451528516396	783.880004882813
782.186553366565	784.039978027344
784.920695578179	784.200012207031
787.653955552283	784.039978027344
790.386333689662	783.919982910156
793.117830390877	783.679992675781
795.848446056227	783.239990234375
798.578181085792	783.239990234375
801.307035879389	783.52001953125
804.035010836599	784.080017089844
806.762106356774	783.200012207031
809.488322839013	783.52001953125
812.213660682169	783.440002441406
814.938120284866	783.52001953125
817.661702045482	783.52001953125
820.384406362153	783.840026855469
823.10623363278	783.960021972656
825.827184255014	783.679992675781
828.547258626283	783.119995117188
831.266457143747	783.440002441406
833.984780204358	783.400024414063
836.702228204804	783.320007324219
839.418801541552	783.400024414063
842.134500610814	783.599975585938
844.849325808575	783.840026855469
847.563277530579	783.359985351563
850.276356172319	783.640014648438
852.988562129066	783.719970703125
855.69989579585	783.52001953125
858.410357567456	783.760009765625
861.119947838428	783.760009765625
863.828667003087	783.320007324219
866.536515455503	783.320007324219
869.243493589517	783.359985351563
871.949601798728	783.119995117188
874.654840476504	783.159973144531
877.359210015961	783.159973144531
880.062710810003	783.880004882813
882.765343251273	782.719970703125
885.467107732191	783.239990234375
888.168004644938	783.239990234375
890.868034381467	783.880004882813
893.567197333476	783.280029296875
896.265493892445	783
898.962924449614	783.119995117188
901.659489395985	783.559997558594
904.355189122325	784.039978027344
907.050024019165	783.679992675781
909.743994476809	783.760009765625
912.437100885322	784.039978027344
915.129343634532	783.679992675781
917.820723114032	783.359985351563
920.511239713189	783.47998046875
923.200893821127	783.799987792969
925.889685826744	784
928.577616118699	783.799987792969
931.264685085419	784.119995117188
933.950893115098	784.119995117188
936.6362405957	783.919982910156
939.320727914956	783.799987792969
942.004355460359	783.400024414063
944.687123619173	783.52001953125
947.369032778431	783.400024414063
950.050083324934	783.359985351563
952.730275645247	783.760009765625
955.409610125711	783.320007324219
958.088087152423	783.320007324219
960.765707111263	783.320007324219
963.442470387871	783.840026855469
966.118377367657	783.760009765625
968.793428435798	783.440002441406
971.467623977254	783.559997558594
974.140964376739	783.320007324219
976.813450018737	782.799987792969
979.485081287511	783.760009765625
982.155858567087	783.239990234375
984.825782241271	783.280029296875
987.494852693624	783.52001953125
990.163070307487	783.599975585938
992.830435465978	783.919982910156
995.496948551973	783.840026855469
998.162609948122	783.200012207031
1000.82742003685	784.039978027344
1003.49137920036	785.239990234375
1006.15448782061	785.200012207031
1008.81674627934	784.640014648438
1011.47815495806	783.47998046875
1014.13871423805	783.760009765625
1016.79842450037	783.400024414063
1019.45728612586	783.200012207031
1022.11529949509	782.559997558594
1024.77246498846	782.760009765625
1027.4287829861	783.559997558594
1030.08425386792	783.320007324219
1032.73887801363	783.719970703125
1035.3926558027	783.440002441406
1038.04558761435	783.359985351563
1040.69767382761	783.599975585938
1043.34891482125	783
1045.99931097384	782.880004882813
1048.64886266371	783.359985351563
1051.29757026898	783.599975585938
1053.94543416753	783
1056.59245473701	783.719970703125
1059.23863235486	783.559997558594
1061.8839673983	782.960021972656
1064.5284602443	783.719970703125
1067.17211126962	783.200012207031
1069.8149208508	783.880004882813
1072.45688936415	783.440002441406
1075.09801718577	783.47998046875
1077.7383046915	783.239990234375
1080.377752257	782.760009765625
1083.01636025767	783.880004882813
1085.65412906872	783.239990234375
1088.2910590651	783.559997558594
1090.92715062157	783.640014648438
1093.56240411266	784.239990234375
1096.19681991265	784
1098.83039839564	784.159973144531
1101.46313993547	783.200012207031
1104.09504490579	783.880004882813
1106.72611368	783.280029296875
1109.35634663129	783.599975585938
1111.98574413263	783.159973144531
1114.61430655677	783.200012207031
1117.24203427624	782.919982910156
1119.86892766333	783
1122.49498709014	782.919982910156
1125.12021292851	783.119995117188
1127.74460555011	784
1130.36816532634	783.039978027344
1132.99089262841	783.840026855469
1135.6127878273	782.799987792969
1138.23385129376	782.880004882813
1140.85408339834	782.599975585938
1143.47348451137	782.400024414063
1146.09205500294	782.320007324219
1148.70979524293	782.440002441406
1151.326705601	782.159973144531
1153.9427864466	783
1156.55803814896	782.640014648438
1159.17246107707	782.200012207031
1161.78605559974	783.239990234375
1164.39882208551	783.119995117188
1167.01076090276	782.679992675781
1169.6218724196	782.559997558594
1172.23215700396	783.119995117188
1174.84161502352	783
1177.45024684578	783.039978027344
1180.05805283799	782.840026855469
1182.66503336719	782.440002441406
1185.27118880021	782.960021972656
1187.87651950367	782.719970703125
1190.48102584395	782.359985351563
1193.08470818723	782.880004882813
1195.68756689948	782.919982910156
1198.28960234643	782.760009765625
1200.89081489363	782.919982910156
1203.49120490636	783.799987792969
1206.09077274974	783.080017089844
1208.68951878864	783.640014648438
1211.28744338773	784.159973144531
1213.88454691145	783.52001953125
1216.48082972404	783.400024414063
1219.07629218953	783.599975585938
1221.6709346717	783.159973144531
1224.26475753416	783.960021972656
1226.85776114028	783.679992675781
1229.44994585322	784.119995117188
1232.04131203592	784.159973144531
1234.63186005112	783.760009765625
1237.22159026133	784.320007324219
1239.81050302886	784.719970703125
1242.3985987158	784.880004882813
1244.98587768402	784.679992675781
1247.5723402952	785.119995117188
1250.15798691078	785.159973144531
1252.74281789199	785.280029296875
1255.32683359987	785.239990234375
1257.91003439523	784.400024414063
1260.49242063865	785
1263.07399269055	784.159973144531
1265.65475091108	783.840026855469
1268.23469566021	784.52001953125
1270.81382729769	784.640014648438
1273.39214618306	784.52001953125
1275.96965267566	784.320007324219
1278.54634713458	784.239990234375
1281.12222991875	784.159973144531
1283.69730138685	784.280029296875
1286.27156189737	784.239990234375
1288.84501180858	783.919982910156
1291.41765147853	784.200012207031
1293.98948126509	784.119995117188
1296.56050152589	784.640014648438
1299.13071261837	784.47998046875
1301.70011489973	784.239990234375
1304.268708727	785.239990234375
1306.83649445698	784.840026855469
1309.40347244625	784.760009765625
1311.96964305119	784.359985351563
1314.53500662799	784.919982910156
1317.0995635326	785.320007324219
1319.66331412077	784.719970703125
1322.22625874806	784.919982910156
1324.7883977698	785.119995117188
1327.34973154112	785.080017089844
1329.91026041694	785.359985351563
1332.46998475197	784.840026855469
1335.0289049007	785.239990234375
1337.58702121746	784.719970703125
1340.14433405631	785
1342.70084377115	784.719970703125
1345.25655071563	784.47998046875
1347.81145524323	784.799987792969
1350.36555770721	784.52001953125
1352.91885846062	784.440002441406
1355.47135785631	783.919982910156
1358.02305624691	784.039978027344
1360.57395398486	783.799987792969
1363.12405142237	783.400024414063
1365.67334891148	784.760009765625
1368.22184680399	783.440002441406
1370.76954545151	783.640014648438
1373.31644520545	783.440002441406
1375.86254641699	782.719970703125
1378.40784943713	783.559997558594
1380.95235461666	782.679992675781
1383.49606230615	783.919982910156
1386.03897285598	783.280029296875
1388.58108661632	783.320007324219
1391.12240393713	782.919982910156
1393.66292516818	783.599975585938
1396.20265065903	783.239990234375
1398.74158075901	782.960021972656
1401.2797158173	783.719970703125
1403.81705618282	783.559997558594
1406.35360220431	783.599975585938
1408.88935423032	783.47998046875
1411.42431260919	783.239990234375
1413.95847768903	783.47998046875
1416.49184981777	783.559997558594
1419.02442934314	783.559997558594
1421.55621661266	783.280029296875
1424.08721197364	784.119995117188
1426.61741577321	783.039978027344
1429.14682835828	782.880004882813
1431.67545007555	783.47998046875
1434.20328127153	783.47998046875
1436.73032229253	783.52001953125
1439.25657348466	784.080017089844
1441.78203519381	784.400024414063
1444.3067077657	784.919982910156
1446.83059154581	784.640014648438
1449.35368687944	785.119995117188
1451.8759941117	785.400024414063
1454.39751358748	785.47998046875
1456.91824565148	784.719970703125
1459.43819064818	784.159973144531
1461.95734892189	784.359985351563
1464.4757208167	785.359985351563
1466.99330667649	784.200012207031
1469.51010684497	784.400024414063
1472.02612166564	784.280029296875
1474.54135148177	783.559997558594
1477.05579663646	783.679992675781
1479.56945747262	783.599975585938
1482.08233433293	783.52001953125
1484.59442755989	783.52001953125
1487.10573749579	782.799987792969
1489.61626448275	782.679992675781
1492.12600886264	782.719970703125
1494.63497097718	782.760009765625
1497.14315116786	782.760009765625
1499.65054977599	782.359985351563
1502.15716714267	781.880004882813
1504.66300360881	782.080017089844
1507.16805951512	781.840026855469
1509.67233520211	782.280029296875
1512.1758310101	781.760009765625
1514.67854727919	781.52001953125
1517.18048434931	781.559997558594
1519.68164256018	782.239990234375
1522.18202225132	781.599975585938
1524.68162376207	782
1527.18044743155	781.760009765625
1529.67849359869	781.640014648438
1532.17576260224	781.679992675781
1534.67225478072	781.799987792969
1537.1679704725	782.080017089844
1539.66291001572	781.760009765625
1542.15707374832	782
1544.65046200807	782.280029296875
1547.14307513254	782.039978027344
1549.63491345907	782.200012207031
1552.12597732485	782.320007324219
1554.61626706685	782.159973144531
1557.10578302185	782.760009765625
1559.59452552644	782.400024414063
1562.082494917	782.200012207031
1564.56969152973	782.719970703125
1567.05611570064	782.640014648438
1569.54176776552	782.799987792969
1572.02664806	782.559997558594
1574.51075691949	782.960021972656
1576.99409467921	783.640014648438
1579.4766616742	783.47998046875
1581.95845823929	782.919982910156
1584.43948470912	783.919982910156
1586.91974141815	783.080017089844
1589.39922870064	782.919982910156
1591.87794689064	783.039978027344
1594.35589632202	783.200012207031
1596.83307732848	782.919982910156
1599.30949024348	783.239990234375
1601.78513540033	783.320007324219
1604.26001313211	783.640014648438
1606.73412377175	783.719970703125
1609.20746765196	783.239990234375
1611.68004510526	783.280029296875
1614.15185646398	783.919982910156
1616.62290206026	783.559997558594
1619.09318222605	784
1621.56269729311	784.440002441406
1624.031447593	783.719970703125
1626.4994334571	783.52001953125
1628.9666552166	783.359985351563
1631.43311320248	783.880004882813
1633.89880774554	783.960021972656
1636.3637391764	783.679992675781
1638.82790782548	784.080017089844
1641.29131402301	784.200012207031
1643.75395809903	784.599975585938
1646.21584038339	784.47998046875
1648.67696120575	785.039978027344
1651.13732089558	784.840026855469
1653.59691978216	784.880004882813
1656.05575819459	785.159973144531
1658.51383646175	785
1660.97115491238	785.880004882813
1663.42771387498	785.320007324219
1665.8835136779	785.080017089844
1668.33855464928	785.840026855469
1670.79283711708	785.280029296875
1673.24636140907	784.719970703125
1675.69912785282	784.039978027344
1678.15113677572	784.359985351563
1680.602388505	784.280029296875
1683.05288336764	784
1685.50262169049	783.919982910156
1687.95160380019	783.679992675781
1690.39983002318	783.159973144531
1692.84730068573	782.320007324219
1695.29401611392	782.840026855469
1697.73997663364	782.47998046875
1700.18518257059	782.200012207031
1702.6296342503	782.239990234375
1705.07333199807	782.080017089844
1707.51627613907	781.840026855469
1709.95846699824	781.280029296875
1712.39990490036	781.719970703125
1714.84059017001	781.239990234375
1717.28052313159	781.52001953125
1719.7197041093	781.080017089844
1722.15813342718	781.239990234375
1724.59581140906	781.359985351563
1727.03273837859	781.119995117188
1729.46891465926	781.239990234375
1731.90434057432	781.719970703125
1734.3390164469	780.719970703125
1736.7729425999	780.840026855469
1739.20611935604	780.320007324219
1741.63854703787	781.039978027344
1744.07022596776	780.880004882813
1746.50115646787	780.840026855469
1748.93133886019	780.52001953125
1751.36077346652	780.840026855469
1753.7894606085	780.440002441406
1756.21740060755	780.47998046875
1758.64459378494	780.159973144531
1761.07104046172	780.679992675781
1763.49674095879	781.200012207031
1765.92169559684	780.640014648438
1768.3459046964	780.159973144531
1770.7693685778	780.239990234375
1773.1920875612	780.320007324219
1775.61406196656	780.320007324219
1778.03529211367	780.440002441406
1780.45577832214	779.960021972656
1782.87552091138	780.239990234375
1785.29452020064	780
1787.71277650897	780.760009765625
1790.13029015525	780.359985351563
1792.54706145817	780.679992675781
1794.96309073625	780.320007324219
1797.3783783078	780.640014648438
1799.79292449097	779.960021972656
1802.20672960375	780.960021972656
1804.61979396389	780.440002441406
1807.03211788902	781.080017089844
1809.44370169655	780.440002441406
1811.85454570373	780.719970703125
1814.2646502276	780.320007324219
1816.67401558506	780.919982910156
1819.0826420928	780.679992675781
1821.49053006734	779.960021972656
1823.89767982501	780.400024414063
1826.30409168198	780.359985351563
1828.70976595422	780.47998046875
1831.11470295753	780.440002441406
1833.51890300752	780.239990234375
1835.92236641964	780.559997558594
1838.32509350914	780.679992675781
1840.72708459111	780.640014648438
1843.12833998044	780.440002441406
1845.52885999184	780.640014648438
1847.92864493987	780.320007324219
1850.32769513889	780.559997558594
1852.72601090307	780.52001953125
1855.12359254642	780.559997558594
1857.52044038278	780.679992675781
1859.91655472578	780.400024414063
1862.31193588889	780.359985351563
1864.70658418542	780.47998046875
1867.10049992847	780.440002441406
1869.49368343096	780.440002441406
1871.88613500568	780.440002441406
1874.27785496518	780.280029296875
1876.66884362188	780.239990234375
1879.059101288	780.359985351563
1881.44862827559	780.47998046875
1883.8374248965	780.119995117188
1886.22549146246	780.640014648438
1888.61282828495	779.840026855469
1890.99943567534	780.239990234375
1893.38531394477	780.280029296875
1895.77046340424	780.200012207031
1898.15488436455	780.080017089844
1900.53857713634	780.559997558594
1902.92154203006	780.52001953125
1905.303779356	780.359985351563
1907.68528942426	780.400024414063
1910.06607254477	780.440002441406
1912.44612902729	780.599975585938
1914.82545918139	780.159973144531
1917.20406331648	780.559997558594
1919.58194174178	780.599975585938
1921.95909476634	780.719970703125
1924.33552269905	780.159973144531
1926.71122584861	780.719970703125
1929.08620452353	780.679992675781
1931.46045903219	779.840026855469
1933.83398968275	780.359985351563
1936.20679678322	780.239990234375
1938.57888064142	780.239990234375
1940.95024156502	780.080017089844
1943.3208798615	780.320007324219
1945.69079583816	780.47998046875
1948.05998980213	780.440002441406
1950.42846206038	780.840026855469
1952.79621291969	780.719970703125
1955.16324268668	780.960021972656
1957.52955166778	780.400024414063
1959.89514016927	780.320007324219
1962.26000849723	780.159973144531
1964.62415695759	780.080017089844
1966.98758585609	780.840026855469
1969.3502954983	780.320007324219
1971.71228618964	780.52001953125
1974.07355823532	780.799987792969
1976.43411194042	780.320007324219
1978.79394760981	780.52001953125
1981.1530655482	780.359985351563
1983.51146606014	780.599975585938
1985.86914944999	780.559997558594
1988.22611602196	780.320007324219
1990.58236608007	780.280029296875
1992.93789992817	780.440002441406
1995.29271786995	780.239990234375
1997.64682020892	780.679992675781
2000.00020724843	780.599975585938
2002.35287929162	780.47998046875
2004.70483664152	780.47998046875
2007.05607960095	780.640014648438
2009.40660847256	780.640014648438
2011.75642355884	779.960021972656
2014.1055251621	780.52001953125
2016.4539135845	780.960021972656
2018.80158912802	780.760009765625
2021.14855209444	780.320007324219
2023.49480278542	780.599975585938
2025.84034150242	780.239990234375
2028.18516854673	780.719970703125
2030.52928421948	780.559997558594
2032.87268882163	780.47998046875
2035.21538265398	780.47998046875
2037.55736601713	780.359985351563
2039.89863921153	780.080017089844
2042.23920253747	780.559997558594
2044.57905629506	780.47998046875
2046.91820078425	780.400024414063
2049.2566363048	780.239990234375
2051.59436315633	780.440002441406
2053.93138163827	780.719970703125
2056.2676920499	780.440002441406
2058.6032946903	780.52001953125
2060.93818985843	780.320007324219
2063.27237785303	780.760009765625
2065.60585897272	780.760009765625
2067.93863351592	781.039978027344
2070.27070178089	781.080017089844
2072.60206406574	780.840026855469
2074.93272066838	780.719970703125
2077.26267188658	780.760009765625
2079.59191801793	780.440002441406
2081.92045935985	780.799987792969
2084.24829620962	781.039978027344
2086.57542886431	780.280029296875
2088.90185762087	780.679992675781
2091.22758277604	780.359985351563
2093.55260462643	780.640014648438
2095.87692346845	780.760009765625
2098.20053959837	780.280029296875
2100.52345331229	780.52001953125
2102.84566490614	780.960021972656
2105.16717467567	781
2107.48798291649	780.640014648438
2109.80808992403	780.760009765625
2112.12749599355	780.359985351563
2114.44620142016	780.47998046875
2116.7642064988	780.280029296875
2119.08151152423	780.760009765625
2121.39811679106	780.919982910156
2123.71402259374	780.760009765625
2126.02922922653	780.640014648438
2128.34373698356	780.799987792969
2130.65754615876	780.799987792969
2132.97065704594	781.159973144531
2135.28306993869	780.599975585938
2137.59478513047	780.719970703125
2139.90580291459	780.559997558594
2142.21612358416	780.880004882813
2144.52574743214	780.52001953125
2146.83467475134	780.440002441406
2149.1429058344	781
2151.45044097377	780.919982910156
2153.75728046178	781.440002441406
2156.06342459057	780.880004882813
2158.36887365212	780.359985351563
2160.67362793825	780.840026855469
2162.97768774061	780.47998046875
2165.28105335071	780.840026855469
2167.58372505987	780.760009765625
2169.88570315926	781.039978027344
2172.18698793988	780.52001953125
2174.48757969258	780.840026855469
2176.78747870805	780.840026855469
2179.08668527679	780.719970703125
2181.38519968917	780.359985351563
2183.68302223538	780.599975585938
2185.98015320547	780.840026855469
2188.27659288929	780.840026855469
2190.57234157656	780.47998046875
2192.86739955682	780.52001953125
2195.16176711948	780.359985351563
2197.45544455375	780.880004882813
2199.74843214869	780.760009765625
2202.04073019322	780.52001953125
2204.33233897607	780.760009765625
2206.62325878583	780.47998046875
2208.91348991093	780.320007324219
2211.20303263961	780
2213.49188726	780.679992675781
2215.78005406001	780.559997558594
2218.06753332744	780.559997558594
2220.35432534991	780.400024414063
2222.64043041487	780.960021972656
2224.92584880964	780.760009765625
2227.21058082134	780.359985351563
2229.49462673696	780.599975585938
2231.77798684332	780.840026855469
2234.06066142709	780.359985351563
2236.34265077477	780.320007324219
2238.62395517269	780.320007324219
2240.90457490706	780.719970703125
2243.18451026388	780.400024414063
2245.46376152904	780.840026855469
2247.74232898823	780.47998046875
2250.02021292701	780.359985351563
2252.29741363077	780.52001953125
2254.57393138475	780.52001953125
2256.849766474	780.440002441406
2259.12491918346	780.200012207031
2261.39938979788	780.359985351563
2263.67317860185	780.47998046875
2265.94628587983	781.039978027344
2268.2187119161	780.52001953125
2270.49045699478	780.52001953125
2272.76152139985	780.400024414063
2275.03190541511	780.640014648438
2277.30160932421	780.440002441406
2279.57063341067	781
2281.83897795781	780.239990234375
2284.10664324882	780.159973144531
2286.37362956672	780.119995117188
2288.63993719439	780.400024414063
2290.90556641454	780.359985351563
2293.17051750973	780.840026855469
2295.43479076235	780.880004882813
2297.69838645465	780.559997558594
2299.96130486871	780.200012207031
2302.22354628647	780.47998046875
2304.48511098971	780.559997558594
2306.74599926003	780.679992675781
2309.00621137891	780.320007324219
2311.26574762765	780.359985351563
2313.52460828741	780.320007324219
2315.78279363917	780.280029296875
2318.04030396379	780.320007324219
2320.29713954195	780.440002441406
2322.55330065418	780.280029296875
2324.80878758085	780.719970703125
2327.06360060219	779.719970703125
2329.31773999826	779.919982910156
2331.57120604897	780.159973144531
2333.82399903409	780.52001953125
2336.0761192332	780.400024414063
2338.32756692577	780.359985351563
2340.57834239108	780.280029296875
2342.82844590827	780.039978027344
2345.07787775633	780.47998046875
2347.32663821409	780.280029296875
2349.57472756023	780.239990234375
2351.82214607327	779.919982910156
2354.06889403158	779.799987792969
2356.31497171337	780.599975585938
2358.56037939672	780.280029296875
2360.80511735953	780.719970703125
2363.04918587955	780.440002441406
2365.29258523439	780.200012207031
2367.5353157015	780.119995117188
2369.77737755817	780.039978027344
2372.01877108156	780.559997558594
2374.25949654865	780.719970703125
2376.49955423629	780.400024414063
2378.73894442115	780.400024414063
2380.97766737977	780.239990234375
2383.21572338855	780.559997558594
2385.45311272369	780.640014648438
2387.68983566129	780.359985351563
2389.92589247727	780.159973144531
2392.1612834474	780.080017089844
2394.39600884731	780.719970703125
2396.63006895246	780.400024414063
2398.86346403818	780.239990234375
2401.09619437962	781.080017089844
2403.32826025182	780.52001953125
2405.55966192963	780.440002441406
2407.79039968777	779.840026855469
2410.0204738008	780.52001953125
2412.24988454313	780
2414.47863218902	780.760009765625
2416.70671701258	780.359985351563
2418.93413928778	780.640014648438
2421.16089928842	780.239990234375
2423.38699728817	780.039978027344
2425.61243356052	780.359985351563
2427.83720837884	780.239990234375
2430.06132201633	780.239990234375
2432.28477474606	780.440002441406
2434.50756684093	780.280029296875
2436.72969857371	780.52001953125
2438.95117021699	780.320007324219
2441.17198204325	780.159973144531
2443.39213432478	780.239990234375
2445.61162733376	780.239990234375
2447.83046134218	779.919982910156
2450.04863662192	779.960021972656
2452.26615344468	780.119995117188
2454.48301208203	780.039978027344
2456.69921280539	780.760009765625
2458.91475588602	780.52001953125
2461.12964159504	779.880004882813
2463.34387020342	780.880004882813
2465.55744198198	779.919982910156
2467.77035720139	780.440002441406
2469.98261613217	780.47998046875
2472.1942190447	780
2474.40516620922	780.320007324219
2476.6154578958	780.640014648438
2478.82509437436	780.039978027344
2481.03407591471	779.960021972656
2483.24240278646	780.200012207031
2485.45007525911	780.320007324219
2487.65709360202	779.919982910156
2489.86345808435	780.200012207031
2492.06916897518	780.840026855469
2494.27422654339	780.239990234375
2496.47863105774	780.440002441406
2498.68238278683	780.280029296875
2500.88548199912	780.119995117188
2503.08792896294	780.719970703125
2505.28972394643	780.719970703125
2507.49086721763	780.280029296875
2509.6913590444	780.440002441406
2511.89119969447	780.799987792969
2514.09038943543	780.359985351563
2516.2889285347	780.52001953125
2518.48681725957	780.760009765625
2520.6840558772	780.440002441406
2522.88064465456	780.400024414063
2525.07658385852	780.320007324219
2527.27187375578	780.359985351563
2529.4665146129	780.280029296875
2531.66050669629	780.039978027344
2533.85385027222	780.400024414063
2536.04654560681	780.760009765625
2538.23859296605	780.47998046875
2540.42999261577	780.400024414063
2542.62074482166	780.640014648438
2544.81084984925	780.280029296875
2547.00030796395	780.52001953125
2549.18911943101	780.400024414063
2551.37728451555	780.239990234375
2553.56480348252	780.200012207031
2555.75167659675	780.640014648438
2557.93790412292	780.359985351563
2560.12348632556	780.320007324219
2562.30842346905	780.280029296875
2564.49271581764	780.440002441406
2566.67636363544	780.200012207031
2568.85936718639	780.559997558594
2571.04172673431	780.559997558594
2573.22344254288	780.52001953125
2575.40451487562	780.599975585938
2577.58494399591	779.719970703125
2579.76473016699	780.919982910156
2581.94387365196	780.359985351563
2584.12237471377	780.47998046875
2586.30023361523	780.359985351563
2588.47745061901	780.559997558594
2590.65402598763	780.080017089844
2592.82995998348	780.320007324219
2595.0052528688	780.200012207031
2597.17990490568	779.919982910156
2599.35391635608	780.080017089844
2601.52728748181	780.440002441406
2603.70001854454	780.47998046875
2605.8721098058	780.599975585938
2608.04356152698	780.960021972656
2610.21437396931	780.719970703125
2612.3845473939	780.640014648438
2614.55408206173	780.47998046875
2616.72297823359	780
2618.89123617017	780.440002441406
2621.058856132	780.159973144531
2623.22583837949	780.359985351563
2625.39218317288	780.880004882813
2627.55789077229	780.679992675781
2629.72296143769	780.400024414063
2631.88739542891	780.080017089844
2634.05119300563	780.119995117188
2636.21435442742	780.559997558594
2638.37687995367	780.919982910156
2640.53876984365	780.400024414063
2642.70002435649	780.760009765625
2644.86064375119	780.239990234375
2647.02062828658	780.280029296875
2649.17997822137	780.039978027344
2651.33869381413	780.159973144531
2653.49677532328	780.119995117188
2655.65422300711	780.559997558594
2657.81103712378	780.400024414063
2659.96721793127	780.559997558594
2662.12276568747	780.359985351563
2664.2776806501	780.52001953125
2666.43196307675	780.440002441406
2668.58561322486	780.640014648438
2670.73863135176	780.679992675781
2672.8910177146	780.359985351563
2675.04277257043	780.080017089844
2677.19389617612	780.239990234375
2679.34438878845	780.239990234375
2681.49425066402	780.119995117188
2683.64348205931	780.200012207031
2685.79208323065	780.400024414063
2687.94005443425	780.719970703125
2690.08739592617	781.119995117188
2692.23410796233	780.559997558594
2694.38019079852	780.599975585938
2696.52564469038	780.640014648438
2698.67046989342	780.559997558594
2700.81466666302	780.760009765625
2702.9582352544	780.679992675781
2705.10117592265	780.880004882813
2707.24348892275	780.919982910156
2709.3851745095	781
2711.5262329376	780.880004882813
2713.66666446158	780.760009765625
2715.80646933585	780.799987792969
2717.94564781468	780.880004882813
2720.08420015222	780.47998046875
2722.22212660245	780.52001953125
2724.35942741923	781.039978027344
2726.49610285628	781
2728.63215316721	780.799987792969
2730.76757860544	780.47998046875
2732.9023794243	781.039978027344
2735.03655587697	780.280029296875
2737.17010821648	781.080017089844
2739.30303669573	780.880004882813
2741.4353415675	780.799987792969
2743.56702308442	780.960021972656
2745.69808149898	780.52001953125
2747.82851706355	780.640014648438
2749.95833003034	780.679992675781
2752.08752065145	780.679992675781
2754.21608917883	781.200012207031
2756.3440358643	781.200012207031
2758.47136095954	780.47998046875
2760.59806471609	780.679992675781
2762.72414738537	780.599975585938
2764.84960921865	781.159973144531
2766.97445046708	780.919982910156
2769.09867138166	780.440002441406
2771.22227221326	781.039978027344
2773.34525321263	780.840026855469
2775.46761463035	780.47998046875
2777.58935671691	780.760009765625
2779.71047972262	781.080017089844
2781.83098389771	781.440002441406
2783.95086949221	781.119995117188
2786.07013675607	780.799987792969
2788.18878593908	780.960021972656
2790.3068172909	781.239990234375
2792.42423106106	780.559997558594
2794.54102749895	781.200012207031
2796.65720685384	780.960021972656
2798.77276937486	780.960021972656
2800.88771531098	781.239990234375
2803.00204491107	780.799987792969
2805.11575842387	781.280029296875
2807.22885609796	781.119995117188
2809.34133818179	780.840026855469
2811.4532049237	780.599975585938
2813.56445657189	780.840026855469
2815.6750933744	780.679992675781
2817.78511557916	781.039978027344
2819.89452343398	780.880004882813
2822.00331718652	781.559997558594
2824.11149708429	780.919982910156
2826.2190633747	780.719970703125
2828.32601630502	781.239990234375
2830.43235612237	781.440002441406
2832.53808307375	781.719970703125
2834.64319740603	782.119995117188
2836.74769936595	781.559997558594
2838.85158920011	782.039978027344
2840.95486715497	782.52001953125
2843.05753347689	783.239990234375
2845.15958841206	782.919982910156
2847.26103220657	782.640014648438
2849.36186510636	783.400024414063
2851.46208735724	783.559997558594
2853.56169920488	783.840026855469
2855.66070089485	783.52001953125
2857.75909267257	784.640014648438
2859.85687478332	785
2861.95404747225	784.840026855469
2864.05061098439	784.719970703125
2866.14656556464	785.52001953125
2868.24191145777	786.200012207031
2870.3366489084	785.760009765625
2872.43077816104	786.159973144531
2874.52429946006	786.400024414063
2876.61721304971	787.320007324219
2878.70951917409	787.719970703125
2880.8012180772	787.400024414063
2882.89231000287	787.47998046875
2884.98279519483	788.039978027344
2887.07267389667	787.239990234375
2889.16194635186	787.760009765625
2891.25061280373	787.640014648438
2893.33867349546	786.960021972656
2895.42612867015	787.440002441406
2897.51297857074	787.760009765625
2899.59922344003	788.440002441406
2901.68486352071	788.52001953125
2903.76989905533	788.47998046875
2905.85433028632	789.640014648438
2907.93815745598	789.880004882813
2910.02138080648	789.640014648438
2912.10400057985	789.280029296875
2914.186017018	789.919982910156
2916.26743036271	790.559997558594
2918.34824085563	790.400024414063
2920.4284487383	790.239990234375
2922.5080542521	791.799987792969
2924.58705763829	792.599975585938
2926.66545913802	792
2928.74325899231	793.320007324219
2930.82045744202	792.919982910156
2932.89705472792	793.640014648438
2934.97305109062	794
2937.04844677063	793.200012207031
2939.12324200832	793.760009765625
2941.19743704393	794.200012207031
2943.27103211757	794
2945.34402746923	792.760009765625
2947.41642333876	792.47998046875
2949.48821996592	792.239990234375
2951.55941759028	790.719970703125
2953.63001645135	791.52001953125
2955.70001678845	790.599975585938
2957.76941884083	791.47998046875
2959.83822284757	790.200012207031
2961.90642904764	789.880004882813
2963.97403767988	789.760009765625
2966.04104898302	790
2968.10746319565	789.440002441406
2970.17328055621	789.039978027344
2972.23850130305	788.47998046875
2974.30312567438	788
2976.36715390829	788.919982910156
2978.43058624273	789.119995117188
2980.49342291553	788.960021972656
2982.55566416439	788.200012207031
2984.61731022691	787.440002441406
2986.67836134051	788.200012207031
2988.73881774255	788.080017089844
2990.79867967021	787.679992675781
2992.85794736058	787.679992675781
2994.9166210506	787.559997558594
2996.97470097711	787.640014648438
2999.03218737679	786.440002441406
3001.08908048622	786.559997558594
3003.14538054186	786.52001953125
3005.20108778002	786.599975585938
3007.25620243691	786.159973144531
3009.3107247486	785.280029296875
3011.36465495104	785.599975585938
3013.41799328004	786.159973144531
3015.47073997133	785.919982910156
3017.52289526045	785.559997558594
3019.57445938288	785.599975585938
3021.62543257393	786.52001953125
3023.6758150688	785.840026855469
3025.72560710258	785.559997558594
3027.77480891021	785.559997558594
3029.82342072652	786
3031.87144278622	785.559997558594
3033.91887532389	786.47998046875
3035.96571857399	786.359985351563
3038.01197277084	787.200012207031
3040.05763814867	786.559997558594
3042.10271494154	786.47998046875
3044.14720338344	786.159973144531
3046.19110370818	786.039978027344
3048.2344161495	786.760009765625
3050.27714094097	786.47998046875
3052.31927831608	786.640014648438
3054.36082850816	787.200012207031
3056.40179175044	787.52001953125
3058.44216827602	788.039978027344
3060.48195831786	787.440002441406
3062.52116210884	788.200012207031
3064.55977988167	788.200012207031
3066.59781186897	787.880004882813
3068.63525830322	787.760009765625
3070.67211941678	788.320007324219
3072.7083954419	788.679992675781
3074.7440866107	789.280029296875
3076.77919315516	788.960021972656
3078.81371530716	788.52001953125
3080.84765329846	788.840026855469
3082.88100736068	789.159973144531
3084.91377772534	787.679992675781
3086.94596462381	788.239990234375
3088.97756828737	789.47998046875
3091.00858894714	789.640014648438
3093.03902683417	789.679992675781
3095.06888217933	790.320007324219
3097.09815521342	790.640014648438
3099.12684616709	789.840026855469
3101.15495527087	789.840026855469
3103.18248275518	790.440002441406
3105.20942885031	791.080017089844
3107.23579378642	791.280029296875
3109.26157779358	790.440002441406
3111.28678110171	790.919982910156
3113.31140394062	791.52001953125
3115.33544654	791.400024414063
3117.35890912942	791.400024414063
3119.38179193832	792
3121.40409519602	791.440002441406
3123.42581913174	792.960021972656
3125.44696397457	792.960021972656
3127.46752995345	794.280029296875
3129.48751729725	794.719970703125
3131.50692623469	794.440002441406
3133.52575699436	793.559997558594
3135.54400980476	793.640014648438
3137.56168489425	794.359985351563
3139.57878249108	794.919982910156
3141.59530282337	794.640014648438
3143.61124611913	794.960021972656
3145.62661260624	794.880004882813
3147.64140251247	795.640014648438
3149.65561606547	794.919982910156
3151.66925349277	794.799987792969
3153.68231502177	796.239990234375
3155.69480087977	797.440002441406
3157.70671129394	796.599975585938
3159.71804649132	796.559997558594
3161.72880669886	797.52001953125
3163.73899214336	798.880004882813
3165.74860305152	797.559997558594
3167.75763964991	798.440002441406
3169.766102165	800.080017089844
3171.77399082313	798.159973144531
3173.7813058505	798.47998046875
3175.78804747323	797.919982910156
3177.79421591731	798.159973144531
3179.79981140859	801.039978027344
3181.80483417282	798.919982910156
3183.80928443564	798.919982910156
3185.81316242255	797.559997558594
3187.81646835896	798.799987792969
3189.81920247013	800.039978027344
3191.82136498122	801.559997558594
3193.82295611727	799.960021972656
3195.82397610321	800.799987792969
3197.82442516385	801.440002441406
3199.82430352386	802.599975585938
3201.82361140782	802.679992675781
3203.82234904018	803.159973144531
3205.82051664529	803.47998046875
3207.81811444735	801.799987792969
3209.81514267047	802.159973144531
3211.81160153863	803.280029296875
3213.80749127571	803.47998046875
3215.80281210545	802.200012207031
3217.79756425148	802.320007324219
3219.79174793733	801.880004882813
3221.7853633864	803.119995117188
3223.77841082196	804.200012207031
3225.77089046719	804.840026855469
3227.76280254513	803.280029296875
3229.75414727873	803.559997558594
3231.74492489081	804.919982910156
3233.73513560406	805.47998046875
3235.72477964107	805.679992675781
3237.71385722431	805.239990234375
3239.70236857614	805.400024414063
3241.6903139188	805.359985351563
3243.6776934744	802.960021972656
3245.66450746496	803.719970703125
3247.65075611237	803.640014648438
3249.63643963841	804.239990234375
3251.62155826472	805.599975585938
3253.60611221287	804.200012207031
3255.59010170428	804.52001953125
3257.57352696026	806.760009765625
3259.55638820202	805.719970703125
3261.53868565064	804.159973144531
3263.52041952708	804.840026855469
3265.50159005221	804.880004882813
3267.48219744676	804.200012207031
3269.46224193136	803.880004882813
3271.44172372651	804.760009765625
3273.42064305262	805.52001953125
3275.39900012996	806.080017089844
3277.3767951787	805.599975585938
3279.35402841889	803.719970703125
3281.33070007047	805.239990234375
3283.30681035326	806.119995117188
3285.28235948698	806.080017089844
3287.25734769121	806.280029296875
3289.23177518544	805.679992675781
3291.20564218903	802.960021972656
3293.17894892124	804.359985351563
3295.1516956012	804.440002441406
3297.12388244795	804.640014648438
3299.09550968039	804.159973144531
3301.06657751732	806.239990234375
3303.03708617743	805.840026855469
3305.00703587929	805.760009765625
3306.97642684135	805.799987792969
3308.94525928196	806.679992675781
3310.91353341935	805.440002441406
3312.88124947164	805.760009765625
3314.84840765683	806.47998046875
3316.81500819282	805.159973144531
3318.78105129738	805.640014648438
3320.74653718818	806.080017089844
3322.71146608278	804.919982910156
3324.67583819861	804.640014648438
3326.639653753	804.640014648438
3328.60291296317	804.960021972656
3330.56561604621	807.599975585938
3332.52776321913	805.719970703125
3334.4893546988	804.359985351563
3336.45039070198	805.159973144531
3338.41087144533	803.200012207031
3340.37079714539	803.200012207031
3342.33016801859	804.52001953125
3344.28898428124	804.679992675781
3346.24724614955	805.960021972656
3348.20495383962	803.640014648438
3350.16210756742	804.47998046875
3352.11870754883	803.440002441406
3354.07475399961	802.760009765625
3356.03024713539	804.320007324219
3357.98518717173	805.200012207031
3359.93957432403	804.200012207031
3361.89340880761	805.559997558594
3363.84669083768	804.960021972656
3365.79942062933	803.52001953125
3367.75159839753	803.47998046875
3369.70322435715	804.320007324219
3371.65429872295	805.159973144531
3373.60482170957	804.080017089844
3375.55479353155	803.880004882813
3377.50421440332	806.440002441406
3379.45308453918	805.919982910156
3381.40140415335	806.080017089844
3383.34917345991	803.799987792969
3385.29639267284	804.119995117188
3387.24306200602	804.799987792969
3389.18918167321	805.159973144531
3391.13475188806	805.280029296875
3393.07977286411	806.47998046875
3395.02424481479	806.159973144531
3396.96816795342	805.919982910156
3398.91154249322	806.52001953125
3400.85436864728	806.799987792969
3402.79664662859	805.960021972656
3404.73837665004	806.400024414063
3406.67955892439	806.52001953125
3408.62019366432	807.799987792969
3410.56028108236	807.359985351563
3412.49982139096	807.080017089844
3414.43881480247	806.200012207031
3416.37726152909	807.159973144531
3418.31516178295	806.719970703125
3420.25251577605	805.119995117188
3422.18932372029	805.719970703125
3424.12558582746	806.200012207031
3426.06130230922	807.359985351563
3427.99647337717	805.159973144531
3429.93109924274	804.719970703125
3431.8651801173	805.080017089844
3433.79871621209	804.47998046875
3435.73170773824	804.960021972656
3437.66415490678	805.320007324219
3439.59605792862	806
3441.52741701458	804.719970703125
3443.45823237536	804.960021972656
3445.38850422154	805.679992675781
3447.31823276362	805.200012207031
3449.24741821196	804.840026855469
3451.17606077684	805.359985351563
3453.10416066842	805.280029296875
3455.03171809674	806.280029296875
3456.95873327175	804.880004882813
3458.88520640329	805.119995117188
3460.81113770109	804.919982910156
3462.73652737477	805
3464.66137563383	805
3466.58568268769	803.679992675781
3468.50944874565	801.719970703125
3470.43267401689	802.200012207031
3472.3553587105	802.280029296875
3474.27750303545	802.679992675781
3476.19910720062	802.440002441406
3478.12017141476	802.719970703125
3480.04069588654	802.640014648438
3481.9606808245	802.960021972656
3483.88012643707	803.200012207031
3485.79903293259	803.159973144531
3487.7174005193	802.119995117188
3489.63522940532	800.679992675781
3491.55251979864	800.599975585938
3493.46927190719	800
3495.38548593877	800.320007324219
3497.30116210107	800.080017089844
3499.21630060167	800.159973144531
3501.13090164807	799.840026855469
3503.04496544763	798.280029296875
3504.95849220763	798.239990234375
3506.87148213523	798.159973144531
3508.78393543748	800.359985351563
3510.69585232134	798.47998046875
3512.60723299365	797.359985351563
3514.51807766116	797.280029296875
3516.42838653049	798.280029296875
3518.33815980819	798.47998046875
3520.24739770066	797.320007324219
3522.15610041423	795.359985351563
3524.06426815511	796.320007324219
3525.9719011294	796.760009765625
3527.87899954311	796.840026855469
3529.78556360213	795.919982910156
3531.69159351225	795.640014648438
3533.59708947916	796.039978027344
3535.50205170844	795.440002441406
3537.40648040556	793.919982910156
3539.3103757759	793.47998046875
3541.21373802472	793.760009765625
3543.11656735717	793.039978027344
3545.01886397833	792.919982910156
3546.92062809313	793.239990234375
3548.82185990643	792.039978027344
3550.72255962297	792.440002441406
3552.62272744738	793.719970703125
3554.5223635842	793.52001953125
3556.42146823786	792.799987792969
3558.32004161268	792.47998046875
3560.21808391289	792.080017089844
3562.11559534259	791.47998046875
3564.01257610581	791.760009765625
3565.90902640645	791.919982910156
3567.80494644831	791.919982910156
3569.7003364351	791.359985351563
3571.59519657042	791.320007324219
3573.48952705774	790.679992675781
3575.38332810048	791.799987792969
3577.27659990191	791.440002441406
3579.16934266521	791.119995117188
3581.06155659346	790.080017089844
3582.95324188965	789.080017089844
3584.84439875663	789.280029296875
3586.73502739718	790.280029296875
3588.62512801397	790.640014648438
3590.51470080955	790
3592.40374598639	788.47998046875
3594.29226374685	789.280029296875
3596.18025429317	788.880004882813
3598.06771782751	787.960021972656
3599.95465455192	788.359985351563
3601.84106466834	787.52001953125
3603.72694837861	788.359985351563
3605.61230588447	788.52001953125
3607.49713738756	788.119995117188
3609.38144308942	788
3611.26522319148	787.840026855469
3613.14847789506	788.799987792969
3615.0312074014	788.52001953125
3616.91341191162	787.400024414063
3618.79509162674	787.719970703125
3620.67624674769	786.559997558594
3622.55687747528	787.039978027344
3624.43698401024	787.400024414063
3626.31656655317	787.559997558594
3628.1956253046	788.119995117188
3630.07416046492	786.719970703125
3631.95217223446	785.840026855469
3633.82966081342	785.760009765625
3635.70662640191	785.599975585938
3637.58306919993	785.080017089844
3639.45898940739	786.200012207031
3641.33438722409	785.039978027344
3643.20926284973	785.320007324219
3645.08361648392	785.400024414063
3646.95744832614	784.880004882813
3648.8307585758	785.840026855469
3650.7035474322	784.400024414063
3652.57581509452	784.159973144531
3654.44756176188	784.840026855469
3656.31878763324	784.359985351563
3658.18949290753	785.039978027344
3660.05967778352	784
3661.9293424599	783.239990234375
3663.79848713527	783.200012207031
3665.66711200812	784
3667.53521727684	784.280029296875
3669.40280313972	784.039978027344
3671.26986979494	783.559997558594
3673.13641744059	783.159973144531
3675.00244627468	782.760009765625
