-140.373595351881	778.719970703125
-137.335129063906	779.080017089844
-134.297686810867	779.159973144531
-131.261268103955	778.679992675781
-128.225872454677	779.080017089844
-125.191499374839	778.880004882813
-122.158148376567	779.080017089844
-119.125818972292	779.400024414063
-116.094510674759	779.119995117188
-113.064222997021	779.400024414063
-110.034955452443	779
-107.006707554687	778.880004882813
-103.979478817741	778.799987792969
-100.95326875589	779.080017089844
-97.928076883731	778.919982910156
-94.9039027161698	779.039978027344
-91.8807457684175	779.119995117188
-88.8586055560018	779.039978027344
-85.8374815947384	779.159973144531
-82.8173734007715	779
-79.7982804905411	778.799987792969
-76.7802023807988	779.400024414063
-73.7631385885914	779.039978027344
-70.7470886312892	778.880004882813
-67.732052026553	778.960021972656
-64.7180282923587	779.080017089844
-61.7050169469884	779.119995117188
-58.6930175090183	778.880004882813
-55.6820294973386	778.960021972656
-52.6720524311495	779
-49.66308582994	779.359985351563
-46.6551292135171	779.239990234375
-43.6481821019882	779.440002441406
-40.6422440157577	779
-37.6373144755424	778.919982910156
-34.6333930023594	779.280029296875
-31.630479117526	779.159973144531
-28.6285723426709	778.599975585938
-25.6276721997107	779.080017089844
-22.6277782108771	778.840026855469
-19.628889898701	778.919982910156
-16.6310067860081	778.799987792969
-13.6341283959385	779.280029296875
-10.6382542519231	779.640014648438
-7.64338387769432	783.320007324219
-4.64951679729502	796.52001953125
-1.65665253506141	802.640014648438
1.33520938438089	802.679992675781
4.32606943608095	789.320007324219
7.315928094803	779.719970703125
10.3047858350146	779.359985351563
13.2926431308747	779.039978027344
16.2795004562541	778.960021972656
19.2653582847118	779.119995117188
22.2502170895187	778.880004882813
25.2340773436344	779.159973144531
28.216939519735	779.080017089844
31.1988040901939	779.039978027344
34.1796715270814	778.880004882813
37.1595423021732	778.919982910156
40.1384168869468	779.280029296875
43.1162957525854	779.239990234375
46.0931793699786	779
49.0690682097059	779.159973144531
52.0439627420619	778.960021972656
55.0178634370476	778.440002441406
57.9907707643592	779
60.9626851933962	779.039978027344
63.9336071932735	778.640014648438
66.9035372328018	779
69.8724757804959	778.960021972656
72.8404233045826	778.880004882813
75.8073802729932	779.119995117188
78.7733471533597	779.280029296875
81.738324413019	778.760009765625
84.702312519025	779
87.665311938125	779.080017089844
90.6273231367761	778.919982910156
93.5883465811569	778.52001953125
96.5483827371242	778.760009765625
99.5074320702731	778.640014648438
102.465495045889	778.719970703125
105.422572128961	779.119995117188
108.378663784199	779.080017089844
111.333770476014	778.880004882813
114.287892668528	778.640014648438
117.24103082557	779.200012207031
120.193185410674	779.119995117188
123.144356887097	779
126.094545717786	779.119995117188
129.043752365413	779.640014648438
131.991977292355	779.599975585938
134.939220960695	779.960021972656
137.885483832232	779.719970703125
140.83076636847	779.440002441406
143.775069030632	779.719970703125
146.718392279644	779.599975585938
149.660736576149	780.200012207031
152.602102380488	780.359985351563
155.54249015274	780.880004882813
158.481900352672	781.119995117188
161.420333439765	780.880004882813
164.357789873227	781.640014648438
167.294270111968	781.559997558594
170.229774614617	782.239990234375
173.164303839496	781.840026855469
176.097858244675	781.599975585938
179.030438287908	782.880004882813
181.962044426678	783.159973144531
184.89267711817	783.320007324219
187.822336819302	783.799987792969
190.751023986678	783.960021972656
193.678739076648	784.280029296875
196.605482545255	784.599975585938
199.531254848261	784.239990234375
202.456056441152	784.080017089844
205.379887779119	783.760009765625
208.30274931708	784.359985351563
211.224641509656	784.320007324219
214.145564811189	784.239990234375
217.06551967574	784
219.984506557089	783.880004882813
222.902525908723	784
225.819578183856	783.760009765625
228.735663835415	784.039978027344
231.650783316047	783.799987792969
234.564937078107	784.080017089844
237.478125573679	783.719970703125
240.390349254566	783.400024414063
243.301608572278	784.280029296875
246.211903978051	783.919982910156
249.121235922839	784.559997558594
252.029604857321	784.119995117188
254.93701123188	784.760009765625
257.843455496632	785.679992675781
260.748938101415	784.880004882813
263.653459495766	784.960021972656
266.557020128967	785.200012207031
269.459620450005	785.080017089844
272.361260907595	785.679992675781
275.261941950168	785.599975585938
278.161664025874	785.760009765625
281.060427582592	785.599975585938
283.958233067921	785.880004882813
286.855080929176	785.440002441406
289.750971613398	785.159973144531
292.645905567344	785.47998046875
295.539883237503	785.919982910156
298.432905070079	785.880004882813
301.324971511007	785.280029296875
304.216083005931	785.52001953125
307.10624000023	785.679992675781
309.995442939003	786.47998046875
312.883692267071	787.559997558594
315.770988428979	790.52001953125
318.657331869	792.799987792969
321.542723031127	795.840026855469
324.427162359076	795.799987792969
327.310650296293	792.52001953125
330.193187285945	789.640014648438
333.074773770929	786.679992675781
335.955410193855	786.159973144531
338.835096997075	786.039978027344
341.713834622655	785.039978027344
344.59162351239	785
347.468464107802	785.239990234375
350.344356850137	785.47998046875
353.219302180373	784.47998046875
356.093300539208	784.47998046875
358.966352367073	784.280029296875
361.838458104123	783.919982910156
364.70961819024	784.280029296875
367.579833065031	784.52001953125
370.449103167837	784.239990234375
373.317428937727	783.799987792969
376.184810813496	784.400024414063
379.051249233659	783.840026855469
381.916744636474	784.159973144531
384.78129745992	784.119995117188
387.644908141706	783.960021972656
390.50757711927	784.400024414063
393.36930482978	783.840026855469
396.23009171014	784.239990234375
399.089938196969	784.52001953125
401.948844726631	783.919982910156
404.806811735214	784.119995117188
407.66383965853	784.320007324219
410.519928932138	784.559997558594
413.375079991314	784.760009765625
416.229293271071	784.280029296875
419.082569206155	784.52001953125
421.934908231031	784.239990234375
424.786310779917	784.679992675781
427.636777286748	784.640014648438
430.486308185189	784.52001953125
433.334903908649	784.359985351563
436.182564890262	784.159973144531
439.029291562898	784.080017089844
441.875084359157	784.640014648438
444.719943711374	784.440002441406
447.563870051618	784.359985351563
450.406863811695	784.400024414063
453.248925423132	784.47998046875
456.090055317208	784.640014648438
458.93025392492	784.280029296875
461.76952167701	784.280029296875
464.60785900395	784.080017089844
467.44526633595	784.320007324219
470.281744102955	784.719970703125
473.117292734635	784.239990234375
475.951912660415	783.960021972656
478.785604309439	784.039978027344
481.618368110592	783.919982910156
484.450204492499	784.280029296875
487.281113883518	783.400024414063
490.111096711738	784.239990234375
492.940153404999	784.400024414063
495.768284390864	784
498.595490096635	783.679992675781
501.421770949366	784
504.247127375825	783.719970703125
507.071559802537	784.400024414063
509.89506865575	784.400024414063
512.717654361473	784.200012207031
515.539317345424	784.679992675781
518.360058033083	784.320007324219
521.179876849652	784.280029296875
523.998774220083	783.760009765625
526.816750569068	783.719970703125
529.633806321025	783.799987792969
532.44994190013	784.159973144531
535.265157730284	783.799987792969
538.079454235133	784.119995117188
540.892831838066	784.640014648438
543.705290962208	784.440002441406
546.516832030424	783.52001953125
549.32745546533	783.47998046875
552.137161689268	783.760009765625
554.945951124325	784.039978027344
557.753824192341	784.47998046875
560.560781314883	784.400024414063
563.36682291327	784.200012207031
566.171949408555	783.840026855469
568.976161221537	783.880004882813
571.779458772759	783.799987792969
574.5818424825	784
577.383312770792	783.679992675781
580.183870057402	783.559997558594
582.983514761843	784.280029296875
585.782247303363	783.960021972656
588.580068100976	783.719970703125
591.376977573414	783.919982910156
594.172976139164	783.719970703125
596.968064216463	783.960021972656
599.762242223282	784.200012207031
602.555510577335	784.280029296875
605.347869696099	783.599975585938
608.139319996771	783.719970703125
610.929861896313	783.320007324219
613.719495811421	784.320007324219
616.508222158541	783.280029296875
619.296041353863	783.640014648438
622.082953813324	783.760009765625
624.868959952607	784.039978027344
627.654060187137	783.280029296875
630.438254932094	783.400024414063
633.221544602397	783.919982910156
636.003929612719	783
638.785410377468	783.159973144531
641.565987310814	783.080017089844
644.345660826665	784.320007324219
647.124431338674	783.400024414063
649.902299260252	783.359985351563
652.679265004552	783.47998046875
655.455328984475	784.039978027344
658.230491612671	783.599975585938
661.004753301541	783.559997558594
663.778114463229	783.559997558594
666.550575509631	783.719970703125
669.322136852395	783.960021972656
672.092798902916	783.719970703125
674.862562072336	783.719970703125
677.631426771548	783.840026855469
680.399393411204	783.679992675781
683.166462401689	783.47998046875
685.93263415315	783.840026855469
688.697909075486	783.599975585938
691.462287578337	783.52001953125
694.225770071098	783.719970703125
696.988356962926	784.119995117188
699.750048662705	783.359985351563
702.5108455791	783.039978027344
705.270748120503	783.760009765625
708.029756695068	784
710.787871710705	783.760009765625
713.545093575065	783.440002441406
716.301422695566	783.440002441406
719.056859479364	783.960021972656
721.811404333376	783.679992675781
724.56505766427	784.239990234375
727.317819878473	783.960021972656
730.069691382148	783.719970703125
732.820672581226	783.719970703125
735.570763881396	783.320007324219
738.319965688092	783.239990234375
741.068278406496	783.799987792969
743.815702441559	783.599975585938
746.562238197974	783.280029296875
749.307886080196	783.719970703125
752.052646492436	783.880004882813
754.796519838656	784.280029296875
757.539506522567	784.559997558594
760.28160694765	785
763.022821517128	784.52001953125
765.76315063399	783.599975585938
768.502594700972	783.559997558594
771.241154120572	783.719970703125
773.978829295045	784.080017089844
776.715620626397	784.039978027344
779.451528516396	784.159973144531
782.186553366565	785.239990234375
784.920695578179	784.760009765625
787.653955552283	784.200012207031
790.386333689662	784.599975585938
793.117830390877	783.719970703125
795.848446056227	784.320007324219
798.578181085792	783.400024414063
801.307035879389	784.320007324219
804.035010836599	784.119995117188
806.762106356774	783.47998046875
809.488322839013	783.679992675781
812.213660682169	783.679992675781
814.938120284866	783.599975585938
817.661702045482	783.47998046875
820.384406362153	783.52001953125
823.10623363278	783.760009765625
825.827184255014	783.840026855469
828.547258626283	783.640014648438
831.266457143747	784.039978027344
833.984780204358	783.320007324219
836.702228204804	783.840026855469
839.418801541552	783.52001953125
842.134500610814	783.880004882813
844.849325808575	783.599975585938
847.563277530579	783.719970703125
850.276356172319	783.239990234375
852.988562129066	784.119995117188
855.69989579585	784.200012207031
858.410357567456	784.039978027344
861.119947838428	783.400024414063
863.828667003087	784.159973144531
866.536515455503	783.559997558594
869.243493589517	783.559997558594
871.949601798728	783.960021972656
874.654840476504	783.559997558594
877.359210015961	783.280029296875
880.062710810003	783.799987792969
882.765343251273	783.919982910156
885.467107732191	783.159973144531
888.168004644938	783.760009765625
890.868034381467	783.52001953125
893.567197333476	783.760009765625
896.265493892445	783.960021972656
898.962924449614	783.679992675781
901.659489395985	783.599975585938
904.355189122325	783.719970703125
907.050024019165	783.840026855469
909.743994476809	783.799987792969
912.437100885322	783.840026855469
915.129343634532	783.559997558594
917.820723114032	783.719970703125
920.511239713189	783.440002441406
923.200893821127	784.440002441406
925.889685826744	782.760009765625
928.577616118699	783.799987792969
931.264685085419	784.320007324219
933.950893115098	784.239990234375
936.6362405957	784.200012207031
939.320727914956	783.760009765625
942.004355460359	784.280029296875
944.687123619173	783.640014648438
947.369032778431	783.599975585938
950.050083324934	784.239990234375
952.730275645247	784.119995117188
955.409610125711	783.559997558594
958.088087152423	783.280029296875
960.765707111263	783.640014648438
963.442470387871	783.960021972656
966.118377367657	783.599975585938
968.793428435798	784.559997558594
971.467623977254	784.359985351563
974.140964376739	783.960021972656
976.813450018737	783.719970703125
979.485081287511	783.799987792969
982.155858567087	783.640014648438
984.825782241271	784
987.494852693624	783.880004882813
990.163070307487	783.52001953125
992.830435465978	783.679992675781
995.496948551973	783.640014648438
998.162609948122	783.919982910156
1000.82742003685	784.640014648438
1003.49137920036	785.159973144531
1006.15448782061	785.760009765625
1008.81674627934	784.960021972656
1011.47815495806	784.640014648438
1014.13871423805	783.599975585938
1016.79842450037	783.280029296875
1019.45728612586	783.359985351563
1022.11529949509	783.400024414063
1024.77246498846	783.159973144531
1027.4287829861	784.119995117188
1030.08425386792	784.039978027344
1032.73887801363	784.119995117188
1035.3926558027	783.679992675781
1038.04558761435	783.359985351563
1040.69767382761	784.440002441406
1043.34891482125	783.799987792969
1045.99931097384	783.719970703125
1048.64886266371	783.599975585938
1051.29757026898	783.799987792969
1053.94543416753	783.559997558594
1056.59245473701	784.200012207031
1059.23863235486	783.440002441406
1061.8839673983	783.840026855469
1064.5284602443	783.239990234375
1067.17211126962	784.799987792969
1069.8149208508	783.760009765625
1072.45688936415	784
1075.09801718577	783.719970703125
1077.7383046915	784.52001953125
1080.377752257	784.640014648438
1083.01636025767	783.599975585938
1085.65412906872	783.760009765625
1088.2910590651	784.320007324219
1090.92715062157	784.080017089844
1093.56240411266	784.159973144531
1096.19681991265	783.960021972656
1098.83039839564	783.599975585938
1101.46313993547	783.960021972656
1104.09504490579	784.080017089844
1106.72611368	783.880004882813
1109.35634663129	784.159973144531
1111.98574413263	783.679992675781
1114.61430655677	784.119995117188
1117.24203427624	784.280029296875
1119.86892766333	784.359985351563
1122.49498709014	783.760009765625
1125.12021292851	783.799987792969
1127.74460555011	784.080017089844
1130.36816532634	783.400024414063
1132.99089262841	783.679992675781
1135.6127878273	783.47998046875
1138.23385129376	783.200012207031
1140.85408339834	782.880004882813
1143.47348451137	783.400024414063
1146.09205500294	782.640014648438
1148.70979524293	782.719970703125
1151.326705601	782.47998046875
1153.9427864466	784
1156.55803814896	782.919982910156
1159.17246107707	783.200012207031
1161.78605559974	782.799987792969
1164.39882208551	783.919982910156
1167.01076090276	783.47998046875
1169.6218724196	783.359985351563
1172.23215700396	783.280029296875
1174.84161502352	783.919982910156
1177.45024684578	783.52001953125
1180.05805283799	783.960021972656
1182.66503336719	783.320007324219
1185.27118880021	783.52001953125
1187.87651950367	782.880004882813
1190.48102584395	783.52001953125
1193.08470818723	783.320007324219
1195.68756689948	782.919982910156
1198.28960234643	783.47998046875
1200.89081489363	783.239990234375
1203.49120490636	783.599975585938
1206.09077274974	783.679992675781
1208.68951878864	783.679992675781
1211.28744338773	783.799987792969
1213.88454691145	783.799987792969
1216.48082972404	783.52001953125
1219.07629218953	784.039978027344
1221.6709346717	783.919982910156
1224.26475753416	783.679992675781
1226.85776114028	784.52001953125
1229.44994585322	784.52001953125
1232.04131203592	784.799987792969
1234.63186005112	785.359985351563
1237.22159026133	784.919982910156
1239.81050302886	785.400024414063
1242.3985987158	785
1244.98587768402	785
1247.5723402952	784.960021972656
1250.15798691078	785.640014648438
1252.74281789199	786.039978027344
1255.32683359987	785.239990234375
1257.91003439523	785.400024414063
1260.49242063865	785.320007324219
1263.07399269055	785.119995117188
1265.65475091108	785.559997558594
1268.23469566021	785.47998046875
1270.81382729769	784.440002441406
1273.39214618306	784.559997558594
1275.96965267566	784.52001953125
1278.54634713458	785.440002441406
1281.12222991875	784.640014648438
1283.69730138685	785.080017089844
1286.27156189737	785.159973144531
1288.84501180858	784.239990234375
1291.41765147853	784.039978027344
1293.98948126509	784.840026855469
1296.56050152589	784.840026855469
1299.13071261837	784.679992675781
1301.70011489973	784.880004882813
1304.268708727	785.359985351563
1306.83649445698	784.840026855469
1309.40347244625	784.719970703125
1311.96964305119	785.039978027344
1314.53500662799	785.239990234375
1317.0995635326	785.760009765625
1319.66331412077	785.200012207031
1322.22625874806	785.52001953125
1324.7883977698	785.359985351563
1327.34973154112	785.200012207031
1329.91026041694	784.559997558594
1332.46998475197	785.239990234375
1335.0289049007	785.320007324219
1337.58702121746	785.239990234375
1340.14433405631	785.320007324219
1342.70084377115	785.400024414063
1345.25655071563	785.440002441406
1347.81145524323	784.159973144531
1350.36555770721	784.679992675781
1352.91885846062	784.159973144531
1355.47135785631	783.960021972656
1358.02305624691	784.52001953125
1360.57395398486	783.840026855469
1363.12405142237	783.880004882813
1365.67334891148	784.200012207031
1368.22184680399	783.960021972656
1370.76954545151	784.159973144531
1373.31644520545	783.919982910156
1375.86254641699	783.799987792969
1378.40784943713	783.799987792969
1380.95235461666	783.559997558594
1383.49606230615	783.559997558594
1386.03897285598	783.400024414063
1388.58108661632	783.719970703125
1391.12240393713	783.919982910156
1393.66292516818	783.640014648438
1396.20265065903	783.52001953125
1398.74158075901	782.919982910156
1401.2797158173	783.400024414063
1403.81705618282	783.400024414063
1406.35360220431	784.039978027344
1408.88935423032	783.719970703125
1411.42431260919	783.440002441406
1413.95847768903	783.559997558594
1416.49184981777	782.960021972656
1419.02442934314	783.080017089844
1421.55621661266	782.799987792969
1424.08721197364	783.200012207031
1426.61741577321	783.239990234375
1429.14682835828	782.880004882813
1431.67545007555	783.559997558594
1434.20328127153	783.679992675781
1436.73032229253	784.119995117188
1439.25657348466	784.599975585938
1441.78203519381	784.960021972656
1444.3067077657	785.280029296875
1446.83059154581	786.119995117188
1449.35368687944	785.719970703125
1451.8759941117	785.039978027344
1454.39751358748	785.320007324219
1456.91824565148	785.440002441406
1459.43819064818	785.119995117188
1461.95734892189	784.400024414063
1464.4757208167	785.159973144531
1466.99330667649	785.159973144531
1469.51010684497	784.400024414063
1472.02612166564	784.359985351563
1474.54135148177	783.799987792969
1477.05579663646	783.919982910156
1479.56945747262	784
1482.08233433293	784.159973144531
1484.59442755989	783.880004882813
1487.10573749579	783.080017089844
1489.61626448275	783.440002441406
1492.12600886264	782.679992675781
1494.63497097718	782.960021972656
1497.14315116786	782.760009765625
1499.65054977599	782.52001953125
1502.15716714267	781.919982910156
1504.66300360881	782
1507.16805951512	782.280029296875
1509.67233520211	781.960021972656
1512.1758310101	782.840026855469
1514.67854727919	782
1517.18048434931	782.640014648438
1519.68164256018	782.039978027344
1522.18202225132	781.47998046875
1524.68162376207	781.760009765625
1527.18044743155	782.440002441406
1529.67849359869	782.359985351563
1532.17576260224	782.719970703125
1534.67225478072	781.840026855469
1537.1679704725	782.080017089844
1539.66291001572	782.159973144531
1542.15707374832	782.119995117188
1544.65046200807	782.47998046875
1547.14307513254	782.440002441406
1549.63491345907	782
1552.12597732485	782.080017089844
1554.61626706685	782.919982910156
1557.10578302185	783.47998046875
1559.59452552644	783.119995117188
1562.082494917	783.239990234375
1564.56969152973	782.599975585938
1567.05611570064	782.880004882813
1569.54176776552	782.760009765625
1572.02664806	784.039978027344
1574.51075691949	783.799987792969
1576.99409467921	783.080017089844
1579.4766616742	783.440002441406
1581.95845823929	783.919982910156
1584.43948470912	784.359985351563
1586.91974141815	783.919982910156
1589.39922870064	783.359985351563
1591.87794689064	783.320007324219
1594.35589632202	783.320007324219
1596.83307732848	783.080017089844
1599.30949024348	783.400024414063
1601.78513540033	783.47998046875
1604.26001313211	783.919982910156
1606.73412377175	783.640014648438
1609.20746765196	783.559997558594
1611.68004510526	784.039978027344
1614.15185646398	784.159973144531
1616.62290206026	784.200012207031
1619.09318222605	784.119995117188
1621.56269729311	784
1624.031447593	784.200012207031
1626.4994334571	783.640014648438
1628.9666552166	784.359985351563
1631.43311320248	784.200012207031
1633.89880774554	784.559997558594
1636.3637391764	784.640014648438
1638.82790782548	784.280029296875
1641.29131402301	784.799987792969
1643.75395809903	784.400024414063
1646.21584038339	784.440002441406
1648.67696120575	785.159973144531
1651.13732089558	785.640014648438
1653.59691978216	785.239990234375
1656.05575819459	784.840026855469
1658.51383646175	785.679992675781
1660.97115491238	785.159973144531
1663.42771387498	785.359985351563
1665.8835136779	785.760009765625
1668.33855464928	786.359985351563
1670.79283711708	785.400024414063
1673.24636140907	785.679992675781
1675.69912785282	784.200012207031
1678.15113677572	784.440002441406
1680.602388505	784.960021972656
1683.05288336764	784.599975585938
1685.50262169049	784.039978027344
1687.95160380019	783.559997558594
1690.39983002318	783.679992675781
1692.84730068573	783.400024414063
1695.29401611392	782.719970703125
1697.73997663364	782.960021972656
1700.18518257059	782.880004882813
1702.6296342503	781.760009765625
1705.07333199807	782.320007324219
1707.51627613907	782
1709.95846699824	781.919982910156
1712.39990490036	781.960021972656
1714.84059017001	781.840026855469
1717.28052313159	782
1719.7197041093	782.159973144531
1722.15813342718	781.559997558594
1724.59581140906	781.159973144531
1727.03273837859	781.47998046875
1729.46891465926	781.760009765625
1731.90434057432	781.52001953125
1734.3390164469	781.799987792969
1736.7729425999	782.200012207031
1739.20611935604	780.919982910156
1741.63854703787	781.239990234375
1744.07022596776	781.47998046875
1746.50115646787	781.400024414063
1748.93133886019	780.799987792969
1751.36077346652	781.239990234375
1753.7894606085	781.880004882813
1756.21740060755	781.119995117188
1758.64459378494	781.52001953125
1761.07104046172	781.599975585938
1763.49674095879	780.760009765625
1765.92169559684	781.200012207031
1768.3459046964	780.640014648438
1770.7693685778	780.599975585938
1773.1920875612	780.919982910156
1775.61406196656	780.799987792969
1778.03529211367	780.799987792969
1780.45577832214	780.840026855469
1782.87552091138	781.359985351563
1785.29452020064	780.919982910156
1787.71277650897	781.080017089844
1790.13029015525	780.960021972656
1792.54706145817	780.919982910156
1794.96309073625	780.599975585938
1797.3783783078	781.239990234375
1799.79292449097	780.919982910156
1802.20672960375	780.440002441406
1804.61979396389	781.47998046875
1807.03211788902	781.320007324219
1809.44370169655	780.840026855469
1811.85454570373	780.799987792969
1814.2646502276	780.799987792969
1816.67401558506	780.52001953125
1819.0826420928	780.52001953125
1821.49053006734	780.799987792969
1823.89767982501	780.880004882813
1826.30409168198	781.400024414063
1828.70976595422	780.840026855469
1831.11470295753	780.52001953125
1833.51890300752	780.52001953125
1835.92236641964	780.640014648438
1838.32509350914	780.919982910156
1840.72708459111	780.559997558594
1843.12833998044	780.799987792969
1845.52885999184	780.280029296875
1847.92864493987	780.799987792969
1850.32769513889	780.880004882813
1852.72601090307	780.960021972656
1855.12359254642	780.840026855469
1857.52044038278	780.47998046875
1859.91655472578	780.47998046875
1862.31193588889	780.960021972656
1864.70658418542	780.599975585938
1867.10049992847	781.280029296875
1869.49368343096	780.960021972656
1871.88613500568	780.640014648438
1874.27785496518	780.400024414063
1876.66884362188	780.880004882813
1879.059101288	780.640014648438
1881.44862827559	780.760009765625
1883.8374248965	780.960021972656
1886.22549146246	780.640014648438
1888.61282828495	780.559997558594
1890.99943567534	780.559997558594
1893.38531394477	780.52001953125
1895.77046340424	780.840026855469
1898.15488436455	781.200012207031
1900.53857713634	780.52001953125
1902.92154203006	780.840026855469
1905.303779356	780.47998046875
1907.68528942426	780.47998046875
1910.06607254477	780.559997558594
1912.44612902729	780.440002441406
1914.82545918139	781
1917.20406331648	780.960021972656
1919.58194174178	780.799987792969
1921.95909476634	780.640014648438
1924.33552269905	781.200012207031
1926.71122584861	781
1929.08620452353	780.640014648438
1931.46045903219	780.760009765625
1933.83398968275	780.840026855469
1936.20679678322	780.640014648438
1938.57888064142	780.719970703125
1940.95024156502	780.599975585938
1943.3208798615	780.599975585938
1945.69079583816	780.599975585938
1948.05998980213	780.840026855469
1950.42846206038	780.400024414063
1952.79621291969	781.200012207031
1955.16324268668	780.799987792969
1957.52955166778	781.080017089844
1959.89514016927	781.039978027344
1962.26000849723	780.719970703125
1964.62415695759	780.760009765625
1966.98758585609	780.719970703125
1969.3502954983	781
1971.71228618964	780.559997558594
1974.07355823532	780.559997558594
1976.43411194042	780.640014648438
1978.79394760981	780.719970703125
1981.1530655482	780.559997558594
1983.51146606014	780.52001953125
1985.86914944999	780.880004882813
1988.22611602196	781
1990.58236608007	781.239990234375
1992.93789992817	780.679992675781
1995.29271786995	780.840026855469
1997.64682020892	781.119995117188
2000.00020724843	780.599975585938
2002.35287929162	781.119995117188
2004.70483664152	780.880004882813
2007.05607960095	780.799987792969
2009.40660847256	781.440002441406
2011.75642355884	781.159973144531
2014.1055251621	780.799987792969
2016.4539135845	780.840026855469
2018.80158912802	781.239990234375
2021.14855209444	780.880004882813
2023.49480278542	780.960021972656
2025.84034150242	781.119995117188
2028.18516854673	780.679992675781
2030.52928421948	780.960021972656
2032.87268882163	781.320007324219
2035.21538265398	780.840026855469
2037.55736601713	780.280029296875
2039.89863921153	781.039978027344
2042.23920253747	781.080017089844
2044.57905629506	781.039978027344
2046.91820078425	781.320007324219
2049.2566363048	781.280029296875
2051.59436315633	780.960021972656
2053.93138163827	780.559997558594
2056.2676920499	780.919982910156
2058.6032946903	781.080017089844
2060.93818985843	780.919982910156
2063.27237785303	781.080017089844
2065.60585897272	780.919982910156
2067.93863351592	780.52001953125
2070.27070178089	781.159973144531
2072.60206406574	781.159973144531
2074.93272066838	780.919982910156
2077.26267188658	780.640014648438
2079.59191801793	781.119995117188
2081.92045935985	781.039978027344
2084.24829620962	780.919982910156
2086.57542886431	781.52001953125
2088.90185762087	781.039978027344
2091.22758277604	780.52001953125
2093.55260462643	780.679992675781
2095.87692346845	781.320007324219
2098.20053959837	781.119995117188
2100.52345331229	781.760009765625
2102.84566490614	781.039978027344
2105.16717467567	780.840026855469
2107.48798291649	781.200012207031
2109.80808992403	781
2112.12749599355	780.960021972656
2114.44620142016	781.280029296875
2116.7642064988	781.159973144531
2119.08151152423	781.119995117188
2121.39811679106	781.080017089844
2123.71402259374	780.919982910156
2126.02922922653	781.320007324219
2128.34373698356	780.400024414063
2130.65754615876	781.119995117188
2132.97065704594	780.799987792969
2135.28306993869	781.280029296875
2137.59478513047	781
2139.90580291459	780.599975585938
2142.21612358416	781.559997558594
2144.52574743214	781
2146.83467475134	781.239990234375
2149.1429058344	781.320007324219
2151.45044097377	781
2153.75728046178	780.799987792969
2156.06342459057	781.039978027344
2158.36887365212	780.719970703125
2160.67362793825	781.400024414063
2162.97768774061	780.679992675781
2165.28105335071	781.52001953125
2167.58372505987	781.200012207031
2169.88570315926	780.799987792969
2172.18698793988	781.119995117188
2174.48757969258	780.919982910156
2176.78747870805	780.47998046875
2179.08668527679	781.200012207031
2181.38519968917	780.640014648438
2183.68302223538	780.840026855469
2185.98015320547	780.719970703125
2188.27659288929	781.280029296875
2190.57234157656	780.840026855469
2192.86739955682	780.760009765625
2195.16176711948	780.919982910156
2197.45544455375	780.280029296875
2199.74843214869	780.559997558594
2202.04073019322	781.039978027344
2204.33233897607	780.799987792969
2206.62325878583	781.239990234375
2208.91348991093	780.400024414063
2211.20303263961	780.880004882813
2213.49188726	781.039978027344
2215.78005406001	781.440002441406
2218.06753332744	781.119995117188
2220.35432534991	780.679992675781
2222.64043041487	780.679992675781
2224.92584880964	780.799987792969
2227.21058082134	780.840026855469
2229.49462673696	780.960021972656
2231.77798684332	781
2234.06066142709	781.359985351563
2236.34265077477	780.359985351563
2238.62395517269	781
2240.90457490706	781.119995117188
2243.18451026388	781
2245.46376152904	780.080017089844
2247.74232898823	780.840026855469
2250.02021292701	781.159973144531
2252.29741363077	780.559997558594
2254.57393138475	780.799987792969
2256.849766474	780.799987792969
2259.12491918346	781.200012207031
2261.39938979788	780.919982910156
2263.67317860185	781.080017089844
2265.94628587983	780.799987792969
2268.2187119161	780.400024414063
2270.49045699478	780.559997558594
2272.76152139985	780.52001953125
2275.03190541511	781.200012207031
2277.30160932421	780.559997558594
2279.57063341067	780.719970703125
2281.83897795781	780.960021972656
2284.10664324882	780.200012207031
2286.37362956672	780.799987792969
2288.63993719439	780.559997558594
2290.90556641454	780.919982910156
2293.17051750973	780.119995117188
2295.43479076235	780.679992675781
2297.69838645465	780.960021972656
2299.96130486871	781.080017089844
2302.22354628647	780.47998046875
2304.48511098971	780.799987792969
2306.74599926003	780.760009765625
2309.00621137891	780.599975585938
2311.26574762765	780.47998046875
2313.52460828741	780.440002441406
2315.78279363917	780.679992675781
2318.04030396379	780.599975585938
2320.29713954195	780.919982910156
2322.55330065418	780.799987792969
2324.80878758085	780.640014648438
2327.06360060219	780.559997558594
2329.31773999826	780.679992675781
2331.57120604897	780.760009765625
2333.82399903409	780.599975585938
2336.0761192332	780.280029296875
2338.32756692577	780.359985351563
2340.57834239108	780.919982910156
2342.82844590827	780.119995117188
2345.07787775633	780.47998046875
2347.32663821409	780.559997558594
2349.57472756023	780.679992675781
2351.82214607327	780.239990234375
2354.06889403158	780.719970703125
2356.31497171337	780.440002441406
2358.56037939672	780.960021972656
2360.80511735953	780.440002441406
2363.04918587955	780.359985351563
2365.29258523439	781.200012207031
2367.5353157015	780.440002441406
2369.77737755817	780.799987792969
2372.01877108156	780.960021972656
2374.25949654865	780.440002441406
2376.49955423629	780.440002441406
2378.73894442115	780.599975585938
2380.97766737977	780
2383.21572338855	781.280029296875
2385.45311272369	780.159973144531
2387.68983566129	780.640014648438
2389.92589247727	780.599975585938
2392.1612834474	780.919982910156
2394.39600884731	780.52001953125
2396.63006895246	780.52001953125
2398.86346403818	780.239990234375
2401.09619437962	780.52001953125
2403.32826025182	780.320007324219
2405.55966192963	780.640014648438
2407.79039968777	780.640014648438
2410.0204738008	780.679992675781
2412.24988454313	780.559997558594
2414.47863218902	780.320007324219
2416.70671701258	780.760009765625
2418.93413928778	780.679992675781
2421.16089928842	780.640014648438
2423.38699728817	780.280029296875
2425.61243356052	780.239990234375
2427.83720837884	780.640014648438
2430.06132201633	780.47998046875
2432.28477474606	781
2434.50756684093	780.679992675781
2436.72969857371	780.52001953125
2438.95117021699	780.320007324219
2441.17198204325	780.239990234375
2443.39213432478	780.52001953125
2445.61162733376	780.679992675781
2447.83046134218	780.47998046875
2450.04863662192	780.640014648438
2452.26615344468	780.400024414063
2454.48301208203	780.440002441406
2456.69921280539	781.119995117188
2458.91475588602	780.559997558594
2461.12964159504	780.719970703125
2463.34387020342	780.039978027344
2465.55744198198	781.080017089844
2467.77035720139	780.880004882813
2469.98261613217	780.760009765625
2472.1942190447	779.840026855469
2474.40516620922	780.359985351563
2476.6154578958	780.559997558594
2478.82509437436	780.239990234375
2481.03407591471	780.359985351563
2483.24240278646	780.840026855469
2485.45007525911	780.159973144531
2487.65709360202	780.840026855469
2489.86345808435	780.599975585938
2492.06916897518	780.599975585938
2494.27422654339	780.400024414063
2496.47863105774	780.640014648438
2498.68238278683	780.320007324219
2500.88548199912	780.080017089844
2503.08792896294	781.159973144531
2505.28972394643	780.400024414063
2507.49086721763	780.799987792969
2509.6913590444	780.47998046875
2511.89119969447	780.52001953125
2514.09038943543	780
2516.2889285347	780.400024414063
2518.48681725957	781.039978027344
2520.6840558772	780.47998046875
2522.88064465456	780.599975585938
2525.07658385852	780.559997558594
2527.27187375578	780.159973144531
2529.4665146129	781.039978027344
2531.66050669629	780.239990234375
2533.85385027222	780.400024414063
2536.04654560681	780.400024414063
2538.23859296605	780.47998046875
2540.42999261577	780.799987792969
2542.62074482166	780.960021972656
2544.81084984925	781.119995117188
2547.00030796395	780.799987792969
2549.18911943101	781
2551.37728451555	780.640014648438
2553.56480348252	780.47998046875
2555.75167659675	780.799987792969
2557.93790412292	780.880004882813
2560.12348632556	780.52001953125
2562.30842346905	780.280029296875
2564.49271581764	780.840026855469
2566.67636363544	780.640014648438
2568.85936718639	780.880004882813
2571.04172673431	781.080017089844
2573.22344254288	780.599975585938
2575.40451487562	780.320007324219
2577.58494399591	780.559997558594
2579.76473016699	781.119995117188
2581.94387365196	780.640014648438
2584.12237471377	780.679992675781
2586.30023361523	780.799987792969
2588.47745061901	780.640014648438
2590.65402598763	780.760009765625
2592.82995998348	780.679992675781
2595.0052528688	780.47998046875
2597.17990490568	780.359985351563
2599.35391635608	780.960021972656
2601.52728748181	781.039978027344
2603.70001854454	780.799987792969
2605.8721098058	780.280029296875
2608.04356152698	780.559997558594
2610.21437396931	780.359985351563
2612.3845473939	780.599975585938
2614.55408206173	780.440002441406
2616.72297823359	780.840026855469
2618.89123617017	780.960021972656
2621.058856132	780.599975585938
2623.22583837949	780.080017089844
2625.39218317288	780.880004882813
2627.55789077229	780.719970703125
2629.72296143769	780.320007324219
2631.88739542891	780.52001953125
2634.05119300563	780.679992675781
2636.21435442742	780.840026855469
2638.37687995367	780.679992675781
2640.53876984365	780.400024414063
2642.70002435649	780.919982910156
2644.86064375119	780.239990234375
2647.02062828658	780.679992675781
2649.17997822137	780.359985351563
2651.33869381413	780.679992675781
2653.49677532328	780.640014648438
2655.65422300711	780.760009765625
2657.81103712378	780.280029296875
2659.96721793127	780.960021972656
2662.12276568747	780.719970703125
2664.2776806501	780.679992675781
2666.43196307675	780.47998046875
2668.58561322486	781.320007324219
2670.73863135176	780.799987792969
2672.8910177146	780.599975585938
2675.04277257043	780.760009765625
2677.19389617612	780.880004882813
2679.34438878845	780.840026855469
2681.49425066402	780.679992675781
2683.64348205931	780.599975585938
2685.79208323065	780.919982910156
2687.94005443425	780.640014648438
2690.08739592617	780.919982910156
2692.23410796233	781.039978027344
2694.38019079852	780.400024414063
2696.52564469038	780.640014648438
2698.67046989342	781.320007324219
2700.81466666302	781.320007324219
2702.9582352544	780.799987792969
2705.10117592265	780.679992675781
2707.24348892275	780.719970703125
2709.3851745095	781.280029296875
2711.5262329376	781.599975585938
2713.66666446158	780.719970703125
2715.80646933585	781.640014648438
2717.94564781468	781.239990234375
2720.08420015222	781.280029296875
2722.22212660245	780.47998046875
2724.35942741923	781.080017089844
2726.49610285628	780.159973144531
2728.63215316721	781.239990234375
2730.76757860544	781.159973144531
2732.9023794243	781.039978027344
2735.03655587697	781.239990234375
2737.17010821648	781.200012207031
2739.30303669573	780.760009765625
2741.4353415675	780.919982910156
2743.56702308442	781.400024414063
2745.69808149898	780.760009765625
2747.82851706355	781.039978027344
2749.95833003034	781
2752.08752065145	781.239990234375
2754.21608917883	781.400024414063
2756.3440358643	781.239990234375
2758.47136095954	781.359985351563
2760.59806471609	781.119995117188
2762.72414738537	781.080017089844
2764.84960921865	781.080017089844
2766.97445046708	780.840026855469
2769.09867138166	781.52001953125
2771.22227221326	780.840026855469
2773.34525321263	781.320007324219
2775.46761463035	781.400024414063
2777.58935671691	781.52001953125
2779.71047972262	781
2781.83098389771	781.320007324219
2783.95086949221	780.719970703125
2786.07013675607	781.039978027344
2788.18878593908	780.880004882813
2790.3068172909	781.159973144531
2792.42423106106	781.359985351563
2794.54102749895	780.840026855469
2796.65720685384	781
2798.77276937486	781.400024414063
2800.88771531098	781.440002441406
2803.00204491107	780.559997558594
2805.11575842387	781.280029296875
2807.22885609796	781.320007324219
2809.34133818179	781.200012207031
2811.4532049237	780.919982910156
2813.56445657189	781.080017089844
2815.6750933744	781
2817.78511557916	781.239990234375
2819.89452343398	781.440002441406
2822.00331718652	781.919982910156
2824.11149708429	781.47998046875
2826.2190633747	781.679992675781
2828.32601630502	781.559997558594
2830.43235612237	782.119995117188
2832.53808307375	781.559997558594
2834.64319740603	782.239990234375
2836.74769936595	782.47998046875
2838.85158920011	782.320007324219
2840.95486715497	783.200012207031
2843.05753347689	783.320007324219
2845.15958841206	783.080017089844
2847.26103220657	783.640014648438
2849.36186510636	784.200012207031
2851.46208735724	784.080017089844
2853.56169920488	784.919982910156
2855.66070089485	784.719970703125
2857.75909267257	784.960021972656
2859.85687478332	785.239990234375
2861.95404747225	785.47998046875
2864.05061098439	785.719970703125
2866.14656556464	786.159973144531
2868.24191145777	786.119995117188
2870.3366489084	786.52001953125
2872.43077816104	787.599975585938
2874.52429946006	787.52001953125
2876.61721304971	788.200012207031
2878.70951917409	788.159973144531
2880.8012180772	788.080017089844
2882.89231000287	787.559997558594
2884.98279519483	788.239990234375
2887.07267389667	788.400024414063
2889.16194635186	788.239990234375
2891.25061280373	788.679992675781
2893.33867349546	788.280029296875
2895.42612867015	788.280029296875
2897.51297857074	789.159973144531
2899.59922344003	789.359985351563
2901.68486352071	789.400024414063
2903.76989905533	789.239990234375
2905.85433028632	789.840026855469
2907.93815745598	789.359985351563
2910.02138080648	790.039978027344
2912.10400057985	791.320007324219
2914.186017018	790.52001953125
2916.26743036271	790.719970703125
2918.34824085563	790.679992675781
2920.4284487383	791.200012207031
2922.5080542521	792.559997558594
2924.58705763829	792.280029296875
2926.66545913802	792.359985351563
2928.74325899231	792.559997558594
2930.82045744202	794.640014648438
2932.89705472792	793.719970703125
2934.97305109062	793.599975585938
2937.04844677063	794.440002441406
2939.12324200832	793.919982910156
2941.19743704393	793.359985351563
2943.27103211757	793.960021972656
2945.34402746923	793.840026855469
2947.41642333876	792.919982910156
2949.48821996592	793.039978027344
2951.55941759028	792.52001953125
2953.63001645135	791.400024414063
2955.70001678845	792
2957.76941884083	791.159973144531
2959.83822284757	790.119995117188
2961.90642904764	789.799987792969
2963.97403767988	790.919982910156
2966.04104898302	789.679992675781
2968.10746319565	788.919982910156
2970.17328055621	789.52001953125
2972.23850130305	789.640014648438
2974.30312567438	788.280029296875
2976.36715390829	789.919982910156
2978.43058624273	788.840026855469
2980.49342291553	788.559997558594
2982.55566416439	788.719970703125
2984.61731022691	788.679992675781
2986.67836134051	788.640014648438
2988.73881774255	788.280029296875
2990.79867967021	788.280029296875
2992.85794736058	787.280029296875
2994.9166210506	786.719970703125
2996.97470097711	786.559997558594
2999.03218737679	786.280029296875
3001.08908048622	787.359985351563
3003.14538054186	786.640014648438
3005.20108778002	785.799987792969
3007.25620243691	785.760009765625
3009.3107247486	785.52001953125
3011.36465495104	786.52001953125
3013.41799328004	786.359985351563
3015.47073997133	785.760009765625
3017.52289526045	786.359985351563
3019.57445938288	786.320007324219
3021.62543257393	785.47998046875
3023.6758150688	786.200012207031
3025.72560710258	786.159973144531
3027.77480891021	785.880004882813
3029.82342072652	786.039978027344
3031.87144278622	785.840026855469
3033.91887532389	786.080017089844
3035.96571857399	786.640014648438
3038.01197277084	786.52001953125
3040.05763814867	786.719970703125
3042.10271494154	786.960021972656
3044.14720338344	786.599975585938
3046.19110370818	786.599975585938
3048.2344161495	786.760009765625
3050.27714094097	787.039978027344
3052.31927831608	786.719970703125
3054.36082850816	787.52001953125
3056.40179175044	788.039978027344
3058.44216827602	788
3060.48195831786	787.400024414063
3062.52116210884	788.239990234375
3064.55977988167	788.359985351563
3066.59781186897	787.960021972656
3068.63525830322	788.039978027344
3070.67211941678	788.919982910156
3072.7083954419	789
3074.7440866107	788.200012207031
3076.77919315516	789.039978027344
3078.81371530716	788.880004882813
3080.84765329846	789.400024414063
3082.88100736068	789.440002441406
3084.91377772534	788.640014648438
3086.94596462381	788.280029296875
3088.97756828737	789.719970703125
3091.00858894714	789.359985351563
3093.03902683417	790.080017089844
3095.06888217933	790.440002441406
3097.09815521342	789.840026855469
3099.12684616709	790.159973144531
3101.15495527087	789.640014648438
3103.18248275518	790.320007324219
3105.20942885031	791.559997558594
3107.23579378642	792.400024414063
3109.26157779358	791.679992675781
3111.28678110171	791.320007324219
3113.31140394062	791.159973144531
3115.33544654	791.840026855469
3117.35890912942	792.559997558594
3119.38179193832	791.919982910156
3121.40409519602	791.359985351563
3123.42581913174	792.640014648438
3125.44696397457	793.559997558594
3127.46752995345	793.719970703125
3129.48751729725	792.919982910156
3131.50692623469	792.960021972656
3133.52575699436	793
3135.54400980476	793.679992675781
3137.56168489425	794.039978027344
3139.57878249108	795
3141.59530282337	794.880004882813
3143.61124611913	794.760009765625
3145.62661260624	795.400024414063
3147.64140251247	795.679992675781
3149.65561606547	795.52001953125
3151.66925349277	795.280029296875
3153.68231502177	796.239990234375
3155.69480087977	796.599975585938
3157.70671129394	797.47998046875
3159.71804649132	796.880004882813
3161.72880669886	797.280029296875
3163.73899214336	798.47998046875
3165.74860305152	799.159973144531
3167.75763964991	799.559997558594
3169.766102165	799.159973144531
3171.77399082313	799.080017089844
3173.7813058505	799.320007324219
3175.78804747323	797.799987792969
3177.79421591731	798.679992675781
3179.79981140859	799.719970703125
3181.80483417282	799.400024414063
3183.80928443564	798.119995117188
3185.81316242255	798.760009765625
3187.81646835896	798.960021972656
3189.81920247013	799.719970703125
3191.82136498122	800.400024414063
3193.82295611727	798.880004882813
3195.82397610321	800.960021972656
3197.82442516385	801.679992675781
3199.82430352386	802.159973144531
3201.82361140782	802.440002441406
3203.82234904018	804.159973144531
3205.82051664529	802.52001953125
3207.81811444735	801.159973144531
3209.81514267047	803.159973144531
3211.81160153863	803.719970703125
3213.80749127571	803.080017089844
3215.80281210545	802.280029296875
3217.79756425148	802.320007324219
3219.79174793733	803.119995117188
3221.7853633864	803.239990234375
3223.77841082196	803.440002441406
3225.77089046719	803.359985351563
3227.76280254513	802.719970703125
3229.75414727873	802.559997558594
3231.74492489081	804.080017089844
3233.73513560406	804.559997558594
3235.72477964107	804.679992675781
3237.71385722431	805.47998046875
3239.70236857614	805.440002441406
3241.6903139188	802.599975585938
3243.6776934744	802.880004882813
3245.66450746496	804.039978027344
3247.65075611237	804
3249.63643963841	804.52001953125
3251.62155826472	804.280029296875
3253.60611221287	804.840026855469
3255.59010170428	805
3257.57352696026	806.400024414063
3259.55638820202	805.119995117188
3261.53868565064	805
3263.52041952708	804.559997558594
3265.50159005221	805.440002441406
3267.48219744676	805.799987792969
3269.46224193136	805.359985351563
3271.44172372651	805.400024414063
3273.42064305262	804.400024414063
3275.39900012996	805.47998046875
3277.3767951787	805.119995117188
3279.35402841889	804.880004882813
3281.33070007047	804.599975585938
3283.30681035326	805.640014648438
3285.28235948698	807.200012207031
3287.25734769121	806.119995117188
3289.23177518544	805.039978027344
3291.20564218903	803.400024414063
3293.17894892124	804.159973144531
3295.1516956012	805.359985351563
3297.12388244795	804.280029296875
3299.09550968039	804.880004882813
3301.06657751732	806.119995117188
3303.03708617743	806.719970703125
3305.00703587929	806.559997558594
3306.97642684135	806.239990234375
3308.94525928196	805.919982910156
3310.91353341935	804.719970703125
3312.88124947164	804.359985351563
3314.84840765683	804.760009765625
3316.81500819282	804.960021972656
3318.78105129738	805.679992675781
3320.74653718818	805.200012207031
3322.71146608278	803.840026855469
3324.67583819861	804.200012207031
3326.639653753	804.719970703125
3328.60291296317	805.880004882813
3330.56561604621	807.159973144531
3332.52776321913	804.679992675781
3334.4893546988	804.159973144531
3336.45039070198	804.719970703125
3338.41087144533	804.599975585938
3340.37079714539	803.719970703125
3342.33016801859	804.159973144531
3344.28898428124	804.159973144531
3346.24724614955	804.599975585938
3348.20495383962	805.159973144531
3350.16210756742	804.840026855469
3352.11870754883	803.119995117188
3354.07475399961	803.440002441406
3356.03024713539	803.52001953125
3357.98518717173	804.880004882813
3359.93957432403	803.599975585938
3361.89340880761	805.280029296875
3363.84669083768	804.47998046875
3365.79942062933	803.679992675781
3367.75159839753	802.159973144531
3369.70322435715	803.359985351563
3371.65429872295	805.400024414063
3373.60482170957	804.799987792969
3375.55479353155	803.880004882813
3377.50421440332	805.960021972656
3379.45308453918	805.919982910156
3381.40140415335	804.440002441406
3383.34917345991	803.159973144531
3385.29639267284	804.760009765625
3387.24306200602	804.799987792969
3389.18918167321	805.400024414063
3391.13475188806	804.400024414063
3393.07977286411	805.359985351563
3395.02424481479	805.200012207031
3396.96816795342	805.719970703125
3398.91154249322	806.200012207031
3400.85436864728	806.840026855469
3402.79664662859	806.640014648438
3404.73837665004	806.400024414063
3406.67955892439	807.52001953125
3408.62019366432	807.52001953125
3410.56028108236	807.119995117188
3412.49982139096	805.799987792969
3414.43881480247	805.719970703125
3416.37726152909	805.880004882813
3418.31516178295	806.080017089844
3420.25251577605	805.679992675781
3422.18932372029	805.080017089844
3424.12558582746	806.840026855469
3426.06130230922	806.799987792969
3427.99647337717	805.679992675781
3429.93109924274	804
3431.8651801173	805.159973144531
3433.79871621209	804.080017089844
3435.73170773824	804.960021972656
3437.66415490678	806.159973144531
3439.59605792862	806.119995117188
3441.52741701458	805.039978027344
3443.45823237536	804.840026855469
3445.38850422154	805.119995117188
3447.31823276362	806.239990234375
3449.24741821196	804.960021972656
3451.17606077684	806.880004882813
3453.10416066842	806.080017089844
3455.03171809674	805.119995117188
3456.95873327175	803.47998046875
3458.88520640329	804.200012207031
3460.81113770109	804.359985351563
3462.73652737477	805.559997558594
3464.66137563383	804.400024414063
3466.58568268769	803.159973144531
3468.50944874565	801.880004882813
3470.43267401689	802.559997558594
3472.3553587105	802.919982910156
3474.27750303545	803.239990234375
3476.19910720062	801.640014648438
3478.12017141476	802.559997558594
3480.04069588654	801.599975585938
3481.9606808245	802.599975585938
3483.88012643707	801.47998046875
3485.79903293259	803.200012207031
3487.7174005193	800.960021972656
3489.63522940532	801.159973144531
3491.55251979864	800.159973144531
3493.46927190719	800.640014648438
3495.38548593877	800.039978027344
3497.30116210107	799.400024414063
3499.21630060167	800.039978027344
3501.13090164807	800.440002441406
3503.04496544763	798.799987792969
3504.95849220763	798.760009765625
3506.87148213523	798.559997558594
3508.78393543748	799.159973144531
3510.69585232134	798.640014648438
3512.60723299365	797.799987792969
3514.51807766116	797.880004882813
3516.42838653049	797.640014648438
3518.33815980819	798.080017089844
3520.24739770066	797.599975585938
3522.15610041423	795.799987792969
3524.06426815511	796.159973144531
3525.9719011294	796.52001953125
3527.87899954311	795.320007324219
3529.78556360213	795.47998046875
3531.69159351225	795.200012207031
3533.59708947916	795.239990234375
3535.50205170844	795.960021972656
3537.40648040556	794.559997558594
3539.3103757759	793.960021972656
3541.21373802472	792.760009765625
3543.11656735717	792.919982910156
3545.01886397833	793.239990234375
3546.92062809313	792.52001953125
3548.82185990643	792.640014648438
3550.72255962297	792.799987792969
3552.62272744738	793.239990234375
3554.5223635842	793.440002441406
3556.42146823786	792.359985351563
3558.32004161268	791.039978027344
3560.21808391289	792.119995117188
3562.11559534259	791.280029296875
3564.01257610581	791.320007324219
3565.90902640645	792.039978027344
3567.80494644831	791.039978027344
3569.7003364351	791.760009765625
3571.59519657042	791.080017089844
3573.48952705774	791.640014648438
3575.38332810048	791.679992675781
3577.27659990191	791.719970703125
3579.16934266521	790.960021972656
3581.06155659346	789.840026855469
3582.95324188965	789.559997558594
3584.84439875663	789.880004882813
3586.73502739718	789.080017089844
3588.62512801397	790.080017089844
3590.51470080955	788.960021972656
3592.40374598639	788.359985351563
3594.29226374685	788.400024414063
3596.18025429317	788.960021972656
3598.06771782751	788.919982910156
3599.95465455192	788.400024414063
3601.84106466834	788.919982910156
3603.72694837861	788.52001953125
3605.61230588447	787.840026855469
3607.49713738756	787.760009765625
3609.38144308942	787.840026855469
3611.26522319148	787.840026855469
3613.14847789506	788.039978027344
3615.0312074014	787.239990234375
3616.91341191162	787.919982910156
3618.79509162674	787.039978027344
3620.67624674769	787.320007324219
3622.55687747528	787.159973144531
3624.43698401024	788.039978027344
3626.31656655317	788.760009765625
3628.1956253046	787.280029296875
3630.07416046492	785.679992675781
3631.95217223446	786.47998046875
3633.82966081342	786.320007324219
3635.70662640191	786.239990234375
3637.58306919993	785.840026855469
3639.45898940739	786
3641.33438722409	785.47998046875
3643.20926284973	785.47998046875
3645.08361648392	785.359985351563
3646.95744832614	786.200012207031
3648.8307585758	784.919982910156
3650.7035474322	784.960021972656
3652.57581509452	784.880004882813
3654.44756176188	784.919982910156
3656.31878763324	784.47998046875
3658.18949290753	785.119995117188
3660.05967778352	784.640014648438
3661.9293424599	784.119995117188
3663.79848713527	783.919982910156
3665.66711200812	783.799987792969
3667.53521727684	784.159973144531
3669.40280313972	783.840026855469
3671.26986979494	784.200012207031
3673.13641744059	783.159973144531
3675.00244627468	782.760009765625
