-140.373595351881	779
-137.335129063906	778.640014648438
-134.297686810867	778.359985351563
-131.261268103955	778.799987792969
-128.225872454677	778.880004882813
-125.191499374839	779.159973144531
-122.158148376567	778.640014648438
-119.125818972292	778.840026855469
-116.094510674759	778.52001953125
-113.064222997021	778.359985351563
-110.034955452443	778.719970703125
-107.006707554687	778.960021972656
-103.979478817741	778.840026855469
-100.95326875589	778.960021972656
-97.928076883731	779.039978027344
-94.9039027161698	779.080017089844
-91.8807457684175	779.239990234375
-88.8586055560018	778.640014648438
-85.8374815947384	778.760009765625
-82.8173734007715	778.640014648438
-79.7982804905411	778.52001953125
-76.7802023807988	778.599975585938
-73.7631385885914	778.599975585938
-70.7470886312892	778.679992675781
-67.732052026553	778.640014648438
-64.7180282923587	778.559997558594
-61.7050169469884	778.880004882813
-58.6930175090183	779.080017089844
-55.6820294973386	778.719970703125
-52.6720524311495	778.880004882813
-49.66308582994	779.080017089844
-46.6551292135171	779.640014648438
-43.6481821019882	779
-40.6422440157577	778.599975585938
-37.6373144755424	778.960021972656
-34.6333930023594	778.960021972656
-31.630479117526	779.239990234375
-28.6285723426709	779.200012207031
-25.6276721997107	779.239990234375
-22.6277782108771	779.359985351563
-19.628889898701	780.239990234375
-16.6310067860081	781.559997558594
-13.6341283959385	788.599975585938
-10.6382542519231	833.080017089844
-7.64338387769432	957.280029296875
-4.64951679729502	1028.31994628906
-1.65665253506141	967.359985351563
1.33520938438089	840.400024414063
4.32606943608095	785.080017089844
7.315928094803	779.400024414063
10.3047858350146	779.799987792969
13.2926431308747	778.799987792969
16.2795004562541	778.760009765625
19.2653582847118	779
22.2502170895187	779.239990234375
25.2340773436344	779.080017089844
28.216939519735	779.039978027344
31.1988040901939	778.640014648438
34.1796715270814	778.559997558594
37.1595423021732	778.599975585938
40.1384168869468	778.52001953125
43.1162957525854	778.960021972656
46.0931793699786	778.440002441406
49.0690682097059	778.47998046875
52.0439627420619	778.400024414063
55.0178634370476	778.760009765625
57.9907707643592	778.080017089844
60.9626851933962	778.320007324219
63.9336071932735	778.599975585938
66.9035372328018	778.719970703125
69.8724757804959	778.919982910156
72.8404233045826	778.799987792969
75.8073802729932	778.599975585938
78.7733471533597	778.719970703125
81.738324413019	778.640014648438
84.702312519025	778.640014648438
87.665311938125	778.640014648438
90.6273231367761	778.359985351563
93.5883465811569	778.440002441406
96.5483827371242	778.719970703125
99.5074320702731	778.760009765625
102.465495045889	778.880004882813
105.422572128961	779.119995117188
108.378663784199	778.760009765625
111.333770476014	778.599975585938
114.287892668528	778.719970703125
117.24103082557	779.320007324219
120.193185410674	779.359985351563
123.144356887097	779.599975585938
126.094545717786	779.880004882813
129.043752365413	780.52001953125
131.991977292355	780.679992675781
134.939220960695	781.599975585938
137.885483832232	782.080017089844
140.83076636847	782.400024414063
143.775069030632	783.280029296875
146.718392279644	784.280029296875
149.660736576149	785.159973144531
152.602102380488	785.159973144531
155.54249015274	786.320007324219
158.481900352672	787.880004882813
161.420333439765	789.039978027344
164.357789873227	789.960021972656
167.294270111968	791.679992675781
170.229774614617	791.599975585938
173.164303839496	792.559997558594
176.097858244675	793.47998046875
179.030438287908	794.239990234375
181.962044426678	796.640014648438
184.89267711817	796.880004882813
187.822336819302	797.760009765625
190.751023986678	798.799987792969
193.678739076648	799.719970703125
196.605482545255	799.359985351563
199.531254848261	799.719970703125
202.456056441152	799.760009765625
205.379887779119	799.239990234375
208.30274931708	801.200012207031
211.224641509656	800.679992675781
214.145564811189	799.559997558594
217.06551967574	798.840026855469
219.984506557089	799.52001953125
222.902525908723	799.760009765625
225.819578183856	798.440002441406
228.735663835415	798.960021972656
231.650783316047	799.200012207031
234.564937078107	800.159973144531
237.478125573679	799.440002441406
240.390349254566	800.159973144531
243.301608572278	799.559997558594
246.211903978051	800.039978027344
249.121235922839	800.640014648438
252.029604857321	802.119995117188
254.93701123188	803.400024414063
257.843455496632	803.52001953125
260.748938101415	803.119995117188
263.653459495766	803.719970703125
266.557020128967	804.840026855469
269.459620450005	806.52001953125
272.361260907595	806.239990234375
275.261941950168	806.119995117188
278.161664025874	806.599975585938
281.060427582592	806.880004882813
283.958233067921	806.159973144531
286.855080929176	805.47998046875
289.750971613398	805.159973144531
292.645905567344	805.640014648438
295.539883237503	806.159973144531
298.432905070079	804.760009765625
301.324971511007	807.119995117188
304.216083005931	808.159973144531
307.10624000023	811.640014648438
309.995442939003	819
312.883692267071	832.239990234375
315.770988428979	851.039978027344
318.657331869	863.599975585938
321.542723031127	860.400024414063
324.427162359076	843.52001953125
327.310650296293	826.47998046875
330.193187285945	817.679992675781
333.074773770929	811.080017089844
335.955410193855	806.640014648438
338.835096997075	805
341.713834622655	803.280029296875
344.59162351239	803.320007324219
347.468464107802	803.039978027344
350.344356850137	800.440002441406
353.219302180373	800.280029296875
356.093300539208	800.119995117188
358.966352367073	799.840026855469
361.838458104123	798.960021972656
364.70961819024	800.320007324219
367.579833065031	800.320007324219
370.449103167837	799.52001953125
373.317428937727	799.400024414063
376.184810813496	800.52001953125
379.051249233659	800.52001953125
381.916744636474	799.599975585938
384.78129745992	798.760009765625
387.644908141706	798.52001953125
390.50757711927	799.359985351563
393.36930482978	799.320007324219
396.23009171014	798.119995117188
399.089938196969	799.440002441406
401.948844726631	798.840026855469
404.806811735214	800.200012207031
407.66383965853	799.719970703125
410.519928932138	800.200012207031
413.375079991314	799.47998046875
416.229293271071	798.440002441406
419.082569206155	798.799987792969
421.934908231031	799
424.786310779917	799.440002441406
427.636777286748	798.679992675781
430.486308185189	799.799987792969
433.334903908649	799.719970703125
436.182564890262	798.239990234375
439.029291562898	799.320007324219
441.875084359157	799.159973144531
444.719943711374	799.440002441406
447.563870051618	798.799987792969
450.406863811695	798.719970703125
453.248925423132	798.880004882813
456.090055317208	798.880004882813
458.93025392492	798.679992675781
461.76952167701	798.440002441406
464.60785900395	798.840026855469
467.44526633595	797.840026855469
470.281744102955	798.440002441406
473.117292734635	797.440002441406
475.951912660415	797.760009765625
478.785604309439	798.239990234375
481.618368110592	798.239990234375
484.450204492499	798.359985351563
487.281113883518	798.039978027344
490.111096711738	797.960021972656
492.940153404999	798.719970703125
495.768284390864	798.799987792969
498.595490096635	798.280029296875
501.421770949366	797.840026855469
504.247127375825	797.799987792969
507.071559802537	798.119995117188
509.89506865575	797.359985351563
512.717654361473	798.039978027344
515.539317345424	798.440002441406
518.360058033083	798.840026855469
521.179876849652	798.919982910156
523.998774220083	797.840026855469
526.816750569068	796.919982910156
529.633806321025	797.47998046875
532.44994190013	797.960021972656
535.265157730284	798.640014648438
538.079454235133	797.599975585938
540.892831838066	798.919982910156
543.705290962208	798.159973144531
546.516832030424	797.119995117188
549.32745546533	796.799987792969
552.137161689268	797.280029296875
554.945951124325	796.359985351563
557.753824192341	797.760009765625
560.560781314883	799.119995117188
563.36682291327	796.719970703125
566.171949408555	797.760009765625
568.976161221537	798.200012207031
571.779458772759	797.239990234375
574.5818424825	797.200012207031
577.383312770792	797.559997558594
580.183870057402	797.159973144531
582.983514761843	797.919982910156
585.782247303363	797.320007324219
588.580068100976	796.719970703125
591.376977573414	796.52001953125
594.172976139164	798.039978027344
596.968064216463	797.359985351563
599.762242223282	796.320007324219
602.555510577335	796.119995117188
605.347869696099	796
608.139319996771	796.080017089844
610.929861896313	795.440002441406
613.719495811421	795.799987792969
616.508222158541	797.200012207031
619.296041353863	796.880004882813
622.082953813324	796.239990234375
624.868959952607	796.440002441406
627.654060187137	796.320007324219
630.438254932094	795.679992675781
633.221544602397	795.919982910156
636.003929612719	797.119995117188
638.785410377468	796.679992675781
641.565987310814	796.200012207031
644.345660826665	796.039978027344
647.124431338674	795.840026855469
649.902299260252	796.039978027344
652.679265004552	796.239990234375
655.455328984475	795.799987792969
658.230491612671	796.400024414063
661.004753301541	796.159973144531
663.778114463229	796.559997558594
666.550575509631	796.400024414063
669.322136852395	796.960021972656
672.092798902916	796.52001953125
674.862562072336	796.719970703125
677.631426771548	795.47998046875
680.399393411204	794.880004882813
683.166462401689	796.679992675781
685.93263415315	796.359985351563
688.697909075486	795.799987792969
691.462287578337	795.719970703125
694.225770071098	795.640014648438
696.988356962926	794.320007324219
699.750048662705	795.080017089844
702.5108455791	795.280029296875
705.270748120503	795.880004882813
708.029756695068	795.039978027344
710.787871710705	795.599975585938
713.545093575065	796.760009765625
716.301422695566	796.760009765625
719.056859479364	796.239990234375
721.811404333376	797.400024414063
724.56505766427	797.200012207031
727.317819878473	795.320007324219
730.069691382148	795.799987792969
732.820672581226	795.679992675781
735.570763881396	796.200012207031
738.319965688092	796.640014648438
741.068278406496	796
743.815702441559	795.559997558594
746.562238197974	796.559997558594
749.307886080196	797.080017089844
752.052646492436	797.880004882813
754.796519838656	797
757.539506522567	797.799987792969
760.28160694765	797.320007324219
763.022821517128	797.400024414063
765.76315063399	797.239990234375
768.502594700972	797.640014648438
771.241154120572	796.760009765625
773.978829295045	796.679992675781
776.715620626397	798.239990234375
779.451528516396	799.200012207031
782.186553366565	799.200012207031
784.920695578179	800.159973144531
787.653955552283	798.159973144531
790.386333689662	797.52001953125
793.117830390877	796.640014648438
795.848446056227	796.799987792969
798.578181085792	795.719970703125
801.307035879389	796.119995117188
804.035010836599	797.239990234375
806.762106356774	795.960021972656
809.488322839013	796.599975585938
812.213660682169	796.640014648438
814.938120284866	796.159973144531
817.661702045482	795.200012207031
820.384406362153	796.719970703125
823.10623363278	795.919982910156
825.827184255014	796.359985351563
828.547258626283	796.400024414063
831.266457143747	796.280029296875
833.984780204358	795
836.702228204804	796.159973144531
839.418801541552	796.760009765625
842.134500610814	796.200012207031
844.849325808575	795.52001953125
847.563277530579	796.239990234375
850.276356172319	796.840026855469
852.988562129066	796.840026855469
855.69989579585	796.320007324219
858.410357567456	797.119995117188
861.119947838428	795.880004882813
863.828667003087	795.359985351563
866.536515455503	795.440002441406
869.243493589517	795.080017089844
871.949601798728	795.47998046875
874.654840476504	795.799987792969
877.359210015961	795.960021972656
880.062710810003	795.719970703125
882.765343251273	796.960021972656
885.467107732191	796.200012207031
888.168004644938	795.640014648438
890.868034381467	794.919982910156
893.567197333476	796.599975585938
896.265493892445	796.760009765625
898.962924449614	795.679992675781
901.659489395985	796.080017089844
904.355189122325	797
907.050024019165	797.080017089844
909.743994476809	796.359985351563
912.437100885322	796.400024414063
915.129343634532	795.359985351563
917.820723114032	794.559997558594
920.511239713189	796.799987792969
923.200893821127	797.47998046875
925.889685826744	795.719970703125
928.577616118699	796.880004882813
931.264685085419	796.400024414063
933.950893115098	796.919982910156
936.6362405957	795.880004882813
939.320727914956	795.400024414063
942.004355460359	796.080017089844
944.687123619173	797.640014648438
947.369032778431	796.400024414063
950.050083324934	796.320007324219
952.730275645247	795.52001953125
955.409610125711	797.359985351563
958.088087152423	796.599975585938
960.765707111263	796.799987792969
963.442470387871	796.559997558594
966.118377367657	795.559997558594
968.793428435798	796.320007324219
971.467623977254	796.359985351563
974.140964376739	795.840026855469
976.813450018737	796.919982910156
979.485081287511	796.039978027344
982.155858567087	796.440002441406
984.825782241271	796.039978027344
987.494852693624	796.239990234375
990.163070307487	796.039978027344
992.830435465978	796.400024414063
995.496948551973	797.080017089844
998.162609948122	799.039978027344
1000.82742003685	802.200012207031
1003.49137920036	802.679992675781
1006.15448782061	801.799987792969
1008.81674627934	797.239990234375
1011.47815495806	795.200012207031
1014.13871423805	795.119995117188
1016.79842450037	794.679992675781
1019.45728612586	794.799987792969
1022.11529949509	794.080017089844
1024.77246498846	795.080017089844
1027.4287829861	795.320007324219
1030.08425386792	795.400024414063
1032.73887801363	796.840026855469
1035.3926558027	795.960021972656
1038.04558761435	795.760009765625
1040.69767382761	794.679992675781
1043.34891482125	795.760009765625
1045.99931097384	795.52001953125
1048.64886266371	795.840026855469
1051.29757026898	795.640014648438
1053.94543416753	795.280029296875
1056.59245473701	795.080017089844
1059.23863235486	796.280029296875
1061.8839673983	796.080017089844
1064.5284602443	796.400024414063
1067.17211126962	795.640014648438
1069.8149208508	794.960021972656
1072.45688936415	796.039978027344
1075.09801718577	797.840026855469
1077.7383046915	796.159973144531
1080.377752257	795.960021972656
1083.01636025767	796.359985351563
1085.65412906872	797.400024414063
1088.2910590651	797.719970703125
1090.92715062157	797.599975585938
1093.56240411266	796.799987792969
1096.19681991265	797.719970703125
1098.83039839564	797
1101.46313993547	796.719970703125
1104.09504490579	796.599975585938
1106.72611368	796.119995117188
1109.35634663129	795.280029296875
1111.98574413263	793.719970703125
1114.61430655677	794.239990234375
1117.24203427624	794
1119.86892766333	794.359985351563
1122.49498709014	795.919982910156
1125.12021292851	796.239990234375
1127.74460555011	796
1130.36816532634	794
1132.99089262841	794.119995117188
1135.6127878273	792.400024414063
1138.23385129376	792.719970703125
1140.85408339834	791.400024414063
1143.47348451137	792.080017089844
1146.09205500294	791.47998046875
1148.70979524293	792.119995117188
1151.326705601	792.119995117188
1153.9427864466	792.760009765625
1156.55803814896	793.719970703125
1159.17246107707	793.52001953125
1161.78605559974	793.47998046875
1164.39882208551	793.440002441406
1167.01076090276	793.719970703125
1169.6218724196	793.440002441406
1172.23215700396	793.960021972656
1174.84161502352	794.840026855469
1177.45024684578	793.119995117188
1180.05805283799	794.200012207031
1182.66503336719	793.559997558594
1185.27118880021	793
1187.87651950367	793.080017089844
1190.48102584395	793.119995117188
1193.08470818723	793.239990234375
1195.68756689948	792.760009765625
1198.28960234643	794.159973144531
1200.89081489363	794.440002441406
1203.49120490636	795.039978027344
1206.09077274974	796.679992675781
1208.68951878864	796.080017089844
1211.28744338773	796.52001953125
1213.88454691145	794.919982910156
1216.48082972404	796.599975585938
1219.07629218953	797.320007324219
1221.6709346717	797.039978027344
1224.26475753416	797.200012207031
1226.85776114028	798.159973144531
1229.44994585322	798.960021972656
1232.04131203592	800
1234.63186005112	800.919982910156
1237.22159026133	801.760009765625
1239.81050302886	801.52001953125
1242.3985987158	801.119995117188
1244.98587768402	802.359985351563
1247.5723402952	802.880004882813
1250.15798691078	802.119995117188
1252.74281789199	801.880004882813
1255.32683359987	802.080017089844
1257.91003439523	803.080017089844
1260.49242063865	801.960021972656
1263.07399269055	800.159973144531
1265.65475091108	801.239990234375
1268.23469566021	800.239990234375
1270.81382729769	800
1273.39214618306	801.239990234375
1275.96965267566	798.880004882813
1278.54634713458	799.640014648438
1281.12222991875	798.719970703125
1283.69730138685	798.440002441406
1286.27156189737	800.080017089844
1288.84501180858	799.919982910156
1291.41765147853	800
1293.98948126509	800.320007324219
1296.56050152589	799.320007324219
1299.13071261837	800.719970703125
1301.70011489973	801.039978027344
1304.268708727	800.640014648438
1306.83649445698	801.919982910156
1309.40347244625	802.239990234375
1311.96964305119	802
1314.53500662799	803.080017089844
1317.0995635326	803.52001953125
1319.66331412077	802.159973144531
1322.22625874806	802.320007324219
1324.7883977698	801.119995117188
1327.34973154112	800.599975585938
1329.91026041694	801.039978027344
1332.46998475197	801.359985351563
1335.0289049007	801.359985351563
1337.58702121746	801.200012207031
1340.14433405631	801.799987792969
1342.70084377115	800.400024414063
1345.25655071563	799.880004882813
1347.81145524323	799.719970703125
1350.36555770721	797.960021972656
1352.91885846062	797.239990234375
1355.47135785631	796.599975585938
1358.02305624691	796.400024414063
1360.57395398486	795.919982910156
1363.12405142237	795.679992675781
1365.67334891148	795.919982910156
1368.22184680399	795.760009765625
1370.76954545151	795.039978027344
1373.31644520545	794.919982910156
1375.86254641699	793.960021972656
1378.40784943713	793.599975585938
1380.95235461666	793.52001953125
1383.49606230615	794.400024414063
1386.03897285598	794.52001953125
1388.58108661632	795.880004882813
1391.12240393713	794.679992675781
1393.66292516818	794.200012207031
1396.20265065903	794.640014648438
1398.74158075901	794.47998046875
1401.2797158173	794.52001953125
1403.81705618282	795.679992675781
1406.35360220431	794.679992675781
1408.88935423032	794.960021972656
1411.42431260919	793.760009765625
1413.95847768903	794.599975585938
1416.49184981777	794.679992675781
1419.02442934314	794.799987792969
1421.55621661266	794.679992675781
1424.08721197364	795.52001953125
1426.61741577321	794.52001953125
1429.14682835828	795.280029296875
1431.67545007555	795.679992675781
1434.20328127153	797.039978027344
1436.73032229253	797.799987792969
1439.25657348466	800.359985351563
1441.78203519381	800.440002441406
1444.3067077657	802.039978027344
1446.83059154581	802.960021972656
1449.35368687944	803.320007324219
1451.8759941117	801.719970703125
1454.39751358748	802.239990234375
1456.91824565148	801.239990234375
1459.43819064818	800.919982910156
1461.95734892189	800.679992675781
1464.4757208167	798.200012207031
1466.99330667649	798.599975585938
1469.51010684497	797.880004882813
1472.02612166564	796.679992675781
1474.54135148177	796.239990234375
1477.05579663646	796.880004882813
1479.56945747262	795
1482.08233433293	793.919982910156
1484.59442755989	793.919982910156
1487.10573749579	793.840026855469
1489.61626448275	793.119995117188
1492.12600886264	792.559997558594
1494.63497097718	791
1497.14315116786	790
1499.65054977599	789.320007324219
1502.15716714267	789.400024414063
1504.66300360881	788.159973144531
1507.16805951512	788.960021972656
1509.67233520211	787.919982910156
1512.1758310101	788.559997558594
1514.67854727919	788.679992675781
1517.18048434931	789.080017089844
1519.68164256018	788.559997558594
1522.18202225132	788.080017089844
1524.68162376207	788.840026855469
1527.18044743155	788.159973144531
1529.67849359869	789.239990234375
1532.17576260224	788.760009765625
1534.67225478072	789.320007324219
1537.1679704725	788.559997558594
1539.66291001572	788.760009765625
1542.15707374832	789.359985351563
1544.65046200807	789.760009765625
1547.14307513254	789.239990234375
1549.63491345907	790.080017089844
1552.12597732485	790.400024414063
1554.61626706685	791.239990234375
1557.10578302185	790.52001953125
1559.59452552644	790.960021972656
1562.082494917	791.280029296875
1564.56969152973	792.400024414063
1567.05611570064	792.880004882813
1569.54176776552	793.559997558594
1572.02664806	793.919982910156
1574.51075691949	794.359985351563
1576.99409467921	793.919982910156
1579.4766616742	794.440002441406
1581.95845823929	793.719970703125
1584.43948470912	793.880004882813
1586.91974141815	793.599975585938
1589.39922870064	793.280029296875
1591.87794689064	793.400024414063
1594.35589632202	793.760009765625
1596.83307732848	793.440002441406
1599.30949024348	794.080017089844
1601.78513540033	794.760009765625
1604.26001313211	795.359985351563
1606.73412377175	795.599975585938
1609.20746765196	795.760009765625
1611.68004510526	795.919982910156
1614.15185646398	796.039978027344
1616.62290206026	796.239990234375
1619.09318222605	796.400024414063
1621.56269729311	796
1624.031447593	796.159973144531
1626.4994334571	797.200012207031
1628.9666552166	796.799987792969
1631.43311320248	796.359985351563
1633.89880774554	797.159973144531
1636.3637391764	798.119995117188
1638.82790782548	798.159973144531
1641.29131402301	798.559997558594
1643.75395809903	800.559997558594
1646.21584038339	801.599975585938
1648.67696120575	802.47998046875
1651.13732089558	802.760009765625
1653.59691978216	803
1656.05575819459	803.320007324219
1658.51383646175	803.159973144531
1660.97115491238	803.52001953125
1663.42771387498	803.159973144531
1665.8835136779	802.559997558594
1668.33855464928	801.039978027344
1670.79283711708	800.159973144531
1673.24636140907	800.280029296875
1675.69912785282	798.52001953125
1678.15113677572	798.719970703125
1680.602388505	796.679992675781
1683.05288336764	796
1685.50262169049	796.039978027344
1687.95160380019	794.080017089844
1690.39983002318	793.640014648438
1692.84730068573	791.47998046875
1695.29401611392	792.239990234375
1697.73997663364	791
1700.18518257059	789.559997558594
1702.6296342503	788.239990234375
1705.07333199807	788.200012207031
1707.51627613907	787.679992675781
1709.95846699824	787.159973144531
1712.39990490036	786.919982910156
1714.84059017001	785.880004882813
1717.28052313159	786.760009765625
1719.7197041093	786.599975585938
1722.15813342718	785.840026855469
1724.59581140906	785.919982910156
1727.03273837859	785.280029296875
1729.46891465926	785.47998046875
1731.90434057432	784.640014648438
1734.3390164469	784.760009765625
1736.7729425999	784.679992675781
1739.20611935604	784.359985351563
1741.63854703787	784.440002441406
1744.07022596776	784.719970703125
1746.50115646787	784.039978027344
1748.93133886019	784.239990234375
1751.36077346652	783.919982910156
1753.7894606085	783.47998046875
1756.21740060755	783.359985351563
1758.64459378494	784.039978027344
1761.07104046172	784.359985351563
1763.49674095879	783.799987792969
1765.92169559684	783.919982910156
1768.3459046964	784.239990234375
1770.7693685778	783
1773.1920875612	782.919982910156
1775.61406196656	782.840026855469
1778.03529211367	783.400024414063
1780.45577832214	783.119995117188
1782.87552091138	783.280029296875
1785.29452020064	783
1787.71277650897	783.200012207031
1790.13029015525	783.52001953125
1792.54706145817	783.200012207031
1794.96309073625	783.679992675781
1797.3783783078	782.400024414063
1799.79292449097	783.200012207031
1802.20672960375	782.559997558594
1804.61979396389	782.960021972656
1807.03211788902	782.359985351563
1809.44370169655	782.599975585938
1811.85454570373	782.960021972656
1814.2646502276	782.719970703125
1816.67401558506	782.359985351563
1819.0826420928	782.880004882813
1821.49053006734	782.880004882813
1823.89767982501	782.599975585938
1826.30409168198	782.559997558594
1828.70976595422	782.119995117188
1831.11470295753	783.280029296875
1833.51890300752	782.679992675781
1835.92236641964	783.320007324219
1838.32509350914	783.119995117188
1840.72708459111	783.200012207031
1843.12833998044	782.47998046875
1845.52885999184	782.719970703125
1847.92864493987	782.880004882813
1850.32769513889	782.919982910156
1852.72601090307	782.200012207031
1855.12359254642	782.400024414063
1857.52044038278	782.400024414063
1859.91655472578	782.719970703125
1862.31193588889	782.280029296875
1864.70658418542	782.280029296875
1867.10049992847	782.840026855469
1869.49368343096	782.559997558594
1871.88613500568	782.52001953125
1874.27785496518	781.880004882813
1876.66884362188	782.799987792969
1879.059101288	782.239990234375
1881.44862827559	782.239990234375
1883.8374248965	782.880004882813
1886.22549146246	783
1888.61282828495	782.47998046875
1890.99943567534	782.719970703125
1893.38531394477	782.599975585938
1895.77046340424	782.840026855469
1898.15488436455	782.400024414063
1900.53857713634	782.719970703125
1902.92154203006	782.559997558594
1905.303779356	782.599975585938
1907.68528942426	782.880004882813
1910.06607254477	782.47998046875
1912.44612902729	782.840026855469
1914.82545918139	782.47998046875
1917.20406331648	782.799987792969
1919.58194174178	782.52001953125
1921.95909476634	782.760009765625
1924.33552269905	782.52001953125
1926.71122584861	783.320007324219
1929.08620452353	782.840026855469
1931.46045903219	782.599975585938
1933.83398968275	782.239990234375
1936.20679678322	782.52001953125
1938.57888064142	782.679992675781
1940.95024156502	782.719970703125
1943.3208798615	783.039978027344
1945.69079583816	782.840026855469
1948.05998980213	782.200012207031
1950.42846206038	782.840026855469
1952.79621291969	782.880004882813
1955.16324268668	782.760009765625
1957.52955166778	783
1959.89514016927	783
1962.26000849723	783.080017089844
1964.62415695759	782.840026855469
1966.98758585609	783.280029296875
1969.3502954983	782.840026855469
1971.71228618964	782.880004882813
1974.07355823532	782.760009765625
1976.43411194042	782.760009765625
1978.79394760981	782.719970703125
1981.1530655482	783.400024414063
1983.51146606014	782.960021972656
1985.86914944999	783.679992675781
1988.22611602196	783.280029296875
1990.58236608007	782.239990234375
1992.93789992817	783.119995117188
1995.29271786995	783.47998046875
1997.64682020892	782.799987792969
2000.00020724843	782.679992675781
2002.35287929162	782.960021972656
2004.70483664152	783.400024414063
2007.05607960095	783.359985351563
2009.40660847256	783.320007324219
2011.75642355884	782.840026855469
2014.1055251621	782.840026855469
2016.4539135845	782.880004882813
2018.80158912802	782.799987792969
2021.14855209444	783.559997558594
2023.49480278542	783.440002441406
2025.84034150242	783.159973144531
2028.18516854673	783.200012207031
2030.52928421948	783.599975585938
2032.87268882163	783.080017089844
2035.21538265398	784.039978027344
2037.55736601713	783.559997558594
2039.89863921153	783.039978027344
2042.23920253747	783.239990234375
2044.57905629506	783.719970703125
2046.91820078425	784
2049.2566363048	783.080017089844
2051.59436315633	783.52001953125
2053.93138163827	783.47998046875
2056.2676920499	783.52001953125
2058.6032946903	783.440002441406
2060.93818985843	783.159973144531
2063.27237785303	783.52001953125
2065.60585897272	783.880004882813
2067.93863351592	783.719970703125
2070.27070178089	783.640014648438
2072.60206406574	783.640014648438
2074.93272066838	783.440002441406
2077.26267188658	784.119995117188
2079.59191801793	784.039978027344
2081.92045935985	783.799987792969
2084.24829620962	783.840026855469
2086.57542886431	784.320007324219
2088.90185762087	783.52001953125
2091.22758277604	783.599975585938
2093.55260462643	783.840026855469
2095.87692346845	783.440002441406
2098.20053959837	783.640014648438
2100.52345331229	784.400024414063
2102.84566490614	783.359985351563
2105.16717467567	783.919982910156
2107.48798291649	784.52001953125
2109.80808992403	784.159973144531
2112.12749599355	783.47998046875
2114.44620142016	783.960021972656
2116.7642064988	783.239990234375
2119.08151152423	784.359985351563
2121.39811679106	783.679992675781
2123.71402259374	784.080017089844
2126.02922922653	783.880004882813
2128.34373698356	783.52001953125
2130.65754615876	784.239990234375
2132.97065704594	783.559997558594
2135.28306993869	784.159973144531
2137.59478513047	783.840026855469
2139.90580291459	783.719970703125
2142.21612358416	783.799987792969
2144.52574743214	784.200012207031
2146.83467475134	783.200012207031
2149.1429058344	783.280029296875
2151.45044097377	784.599975585938
2153.75728046178	783.960021972656
2156.06342459057	783.52001953125
2158.36887365212	783.679992675781
2160.67362793825	783.919982910156
2162.97768774061	783.599975585938
2165.28105335071	783.919982910156
2167.58372505987	784.080017089844
2169.88570315926	784.080017089844
2172.18698793988	783.119995117188
2174.48757969258	783.960021972656
2176.78747870805	784.039978027344
2179.08668527679	783.559997558594
2181.38519968917	783.919982910156
2183.68302223538	783.919982910156
2185.98015320547	783.47998046875
2188.27659288929	784
2190.57234157656	783.840026855469
2192.86739955682	783.440002441406
2195.16176711948	783.159973144531
2197.45544455375	782.919982910156
2199.74843214869	783.320007324219
2202.04073019322	784.119995117188
2204.33233897607	783.599975585938
2206.62325878583	783.080017089844
2208.91348991093	782.960021972656
2211.20303263961	782.880004882813
2213.49188726	783.119995117188
2215.78005406001	783.840026855469
2218.06753332744	783.960021972656
2220.35432534991	782.840026855469
2222.64043041487	783.799987792969
2224.92584880964	783.359985351563
2227.21058082134	783.159973144531
2229.49462673696	783.359985351563
2231.77798684332	783.440002441406
2234.06066142709	783.280029296875
2236.34265077477	783.799987792969
2238.62395517269	783.400024414063
2240.90457490706	782.880004882813
2243.18451026388	782.880004882813
2245.46376152904	782.47998046875
2247.74232898823	783.359985351563
2250.02021292701	782.719970703125
2252.29741363077	783.359985351563
2254.57393138475	783.239990234375
2256.849766474	782.840026855469
2259.12491918346	782.840026855469
2261.39938979788	782.799987792969
2263.67317860185	782.960021972656
2265.94628587983	782.200012207031
2268.2187119161	782.280029296875
2270.49045699478	782.640014648438
2272.76152139985	782.840026855469
2275.03190541511	782.320007324219
2277.30160932421	782.599975585938
2279.57063341067	781.960021972656
2281.83897795781	782.359985351563
2284.10664324882	782.799987792969
2286.37362956672	782.559997558594
2288.63993719439	782.679992675781
2290.90556641454	782.52001953125
2293.17051750973	782.280029296875
2295.43479076235	782.679992675781
2297.69838645465	782.47998046875
2299.96130486871	782.799987792969
2302.22354628647	782.47998046875
2304.48511098971	781.880004882813
2306.74599926003	782.719970703125
2309.00621137891	782.599975585938
2311.26574762765	783.159973144531
2313.52460828741	782.440002441406
2315.78279363917	782.599975585938
2318.04030396379	782.919982910156
2320.29713954195	782.52001953125
2322.55330065418	782.679992675781
2324.80878758085	782.440002441406
2327.06360060219	783.200012207031
2329.31773999826	783.119995117188
2331.57120604897	782
2333.82399903409	783
2336.0761192332	782.679992675781
2338.32756692577	782.599975585938
2340.57834239108	782.679992675781
2342.82844590827	782.200012207031
2345.07787775633	782.400024414063
2347.32663821409	782.880004882813
2349.57472756023	782.080017089844
2351.82214607327	782.200012207031
2354.06889403158	782.359985351563
2356.31497171337	782.280029296875
2358.56037939672	782.440002441406
2360.80511735953	782
2363.04918587955	782.159973144531
2365.29258523439	782.320007324219
2367.5353157015	782.039978027344
2369.77737755817	781.840026855469
2372.01877108156	782.47998046875
2374.25949654865	782.799987792969
2376.49955423629	781.840026855469
2378.73894442115	781.880004882813
2380.97766737977	782.640014648438
2383.21572338855	782.679992675781
2385.45311272369	782.320007324219
2387.68983566129	781.919982910156
2389.92589247727	781.960021972656
2392.1612834474	781.960021972656
2394.39600884731	782.239990234375
2396.63006895246	781.960021972656
2398.86346403818	781.47998046875
2401.09619437962	782.200012207031
2403.32826025182	782.159973144531
2405.55966192963	781.799987792969
2407.79039968777	782.359985351563
2410.0204738008	781.840026855469
2412.24988454313	782.52001953125
2414.47863218902	782.320007324219
2416.70671701258	781.679992675781
2418.93413928778	782.159973144531
2421.16089928842	782.200012207031
2423.38699728817	781.760009765625
2425.61243356052	782.200012207031
2427.83720837884	781.719970703125
2430.06132201633	782.440002441406
2432.28477474606	782.440002441406
2434.50756684093	782.080017089844
2436.72969857371	781.719970703125
2438.95117021699	781.640014648438
2441.17198204325	782.359985351563
2443.39213432478	781.840026855469
2445.61162733376	781.559997558594
2447.83046134218	781.919982910156
2450.04863662192	781.880004882813
2452.26615344468	782.559997558594
2454.48301208203	782.52001953125
2456.69921280539	781.760009765625
2458.91475588602	781.320007324219
2461.12964159504	782.280029296875
2463.34387020342	782.440002441406
2465.55744198198	782.640014648438
2467.77035720139	781.919982910156
2469.98261613217	782.239990234375
2472.1942190447	782.159973144531
2474.40516620922	782.239990234375
2476.6154578958	781.719970703125
2478.82509437436	781.679992675781
2481.03407591471	782
2483.24240278646	782.159973144531
2485.45007525911	781.960021972656
2487.65709360202	781.880004882813
2489.86345808435	782.400024414063
2492.06916897518	782.200012207031
2494.27422654339	782.47998046875
2496.47863105774	781.960021972656
2498.68238278683	781.799987792969
2500.88548199912	782.359985351563
2503.08792896294	781.679992675781
2505.28972394643	782.080017089844
2507.49086721763	781.760009765625
2509.6913590444	782
2511.89119969447	782.159973144531
2514.09038943543	782.359985351563
2516.2889285347	781.559997558594
2518.48681725957	782.440002441406
2520.6840558772	782.52001953125
2522.88064465456	782.159973144531
2525.07658385852	782
2527.27187375578	782.119995117188
2529.4665146129	781.960021972656
2531.66050669629	781.919982910156
2533.85385027222	781.679992675781
2536.04654560681	782.200012207031
2538.23859296605	782.47998046875
2540.42999261577	782.080017089844
2542.62074482166	781.599975585938
2544.81084984925	781.799987792969
2547.00030796395	782.400024414063
2549.18911943101	782
2551.37728451555	782.200012207031
2553.56480348252	782.200012207031
2555.75167659675	782.039978027344
2557.93790412292	782.159973144531
2560.12348632556	782.039978027344
2562.30842346905	781.719970703125
2564.49271581764	782.080017089844
2566.67636363544	782.239990234375
2568.85936718639	782.239990234375
2571.04172673431	781.880004882813
2573.22344254288	782.559997558594
2575.40451487562	782.039978027344
2577.58494399591	783.039978027344
2579.76473016699	782.080017089844
2581.94387365196	782.080017089844
2584.12237471377	782.359985351563
2586.30023361523	781.840026855469
2588.47745061901	782.52001953125
2590.65402598763	782.320007324219
2592.82995998348	782.440002441406
2595.0052528688	782.239990234375
2597.17990490568	783.200012207031
2599.35391635608	782.119995117188
2601.52728748181	782.52001953125
2603.70001854454	782.200012207031
2605.8721098058	782.599975585938
2608.04356152698	782.440002441406
2610.21437396931	782.280029296875
2612.3845473939	782.359985351563
2614.55408206173	782.599975585938
2616.72297823359	782.320007324219
2618.89123617017	782.719970703125
2621.058856132	782.320007324219
2623.22583837949	782.440002441406
2625.39218317288	782.799987792969
2627.55789077229	782.320007324219
2629.72296143769	782.440002441406
2631.88739542891	782.799987792969
2634.05119300563	782
2636.21435442742	782.840026855469
2638.37687995367	782.880004882813
2640.53876984365	782.640014648438
2642.70002435649	783.239990234375
2644.86064375119	782.760009765625
2647.02062828658	782.200012207031
2649.17997822137	782.919982910156
2651.33869381413	783.119995117188
2653.49677532328	782.679992675781
2655.65422300711	783.119995117188
2657.81103712378	783.320007324219
2659.96721793127	782.760009765625
2662.12276568747	783.080017089844
2664.2776806501	783.52001953125
2666.43196307675	783.159973144531
2668.58561322486	783.280029296875
2670.73863135176	782.679992675781
2672.8910177146	783.280029296875
2675.04277257043	782.880004882813
2677.19389617612	782.880004882813
2679.34438878845	783.159973144531
2681.49425066402	783.080017089844
2683.64348205931	782.440002441406
2685.79208323065	783.640014648438
2687.94005443425	783.760009765625
2690.08739592617	783.039978027344
2692.23410796233	783.039978027344
2694.38019079852	783.159973144531
2696.52564469038	783.47998046875
2698.67046989342	783.47998046875
2700.81466666302	783.640014648438
2702.9582352544	784.52001953125
2705.10117592265	783.52001953125
2707.24348892275	783.640014648438
2709.3851745095	784.320007324219
2711.5262329376	784.280029296875
2713.66666446158	783.599975585938
2715.80646933585	784.119995117188
2717.94564781468	784.47998046875
2720.08420015222	784.640014648438
2722.22212660245	784.359985351563
2724.35942741923	784.880004882813
2726.49610285628	784.719970703125
2728.63215316721	784.880004882813
2730.76757860544	784.239990234375
2732.9023794243	784.640014648438
2735.03655587697	784.919982910156
2737.17010821648	785
2739.30303669573	784.760009765625
2741.4353415675	785.400024414063
2743.56702308442	784.960021972656
2745.69808149898	784.200012207031
2747.82851706355	784.359985351563
2749.95833003034	784.679992675781
2752.08752065145	784.119995117188
2754.21608917883	784.200012207031
2756.3440358643	784.47998046875
2758.47136095954	784.919982910156
2760.59806471609	784.960021972656
2762.72414738537	784.239990234375
2764.84960921865	784.47998046875
2766.97445046708	783.799987792969
2769.09867138166	784.440002441406
2771.22227221326	784.239990234375
2773.34525321263	785.119995117188
2775.46761463035	783.840026855469
2777.58935671691	784.47998046875
2779.71047972262	784.880004882813
2781.83098389771	784.52001953125
2783.95086949221	783.919982910156
2786.07013675607	784.559997558594
2788.18878593908	785
2790.3068172909	785.280029296875
2792.42423106106	784.52001953125
2794.54102749895	784.320007324219
2796.65720685384	785.200012207031
2798.77276937486	784.599975585938
2800.88771531098	784.400024414063
2803.00204491107	784.280029296875
2805.11575842387	785.47998046875
2807.22885609796	784.719970703125
2809.34133818179	784.719970703125
2811.4532049237	784.760009765625
2813.56445657189	785.039978027344
2815.6750933744	785.760009765625
2817.78511557916	785.320007324219
2819.89452343398	786
2822.00331718652	786.239990234375
2824.11149708429	787.400024414063
2826.2190633747	786.919982910156
2828.32601630502	786.880004882813
2830.43235612237	787.239990234375
2832.53808307375	787.840026855469
2834.64319740603	789.320007324219
2836.74769936595	789.799987792969
2838.85158920011	790.880004882813
2840.95486715497	791.400024414063
2843.05753347689	792.239990234375
2845.15958841206	794.559997558594
2847.26103220657	795.719970703125
2849.36186510636	797.599975585938
2851.46208735724	798.359985351563
2853.56169920488	797.840026855469
2855.66070089485	799.52001953125
2857.75909267257	800.400024414063
2859.85687478332	801.880004882813
2861.95404747225	803.840026855469
2864.05061098439	806.640014648438
2866.14656556464	808.760009765625
2868.24191145777	809.52001953125
2870.3366489084	807.52001953125
2872.43077816104	808.840026855469
2874.52429946006	811.239990234375
2876.61721304971	812.559997558594
2878.70951917409	812.280029296875
2880.8012180772	811.919982910156
2882.89231000287	812.440002441406
2884.98279519483	813.679992675781
2887.07267389667	813.52001953125
2889.16194635186	814.159973144531
2891.25061280373	814.52001953125
2893.33867349546	814.719970703125
2895.42612867015	814.47998046875
2897.51297857074	816.440002441406
2899.59922344003	816.760009765625
2901.68486352071	816.440002441406
2903.76989905533	820
2905.85433028632	822.919982910156
2907.93815745598	820.840026855469
2910.02138080648	822
2912.10400057985	822.760009765625
2914.186017018	823.840026855469
2916.26743036271	826.719970703125
2918.34824085563	829.400024414063
2920.4284487383	831.119995117188
2922.5080542521	831.440002441406
2924.58705763829	836.719970703125
2926.66545913802	836.239990234375
2928.74325899231	835.440002441406
2930.82045744202	837.159973144531
2932.89705472792	835.200012207031
2934.97305109062	837.640014648438
2937.04844677063	839.559997558594
2939.12324200832	836
2941.19743704393	835.640014648438
2943.27103211757	833.719970703125
2945.34402746923	832.52001953125
2947.41642333876	828.960021972656
2949.48821996592	827.880004882813
2951.55941759028	825.919982910156
2953.63001645135	824.880004882813
2955.70001678845	825.359985351563
2957.76941884083	824.039978027344
2959.83822284757	823.47998046875
2961.90642904764	821.679992675781
2963.97403767988	821.47998046875
2966.04104898302	820.280029296875
2968.10746319565	819.640014648438
2970.17328055621	817.400024414063
2972.23850130305	816.880004882813
2974.30312567438	816.919982910156
2976.36715390829	816.320007324219
2978.43058624273	818
2980.49342291553	815.840026855469
2982.55566416439	815
2984.61731022691	814.880004882813
2986.67836134051	815.080017089844
2988.73881774255	813.960021972656
2990.79867967021	812.200012207031
2992.85794736058	811.52001953125
2994.9166210506	809.47998046875
2996.97470097711	808.200012207031
2999.03218737679	808.52001953125
3001.08908048622	808.200012207031
3003.14538054186	808.640014648438
3005.20108778002	808.359985351563
3007.25620243691	807
3009.3107247486	805.679992675781
3011.36465495104	806.239990234375
3013.41799328004	805.200012207031
3015.47073997133	805.400024414063
3017.52289526045	805.200012207031
3019.57445938288	804.640014648438
3021.62543257393	806.119995117188
3023.6758150688	804.880004882813
3025.72560710258	805.320007324219
3027.77480891021	804.799987792969
3029.82342072652	804.960021972656
3031.87144278622	806.719970703125
3033.91887532389	806.400024414063
3035.96571857399	806.200012207031
3038.01197277084	806.640014648438
3040.05763814867	807.200012207031
3042.10271494154	806.640014648438
3044.14720338344	809.559997558594
3046.19110370818	811.119995117188
3048.2344161495	808.960021972656
3050.27714094097	811.280029296875
3052.31927831608	811.320007324219
3054.36082850816	813.960021972656
3056.40179175044	813.239990234375
3058.44216827602	813.640014648438
3060.48195831786	813.359985351563
3062.52116210884	814.719970703125
3064.55977988167	815.119995117188
3066.59781186897	813.719970703125
3068.63525830322	816.039978027344
3070.67211941678	818.599975585938
3072.7083954419	816.919982910156
3074.7440866107	817.119995117188
3076.77919315516	816.840026855469
3078.81371530716	818.640014648438
3080.84765329846	818.52001953125
3082.88100736068	817.440002441406
3084.91377772534	819.679992675781
3086.94596462381	822.400024414063
3088.97756828737	819.840026855469
3091.00858894714	820
3093.03902683417	822.320007324219
3095.06888217933	822.400024414063
3097.09815521342	822.799987792969
3099.12684616709	825.320007324219
3101.15495527087	826.119995117188
3103.18248275518	826.359985351563
3105.20942885031	826.440002441406
3107.23579378642	829.239990234375
3109.26157779358	828.400024414063
3111.28678110171	831.52001953125
3113.31140394062	831.640014648438
3115.33544654	830.919982910156
3117.35890912942	832.52001953125
3119.38179193832	835.559997558594
3121.40409519602	835.880004882813
3123.42581913174	836.159973144531
3125.44696397457	836.599975585938
3127.46752995345	838.359985351563
3129.48751729725	840.599975585938
3131.50692623469	840.840026855469
3133.52575699436	839.280029296875
3135.54400980476	840.080017089844
3137.56168489425	843
3139.57878249108	844
3141.59530282337	845.400024414063
3143.61124611913	845.359985351563
3145.62661260624	845.47998046875
3147.64140251247	846.880004882813
3149.65561606547	845.47998046875
3151.66925349277	848.679992675781
3153.68231502177	850.679992675781
3155.69480087977	850.960021972656
3157.70671129394	855.640014648438
3159.71804649132	856.440002441406
3161.72880669886	855.039978027344
3163.73899214336	857.919982910156
3165.74860305152	857.880004882813
3167.75763964991	857.840026855469
3169.766102165	859.960021972656
3171.77399082313	864.919982910156
3173.7813058505	858.760009765625
3175.78804747323	862.359985351563
3177.79421591731	861.719970703125
3179.79981140859	862
3181.80483417282	865.52001953125
3183.80928443564	868.719970703125
3185.81316242255	868.799987792969
3187.81646835896	864.239990234375
3189.81920247013	868.599975585938
3191.82136498122	874.52001953125
3193.82295611727	876.280029296875
3195.82397610321	874.47998046875
3197.82442516385	872.640014648438
3199.82430352386	873.440002441406
3201.82361140782	877
3203.82234904018	880.359985351563
3205.82051664529	876.880004882813
3207.81811444735	875.719970703125
3209.81514267047	879.239990234375
3211.81160153863	874.359985351563
3213.80749127571	874.280029296875
3215.80281210545	876.760009765625
3217.79756425148	882.919982910156
3219.79174793733	881
3221.7853633864	877.599975585938
3223.77841082196	881.320007324219
3225.77089046719	882.840026855469
3227.76280254513	885.599975585938
3229.75414727873	882.200012207031
3231.74492489081	884
3233.73513560406	881.52001953125
3235.72477964107	884.239990234375
3237.71385722431	887.200012207031
3239.70236857614	888.599975585938
3241.6903139188	882.719970703125
3243.6776934744	883.359985351563
3245.66450746496	884.679992675781
3247.65075611237	882.159973144531
3249.63643963841	880.320007324219
3251.62155826472	880.080017089844
3253.60611221287	879.960021972656
3255.59010170428	886.679992675781
3257.57352696026	890.840026855469
3259.55638820202	890.119995117188
3261.53868565064	887.200012207031
3263.52041952708	888.840026855469
3265.50159005221	889.640014648438
3267.48219744676	884
3269.46224193136	885.159973144531
3271.44172372651	888.919982910156
3273.42064305262	890.679992675781
3275.39900012996	888.320007324219
3277.3767951787	885.039978027344
3279.35402841889	884.880004882813
3281.33070007047	888.359985351563
3283.30681035326	887.159973144531
3285.28235948698	885.880004882813
3287.25734769121	887.52001953125
3289.23177518544	894
3291.20564218903	891.400024414063
3293.17894892124	889.679992675781
3295.1516956012	890.159973144531
3297.12388244795	888.559997558594
3299.09550968039	882.640014648438
3301.06657751732	883.239990234375
3303.03708617743	885.559997558594
3305.00703587929	892.440002441406
3306.97642684135	893.039978027344
3308.94525928196	888.039978027344
3310.91353341935	885.200012207031
3312.88124947164	886.919982910156
3314.84840765683	880.719970703125
3316.81500819282	880.280029296875
3318.78105129738	883.679992675781
3320.74653718818	882.640014648438
3322.71146608278	881.599975585938
3324.67583819861	884.52001953125
3326.639653753	888.080017089844
3328.60291296317	884.599975585938
3330.56561604621	888.799987792969
3332.52776321913	892.760009765625
3334.4893546988	888.400024414063
3336.45039070198	886.400024414063
3338.41087144533	882.760009765625
3340.37079714539	883.760009765625
3342.33016801859	882.280029296875
3344.28898428124	883.400024414063
3346.24724614955	889.280029296875
3348.20495383962	885.200012207031
3350.16210756742	883.799987792969
3352.11870754883	887.599975585938
3354.07475399961	884.559997558594
3356.03024713539	883.039978027344
3357.98518717173	886.599975585938
3359.93957432403	888.599975585938
3361.89340880761	884.960021972656
3363.84669083768	886.960021972656
3365.79942062933	881.52001953125
3367.75159839753	884.080017089844
3369.70322435715	889.239990234375
3371.65429872295	891.200012207031
3373.60482170957	894.359985351563
3375.55479353155	894.200012207031
3377.50421440332	890.320007324219
3379.45308453918	886.359985351563
3381.40140415335	880.640014648438
3383.34917345991	883.400024414063
3385.29639267284	886.080017089844
3387.24306200602	888.159973144531
3389.18918167321	889.039978027344
3391.13475188806	890.840026855469
3393.07977286411	895.440002441406
3395.02424481479	896.640014648438
3396.96816795342	896.799987792969
3398.91154249322	889.880004882813
3400.85436864728	890.559997558594
3402.79664662859	888.559997558594
3404.73837665004	888.52001953125
3406.67955892439	888.239990234375
3408.62019366432	887.52001953125
3410.56028108236	891.039978027344
3412.49982139096	892.200012207031
3414.43881480247	893.679992675781
3416.37726152909	891.960021972656
3418.31516178295	891.359985351563
3420.25251577605	888.719970703125
3422.18932372029	889.919982910156
3424.12558582746	890.359985351563
3426.06130230922	894.320007324219
3427.99647337717	894.280029296875
3429.93109924274	890.760009765625
3431.8651801173	883.080017089844
3433.79871621209	882.280029296875
3435.73170773824	887.080017089844
3437.66415490678	891.200012207031
3439.59605792862	885.119995117188
3441.52741701458	886.559997558594
3443.45823237536	883.960021972656
3445.38850422154	882.159973144531
3447.31823276362	885.960021972656
3449.24741821196	888.159973144531
3451.17606077684	884.400024414063
3453.10416066842	885.200012207031
3455.03171809674	883.799987792969
3456.95873327175	882.039978027344
3458.88520640329	883
3460.81113770109	882.119995117188
3462.73652737477	879.47998046875
3464.66137563383	874.840026855469
3466.58568268769	874.440002441406
3468.50944874565	874.400024414063
3470.43267401689	875.640014648438
3472.3553587105	875.760009765625
3474.27750303545	869.640014648438
3476.19910720062	867.280029296875
3478.12017141476	874.679992675781
3480.04069588654	878.919982910156
3481.9606808245	877.239990234375
3483.88012643707	873.280029296875
3485.79903293259	869.919982910156
3487.7174005193	865.47998046875
3489.63522940532	865.719970703125
3491.55251979864	859.960021972656
3493.46927190719	859.400024414063
3495.38548593877	861.159973144531
3497.30116210107	862.039978027344
3499.21630060167	864.239990234375
3501.13090164807	861.47998046875
3503.04496544763	858.039978027344
3504.95849220763	856.47998046875
3506.87148213523	858.640014648438
3508.78393543748	855.200012207031
3510.69585232134	857.280029296875
3512.60723299365	856.52001953125
3514.51807766116	854.47998046875
3516.42838653049	854.599975585938
3518.33815980819	849.47998046875
3520.24739770066	848.719970703125
3522.15610041423	848.52001953125
3524.06426815511	844.799987792969
3525.9719011294	846.159973144531
3527.87899954311	849.760009765625
3529.78556360213	848.559997558594
3531.69159351225	846.039978027344
3533.59708947916	845.080017089844
3535.50205170844	845.239990234375
3537.40648040556	842.080017089844
3539.3103757759	839.799987792969
3541.21373802472	836.400024414063
3543.11656735717	836.919982910156
3545.01886397833	835.719970703125
3546.92062809313	837.400024414063
3548.82185990643	838.760009765625
3550.72255962297	836.840026855469
3552.62272744738	832
3554.5223635842	831.52001953125
3556.42146823786	829.960021972656
3558.32004161268	828.400024414063
3560.21808391289	831.440002441406
3562.11559534259	831.239990234375
3564.01257610581	828.359985351563
3565.90902640645	828.679992675781
3567.80494644831	828.960021972656
3569.7003364351	829.719970703125
3571.59519657042	826.919982910156
3573.48952705774	824.200012207031
3575.38332810048	823.799987792969
3577.27659990191	826.239990234375
3579.16934266521	824.559997558594
3581.06155659346	824.159973144531
3582.95324188965	824.919982910156
3584.84439875663	822.039978027344
3586.73502739718	820.359985351563
3588.62512801397	821.719970703125
3590.51470080955	820.52001953125
3592.40374598639	819.919982910156
3594.29226374685	820.599975585938
3596.18025429317	820.52001953125
3598.06771782751	818.280029296875
3599.95465455192	816.039978027344
3601.84106466834	816.400024414063
3603.72694837861	817.320007324219
3605.61230588447	815.760009765625
3607.49713738756	815.080017089844
3609.38144308942	815.880004882813
3611.26522319148	814.840026855469
3613.14847789506	811.719970703125
3615.0312074014	811.359985351563
3616.91341191162	810.599975585938
3618.79509162674	809.359985351563
3620.67624674769	807.960021972656
3622.55687747528	809.719970703125
3624.43698401024	808.400024414063
3626.31656655317	808.52001953125
3628.1956253046	809.440002441406
3630.07416046492	808.640014648438
3631.95217223446	807.919982910156
3633.82966081342	804.880004882813
3635.70662640191	805.47998046875
3637.58306919993	804.840026855469
3639.45898940739	804.719970703125
3641.33438722409	803.640014648438
3643.20926284973	803.320007324219
3645.08361648392	803.400024414063
3646.95744832614	802.080017089844
3648.8307585758	801.679992675781
3650.7035474322	801.47998046875
3652.57581509452	801.359985351563
3654.44756176188	800.280029296875
3656.31878763324	798.359985351563
3658.18949290753	798.200012207031
3660.05967778352	796.400024414063
3661.9293424599	796.239990234375
3663.79848713527	796.52001953125
3665.66711200812	797.119995117188
3667.53521727684	795.400024414063
3669.40280313972	794.039978027344
3671.26986979494	793.559997558594
3673.13641744059	793
3675.00244627468	793.400024414063
