-140.373595351881	779.200012207031
-137.335129063906	779
-134.297686810867	779.080017089844
-131.261268103955	778.799987792969
-128.225872454677	778.599975585938
-125.191499374839	778.640014648438
-122.158148376567	779.440002441406
-119.125818972292	778.760009765625
-116.094510674759	778.919982910156
-113.064222997021	778.799987792969
-110.034955452443	779.200012207031
-107.006707554687	779.119995117188
-103.979478817741	779.359985351563
-100.95326875589	778.679992675781
-97.928076883731	779.239990234375
-94.9039027161698	778.559997558594
-91.8807457684175	779.080017089844
-88.8586055560018	778.880004882813
-85.8374815947384	779.039978027344
-82.8173734007715	778.919982910156
-79.7982804905411	778.880004882813
-76.7802023807988	778.840026855469
-73.7631385885914	779.320007324219
-70.7470886312892	778.919982910156
-67.732052026553	778.919982910156
-64.7180282923587	779.080017089844
-61.7050169469884	779.200012207031
-58.6930175090183	778.960021972656
-55.6820294973386	778.919982910156
-52.6720524311495	779.280029296875
-49.66308582994	778.640014648438
-46.6551292135171	779
-43.6481821019882	778.960021972656
-40.6422440157577	778.760009765625
-37.6373144755424	778.52001953125
-34.6333930023594	778.919982910156
-31.630479117526	779.039978027344
-28.6285723426709	779.039978027344
-25.6276721997107	779.119995117188
-22.6277782108771	778.919982910156
-19.628889898701	779.47998046875
-16.6310067860081	779.080017089844
-13.6341283959385	779.400024414063
-10.6382542519231	779.919982910156
-7.64338387769432	783.599975585938
-4.64951679729502	796.559997558594
-1.65665253506141	804.880004882813
1.33520938438089	802.880004882813
4.32606943608095	790.799987792969
7.315928094803	780.039978027344
10.3047858350146	779
13.2926431308747	779.080017089844
16.2795004562541	779.119995117188
19.2653582847118	778.840026855469
22.2502170895187	779.080017089844
25.2340773436344	778.960021972656
28.216939519735	778.919982910156
31.1988040901939	778.760009765625
34.1796715270814	778.880004882813
37.1595423021732	778.960021972656
40.1384168869468	779
43.1162957525854	778.679992675781
46.0931793699786	779.280029296875
49.0690682097059	779.039978027344
52.0439627420619	779
55.0178634370476	778.799987792969
57.9907707643592	778.799987792969
60.9626851933962	778.679992675781
63.9336071932735	779.239990234375
66.9035372328018	778.799987792969
69.8724757804959	778.679992675781
72.8404233045826	778.880004882813
75.8073802729932	779.159973144531
78.7733471533597	778.760009765625
81.738324413019	778.440002441406
84.702312519025	779.400024414063
87.665311938125	778.599975585938
90.6273231367761	778.719970703125
93.5883465811569	778.960021972656
96.5483827371242	778.880004882813
99.5074320702731	778.559997558594
102.465495045889	779.039978027344
105.422572128961	778.719970703125
108.378663784199	779.200012207031
111.333770476014	779.080017089844
114.287892668528	778.960021972656
117.24103082557	778.919982910156
120.193185410674	779.320007324219
123.144356887097	779.400024414063
126.094545717786	779.080017089844
129.043752365413	779.359985351563
131.991977292355	779.440002441406
134.939220960695	779.359985351563
137.885483832232	780.080017089844
140.83076636847	779.400024414063
143.775069030632	780.200012207031
146.718392279644	779.719970703125
149.660736576149	780.47998046875
152.602102380488	780.559997558594
155.54249015274	780.400024414063
158.481900352672	780.400024414063
161.420333439765	780.960021972656
164.357789873227	781.679992675781
167.294270111968	781.320007324219
170.229774614617	781.799987792969
173.164303839496	782.359985351563
176.097858244675	782.359985351563
179.030438287908	782.719970703125
181.962044426678	783.159973144531
184.89267711817	783.159973144531
187.822336819302	783.799987792969
190.751023986678	783.760009765625
193.678739076648	784.320007324219
196.605482545255	784.760009765625
199.531254848261	783.880004882813
202.456056441152	784.559997558594
205.379887779119	784.400024414063
208.30274931708	784.960021972656
211.224641509656	783.960021972656
214.145564811189	784.760009765625
217.06551967574	784.880004882813
219.984506557089	784.359985351563
222.902525908723	784.599975585938
225.819578183856	784.200012207031
228.735663835415	784.52001953125
231.650783316047	784.400024414063
234.564937078107	783.840026855469
237.478125573679	783.640014648438
240.390349254566	783.919982910156
243.301608572278	784.440002441406
246.211903978051	784.640014648438
249.121235922839	784.119995117188
252.029604857321	784.200012207031
254.93701123188	785.280029296875
257.843455496632	785.080017089844
260.748938101415	785.359985351563
263.653459495766	784.880004882813
266.557020128967	786.640014648438
269.459620450005	785.640014648438
272.361260907595	785.880004882813
275.261941950168	785.719970703125
278.161664025874	786.400024414063
281.060427582592	786.119995117188
283.958233067921	786.400024414063
286.855080929176	785.440002441406
289.750971613398	786.039978027344
292.645905567344	786.280029296875
295.539883237503	785.599975585938
298.432905070079	785.840026855469
301.324971511007	785.559997558594
304.216083005931	785.760009765625
307.10624000023	786.280029296875
309.995442939003	786.280029296875
312.883692267071	787.400024414063
315.770988428979	789.840026855469
318.657331869	793.159973144531
321.542723031127	795.359985351563
324.427162359076	794.200012207031
327.310650296293	792.919982910156
330.193187285945	789.880004882813
333.074773770929	787.47998046875
335.955410193855	786.239990234375
338.835096997075	785.799987792969
341.713834622655	785.679992675781
344.59162351239	785.320007324219
347.468464107802	785.760009765625
350.344356850137	785.47998046875
353.219302180373	784.559997558594
356.093300539208	784.440002441406
358.966352367073	784.320007324219
361.838458104123	784.960021972656
364.70961819024	784.52001953125
367.579833065031	784.52001953125
370.449103167837	784
373.317428937727	784.52001953125
376.184810813496	784.440002441406
379.051249233659	784.440002441406
381.916744636474	784.440002441406
384.78129745992	785.47998046875
387.644908141706	784.320007324219
390.50757711927	784.880004882813
393.36930482978	784.559997558594
396.23009171014	784.559997558594
399.089938196969	785.080017089844
401.948844726631	783.960021972656
404.806811735214	784.880004882813
407.66383965853	784.640014648438
410.519928932138	784.919982910156
413.375079991314	784.599975585938
416.229293271071	783.320007324219
419.082569206155	784.52001953125
421.934908231031	784.52001953125
424.786310779917	784.400024414063
427.636777286748	784.960021972656
430.486308185189	784.119995117188
433.334903908649	784.239990234375
436.182564890262	784.840026855469
439.029291562898	784.679992675781
441.875084359157	784.640014648438
444.719943711374	784.799987792969
447.563870051618	784.200012207031
450.406863811695	784.880004882813
453.248925423132	784.359985351563
456.090055317208	784.320007324219
458.93025392492	784.359985351563
461.76952167701	784.679992675781
464.60785900395	784.359985351563
467.44526633595	784.960021972656
470.281744102955	784.280029296875
473.117292734635	784.440002441406
475.951912660415	784.200012207031
478.785604309439	784.239990234375
481.618368110592	784.960021972656
484.450204492499	784.239990234375
487.281113883518	784.320007324219
490.111096711738	784.280029296875
492.940153404999	784.880004882813
495.768284390864	784.440002441406
498.595490096635	784.359985351563
501.421770949366	784
504.247127375825	784.919982910156
507.071559802537	784.599975585938
509.89506865575	784.640014648438
512.717654361473	783.880004882813
515.539317345424	784.47998046875
518.360058033083	784.200012207031
521.179876849652	784.47998046875
523.998774220083	784.119995117188
526.816750569068	784.52001953125
529.633806321025	784.679992675781
532.44994190013	784.440002441406
535.265157730284	784.159973144531
538.079454235133	784.52001953125
540.892831838066	784.919982910156
543.705290962208	783.719970703125
546.516832030424	784.599975585938
549.32745546533	784.280029296875
552.137161689268	784.280029296875
554.945951124325	784.280029296875
557.753824192341	784.239990234375
560.560781314883	784.239990234375
563.36682291327	784.080017089844
566.171949408555	783.919982910156
568.976161221537	784
571.779458772759	784.320007324219
574.5818424825	783.640014648438
577.383312770792	784.320007324219
580.183870057402	784.320007324219
582.983514761843	784.359985351563
585.782247303363	784.239990234375
588.580068100976	784.840026855469
591.376977573414	783.840026855469
594.172976139164	783.840026855469
596.968064216463	784.239990234375
599.762242223282	784.200012207031
602.555510577335	784.679992675781
605.347869696099	784.440002441406
608.139319996771	783.799987792969
610.929861896313	784.280029296875
613.719495811421	783.239990234375
616.508222158541	784.159973144531
619.296041353863	784.559997558594
622.082953813324	784.080017089844
624.868959952607	784.200012207031
627.654060187137	784.400024414063
630.438254932094	784
633.221544602397	783.47998046875
636.003929612719	783.919982910156
638.785410377468	783.359985351563
641.565987310814	783.760009765625
644.345660826665	783.919982910156
647.124431338674	783.559997558594
649.902299260252	784.080017089844
652.679265004552	784.200012207031
655.455328984475	783.840026855469
658.230491612671	783.280029296875
661.004753301541	783.599975585938
663.778114463229	783.960021972656
666.550575509631	783.719970703125
669.322136852395	784.52001953125
672.092798902916	783.799987792969
674.862562072336	784.280029296875
677.631426771548	784.080017089844
680.399393411204	783.840026855469
683.166462401689	784.359985351563
685.93263415315	784.080017089844
688.697909075486	783.880004882813
691.462287578337	784.039978027344
694.225770071098	783.799987792969
696.988356962926	784.080017089844
699.750048662705	783.919982910156
702.5108455791	783.039978027344
705.270748120503	783.280029296875
708.029756695068	783.880004882813
710.787871710705	783.280029296875
713.545093575065	783.52001953125
716.301422695566	783.840026855469
719.056859479364	784.280029296875
721.811404333376	784.200012207031
724.56505766427	784
727.317819878473	783.719970703125
730.069691382148	784.039978027344
732.820672581226	783.960021972656
735.570763881396	784.599975585938
738.319965688092	783.919982910156
741.068278406496	784.320007324219
743.815702441559	784.239990234375
746.562238197974	784
749.307886080196	784.599975585938
752.052646492436	784.640014648438
754.796519838656	784.400024414063
757.539506522567	784.159973144531
760.28160694765	784.039978027344
763.022821517128	784
765.76315063399	784.320007324219
768.502594700972	784.599975585938
771.241154120572	784.359985351563
773.978829295045	784.359985351563
776.715620626397	784.280029296875
779.451528516396	784.840026855469
782.186553366565	784.799987792969
784.920695578179	784.159973144531
787.653955552283	784.239990234375
790.386333689662	784.47998046875
793.117830390877	784.320007324219
795.848446056227	784
798.578181085792	784.47998046875
801.307035879389	784.159973144531
804.035010836599	783.960021972656
806.762106356774	783.919982910156
809.488322839013	784.239990234375
812.213660682169	783.440002441406
814.938120284866	783.960021972656
817.661702045482	783.799987792969
820.384406362153	784.080017089844
823.10623363278	784.239990234375
825.827184255014	784.159973144531
828.547258626283	784.440002441406
831.266457143747	784.47998046875
833.984780204358	784
836.702228204804	784.119995117188
839.418801541552	783.960021972656
842.134500610814	784.320007324219
844.849325808575	784.080017089844
847.563277530579	783.880004882813
850.276356172319	784.159973144531
852.988562129066	784.400024414063
855.69989579585	783.799987792969
858.410357567456	784.080017089844
861.119947838428	784.320007324219
863.828667003087	784.280029296875
866.536515455503	784.280029296875
869.243493589517	783.719970703125
871.949601798728	783.799987792969
874.654840476504	784.159973144531
877.359210015961	784
880.062710810003	783.359985351563
882.765343251273	783.919982910156
885.467107732191	784.400024414063
888.168004644938	783.400024414063
890.868034381467	784.080017089844
893.567197333476	784.280029296875
896.265493892445	784.280029296875
898.962924449614	784.039978027344
901.659489395985	784.320007324219
904.355189122325	783.760009765625
907.050024019165	784.119995117188
909.743994476809	783.880004882813
912.437100885322	783.919982910156
915.129343634532	784.080017089844
917.820723114032	784
920.511239713189	783.52001953125
923.200893821127	784.119995117188
925.889685826744	784.47998046875
928.577616118699	784.640014648438
931.264685085419	784.52001953125
933.950893115098	784.719970703125
936.6362405957	784.640014648438
939.320727914956	785.080017089844
942.004355460359	784.599975585938
944.687123619173	784.719970703125
947.369032778431	784.52001953125
950.050083324934	784.440002441406
952.730275645247	784.760009765625
955.409610125711	784.719970703125
958.088087152423	784.119995117188
960.765707111263	784.119995117188
963.442470387871	784.719970703125
966.118377367657	783.919982910156
968.793428435798	784.119995117188
971.467623977254	784.320007324219
974.140964376739	783.919982910156
976.813450018737	783.52001953125
979.485081287511	784.119995117188
982.155858567087	784.200012207031
984.825782241271	783.47998046875
987.494852693624	784.080017089844
990.163070307487	784.52001953125
992.830435465978	784.320007324219
995.496948551973	783.960021972656
998.162609948122	784.359985351563
1000.82742003685	784.679992675781
1003.49137920036	785.52001953125
1006.15448782061	785.559997558594
1008.81674627934	785.599975585938
1011.47815495806	784.359985351563
1014.13871423805	784.599975585938
1016.79842450037	783.919982910156
1019.45728612586	783.960021972656
1022.11529949509	783.679992675781
1024.77246498846	784.119995117188
1027.4287829861	783.960021972656
1030.08425386792	784.159973144531
1032.73887801363	784.280029296875
1035.3926558027	783.47998046875
1038.04558761435	784.440002441406
1040.69767382761	784.159973144531
1043.34891482125	783.559997558594
1045.99931097384	783.760009765625
1048.64886266371	784.080017089844
1051.29757026898	784.039978027344
1053.94543416753	783.679992675781
1056.59245473701	784.200012207031
1059.23863235486	783.760009765625
1061.8839673983	783.400024414063
1064.5284602443	783.640014648438
1067.17211126962	784.52001953125
1069.8149208508	784
1072.45688936415	784.039978027344
1075.09801718577	784.359985351563
1077.7383046915	783.119995117188
1080.377752257	784.760009765625
1083.01636025767	784.400024414063
1085.65412906872	784.960021972656
1088.2910590651	784.960021972656
1090.92715062157	784.359985351563
1093.56240411266	784.52001953125
1096.19681991265	784.679992675781
1098.83039839564	783.960021972656
1101.46313993547	784.200012207031
1104.09504490579	783.960021972656
1106.72611368	783.640014648438
1109.35634663129	783.760009765625
1111.98574413263	783.640014648438
1114.61430655677	783.799987792969
1117.24203427624	783.679992675781
1119.86892766333	783.679992675781
1122.49498709014	783.559997558594
1125.12021292851	783.719970703125
1127.74460555011	784.280029296875
1130.36816532634	783.679992675781
1132.99089262841	784.640014648438
1135.6127878273	783.280029296875
1138.23385129376	782.960021972656
1140.85408339834	783.359985351563
1143.47348451137	783.320007324219
1146.09205500294	783.200012207031
1148.70979524293	782.880004882813
1151.326705601	783.080017089844
1153.9427864466	783.280029296875
1156.55803814896	783.440002441406
1159.17246107707	783.599975585938
1161.78605559974	783.760009765625
1164.39882208551	783.760009765625
1167.01076090276	783.52001953125
1169.6218724196	783.400024414063
1172.23215700396	784.119995117188
1174.84161502352	784.239990234375
1177.45024684578	784
1180.05805283799	783.919982910156
1182.66503336719	783.440002441406
1185.27118880021	783.799987792969
1187.87651950367	783.960021972656
1190.48102584395	783.760009765625
1193.08470818723	783.599975585938
1195.68756689948	783.919982910156
1198.28960234643	783.239990234375
1200.89081489363	783.239990234375
1203.49120490636	784.080017089844
1206.09077274974	783.760009765625
1208.68951878864	784.200012207031
1211.28744338773	784.400024414063
1213.88454691145	784.840026855469
1216.48082972404	784.47998046875
1219.07629218953	784.760009765625
1221.6709346717	784.239990234375
1224.26475753416	784.359985351563
1226.85776114028	785.159973144531
1229.44994585322	784.880004882813
1232.04131203592	785.080017089844
1234.63186005112	784.47998046875
1237.22159026133	785.440002441406
1239.81050302886	785.840026855469
1242.3985987158	784.880004882813
1244.98587768402	785.400024414063
1247.5723402952	785.760009765625
1250.15798691078	785.039978027344
1252.74281789199	785.320007324219
1255.32683359987	785.640014648438
1257.91003439523	785.320007324219
1260.49242063865	784.960021972656
1263.07399269055	785.960021972656
1265.65475091108	785.239990234375
1268.23469566021	785.119995117188
1270.81382729769	784.960021972656
1273.39214618306	785.039978027344
1275.96965267566	785.52001953125
1278.54634713458	785.440002441406
1281.12222991875	784.880004882813
1283.69730138685	785.080017089844
1286.27156189737	784.919982910156
1288.84501180858	784.799987792969
1291.41765147853	784.840026855469
1293.98948126509	784.599975585938
1296.56050152589	785
1299.13071261837	784.400024414063
1301.70011489973	785
1304.268708727	785.640014648438
1306.83649445698	785.280029296875
1309.40347244625	785.52001953125
1311.96964305119	785.960021972656
1314.53500662799	785.200012207031
1317.0995635326	785.440002441406
1319.66331412077	784.960021972656
1322.22625874806	785.799987792969
1324.7883977698	785.599975585938
1327.34973154112	785.799987792969
1329.91026041694	785.719970703125
1332.46998475197	785.559997558594
1335.0289049007	785.919982910156
1337.58702121746	785.559997558594
1340.14433405631	785.159973144531
1342.70084377115	785.359985351563
1345.25655071563	785.47998046875
1347.81145524323	785
1350.36555770721	785.719970703125
1352.91885846062	785.039978027344
1355.47135785631	784.159973144531
1358.02305624691	784.840026855469
1360.57395398486	784.320007324219
1363.12405142237	784.320007324219
1365.67334891148	783.599975585938
1368.22184680399	783.960021972656
1370.76954545151	783.559997558594
1373.31644520545	783.559997558594
1375.86254641699	784.760009765625
1378.40784943713	784.559997558594
1380.95235461666	784.599975585938
1383.49606230615	783.960021972656
1386.03897285598	783.719970703125
1388.58108661632	783.640014648438
1391.12240393713	784.080017089844
1393.66292516818	784.080017089844
1396.20265065903	783.760009765625
1398.74158075901	784.119995117188
1401.2797158173	784.359985351563
1403.81705618282	783.559997558594
1406.35360220431	784.400024414063
1408.88935423032	784.359985351563
1411.42431260919	784.200012207031
1413.95847768903	783.960021972656
1416.49184981777	783.840026855469
1419.02442934314	783.919982910156
1421.55621661266	784.119995117188
1424.08721197364	783.440002441406
1426.61741577321	783.719970703125
1429.14682835828	784.159973144531
1431.67545007555	784.039978027344
1434.20328127153	784.239990234375
1436.73032229253	784.47998046875
1439.25657348466	784.799987792969
1441.78203519381	784.960021972656
1444.3067077657	785
1446.83059154581	785.159973144531
1449.35368687944	786.320007324219
1451.8759941117	786.239990234375
1454.39751358748	785.640014648438
1456.91824565148	786.280029296875
1459.43819064818	785.760009765625
1461.95734892189	785.280029296875
1464.4757208167	784.840026855469
1466.99330667649	785.159973144531
1469.51010684497	785
1472.02612166564	784.320007324219
1474.54135148177	784.47998046875
1477.05579663646	784.280029296875
1479.56945747262	784.080017089844
1482.08233433293	783.799987792969
1484.59442755989	784
1487.10573749579	783.760009765625
1489.61626448275	783.159973144531
1492.12600886264	783.559997558594
1494.63497097718	783.599975585938
1497.14315116786	783.239990234375
1499.65054977599	783.119995117188
1502.15716714267	783.200012207031
1504.66300360881	782.840026855469
1507.16805951512	782.559997558594
1509.67233520211	781.840026855469
1512.1758310101	782.599975585938
1514.67854727919	782.640014648438
1517.18048434931	782.47998046875
1519.68164256018	782.039978027344
1522.18202225132	782.280029296875
1524.68162376207	782.599975585938
1527.18044743155	782.400024414063
1529.67849359869	782.640014648438
1532.17576260224	782.039978027344
1534.67225478072	783.159973144531
1537.1679704725	782.47998046875
1539.66291001572	782.799987792969
1542.15707374832	782.880004882813
1544.65046200807	782.880004882813
1547.14307513254	782.52001953125
1549.63491345907	782.559997558594
1552.12597732485	782.960021972656
1554.61626706685	783.119995117188
1557.10578302185	782.840026855469
1559.59452552644	782.919982910156
1562.082494917	783.280029296875
1564.56969152973	783.280029296875
1567.05611570064	782.919982910156
1569.54176776552	783.640014648438
1572.02664806	784.080017089844
1574.51075691949	783.400024414063
1576.99409467921	783.960021972656
1579.4766616742	784
1581.95845823929	784.840026855469
1584.43948470912	784.320007324219
1586.91974141815	783.640014648438
1589.39922870064	783.599975585938
1591.87794689064	783
1594.35589632202	783.840026855469
1596.83307732848	783.599975585938
1599.30949024348	783.559997558594
1601.78513540033	784.080017089844
1604.26001313211	784.400024414063
1606.73412377175	784.159973144531
1609.20746765196	784.119995117188
1611.68004510526	784.400024414063
1614.15185646398	784.440002441406
1616.62290206026	784.039978027344
1619.09318222605	784.799987792969
1621.56269729311	785.239990234375
1624.031447593	785.159973144531
1626.4994334571	784.640014648438
1628.9666552166	784.640014648438
1631.43311320248	784.799987792969
1633.89880774554	784.760009765625
1636.3637391764	785.039978027344
1638.82790782548	785.359985351563
1641.29131402301	785.200012207031
1643.75395809903	785.599975585938
1646.21584038339	786.039978027344
1648.67696120575	785.599975585938
1651.13732089558	786.080017089844
1653.59691978216	785.799987792969
1656.05575819459	786.239990234375
1658.51383646175	786.52001953125
1660.97115491238	786.159973144531
1663.42771387498	785.880004882813
1665.8835136779	786.239990234375
1668.33855464928	785.47998046875
1670.79283711708	785.47998046875
1673.24636140907	785.599975585938
1675.69912785282	785.400024414063
1678.15113677572	785.440002441406
1680.602388505	784.760009765625
1683.05288336764	784.559997558594
1685.50262169049	784.559997558594
1687.95160380019	784.760009765625
1690.39983002318	783.960021972656
1692.84730068573	783.599975585938
1695.29401611392	783.440002441406
1697.73997663364	783.52001953125
1700.18518257059	783.239990234375
1702.6296342503	783.239990234375
1705.07333199807	782.719970703125
1707.51627613907	782.359985351563
1709.95846699824	782.559997558594
1712.39990490036	782.719970703125
1714.84059017001	781.960021972656
1717.28052313159	782.320007324219
1719.7197041093	782.47998046875
1722.15813342718	782.359985351563
1724.59581140906	781.919982910156
1727.03273837859	781.799987792969
1729.46891465926	781.919982910156
1731.90434057432	782.200012207031
1734.3390164469	781.599975585938
1736.7729425999	782.320007324219
1739.20611935604	781.919982910156
1741.63854703787	781.799987792969
1744.07022596776	781.559997558594
1746.50115646787	781.719970703125
1748.93133886019	781.559997558594
1751.36077346652	781.760009765625
1753.7894606085	781.599975585938
1756.21740060755	781.52001953125
1758.64459378494	782
1761.07104046172	781.919982910156
1763.49674095879	781.840026855469
1765.92169559684	781.559997558594
1768.3459046964	781.239990234375
1770.7693685778	781.359985351563
1773.1920875612	781.200012207031
1775.61406196656	781.440002441406
1778.03529211367	781.47998046875
1780.45577832214	781.320007324219
1782.87552091138	781.559997558594
1785.29452020064	781.679992675781
1787.71277650897	781.679992675781
1790.13029015525	781.919982910156
1792.54706145817	781.119995117188
1794.96309073625	781.320007324219
1797.3783783078	781.640014648438
1799.79292449097	781
1802.20672960375	781.47998046875
1804.61979396389	781.400024414063
1807.03211788902	781.239990234375
1809.44370169655	781.400024414063
1811.85454570373	781.52001953125
1814.2646502276	781.239990234375
1816.67401558506	780.960021972656
1819.0826420928	781.080017089844
1821.49053006734	781.320007324219
1823.89767982501	781.200012207031
1826.30409168198	781.52001953125
1828.70976595422	781.200012207031
1831.11470295753	781.200012207031
1833.51890300752	781.080017089844
1835.92236641964	781.280029296875
1838.32509350914	781.559997558594
1840.72708459111	781.039978027344
1843.12833998044	780.919982910156
1845.52885999184	780.760009765625
1847.92864493987	781.320007324219
1850.32769513889	781.559997558594
1852.72601090307	780.799987792969
1855.12359254642	781.359985351563
1857.52044038278	781.119995117188
1859.91655472578	781.159973144531
1862.31193588889	781.119995117188
1864.70658418542	781
1867.10049992847	781.880004882813
1869.49368343096	781.559997558594
1871.88613500568	781.039978027344
1874.27785496518	781.200012207031
1876.66884362188	780.719970703125
1879.059101288	781.679992675781
1881.44862827559	781.47998046875
1883.8374248965	780.919982910156
1886.22549146246	780.840026855469
1888.61282828495	781.119995117188
1890.99943567534	780.880004882813
1893.38531394477	781.200012207031
1895.77046340424	781.280029296875
1898.15488436455	780.799987792969
1900.53857713634	780.960021972656
1902.92154203006	781.440002441406
1905.303779356	780.880004882813
1907.68528942426	781.52001953125
1910.06607254477	781.47998046875
1912.44612902729	781.159973144531
1914.82545918139	780.960021972656
1917.20406331648	781.159973144531
1919.58194174178	781.599975585938
1921.95909476634	781.280029296875
1924.33552269905	781.719970703125
1926.71122584861	781.52001953125
1929.08620452353	781.559997558594
1931.46045903219	780.919982910156
1933.83398968275	781.359985351563
1936.20679678322	781.599975585938
1938.57888064142	781.47998046875
1940.95024156502	780.919982910156
1943.3208798615	781.239990234375
1945.69079583816	781.359985351563
1948.05998980213	781
1950.42846206038	781.200012207031
1952.79621291969	781
1955.16324268668	781.320007324219
1957.52955166778	781.47998046875
1959.89514016927	781.47998046875
1962.26000849723	781.599975585938
1964.62415695759	781.359985351563
1966.98758585609	781.719970703125
1969.3502954983	781.320007324219
1971.71228618964	781.119995117188
1974.07355823532	781.200012207031
1976.43411194042	781.080017089844
1978.79394760981	781.280029296875
1981.1530655482	781.039978027344
1983.51146606014	781.200012207031
1985.86914944999	781.679992675781
1988.22611602196	781.359985351563
1990.58236608007	781.400024414063
1992.93789992817	781
1995.29271786995	781.039978027344
1997.64682020892	781.200012207031
2000.00020724843	781.119995117188
2002.35287929162	781.320007324219
2004.70483664152	781.359985351563
2007.05607960095	781.239990234375
2009.40660847256	780.960021972656
2011.75642355884	781.119995117188
2014.1055251621	781.400024414063
2016.4539135845	781.640014648438
2018.80158912802	781.559997558594
2021.14855209444	781.679992675781
2023.49480278542	781.400024414063
2025.84034150242	781.599975585938
2028.18516854673	781.880004882813
2030.52928421948	781.239990234375
2032.87268882163	781.760009765625
2035.21538265398	781.320007324219
2037.55736601713	781.640014648438
2039.89863921153	781.559997558594
2042.23920253747	781.559997558594
2044.57905629506	781.52001953125
2046.91820078425	781.559997558594
2049.2566363048	781.400024414063
2051.59436315633	781.320007324219
2053.93138163827	781.440002441406
2056.2676920499	781.400024414063
2058.6032946903	781.320007324219
2060.93818985843	781.239990234375
2063.27237785303	781.039978027344
2065.60585897272	781.52001953125
2067.93863351592	781.119995117188
2070.27070178089	781.640014648438
2072.60206406574	781.679992675781
2074.93272066838	781.119995117188
2077.26267188658	781.679992675781
2079.59191801793	781.599975585938
2081.92045935985	781.159973144531
2084.24829620962	781.159973144531
2086.57542886431	781.400024414063
2088.90185762087	781.559997558594
2091.22758277604	781.719970703125
2093.55260462643	781.679992675781
2095.87692346845	781.760009765625
2098.20053959837	781.679992675781
2100.52345331229	782.039978027344
2102.84566490614	781.679992675781
2105.16717467567	781.960021972656
2107.48798291649	780.960021972656
2109.80808992403	781.320007324219
2112.12749599355	781.719970703125
2114.44620142016	781.840026855469
2116.7642064988	781.599975585938
2119.08151152423	781.159973144531
2121.39811679106	781.679992675781
2123.71402259374	781.840026855469
2126.02922922653	781.440002441406
2128.34373698356	781.840026855469
2130.65754615876	781.640014648438
2132.97065704594	781.559997558594
2135.28306993869	781.200012207031
2137.59478513047	781.400024414063
2139.90580291459	781.280029296875
2142.21612358416	781.640014648438
2144.52574743214	781.52001953125
2146.83467475134	781.440002441406
2149.1429058344	781.799987792969
2151.45044097377	781.280029296875
2153.75728046178	781.320007324219
2156.06342459057	781.960021972656
2158.36887365212	781.599975585938
2160.67362793825	781.640014648438
2162.97768774061	781.559997558594
2165.28105335071	781.440002441406
2167.58372505987	781.159973144531
2169.88570315926	781.640014648438
2172.18698793988	781.679992675781
2174.48757969258	781.640014648438
2176.78747870805	781.47998046875
2179.08668527679	781.640014648438
2181.38519968917	781.559997558594
2183.68302223538	781.320007324219
2185.98015320547	781.320007324219
2188.27659288929	781.400024414063
2190.57234157656	781.559997558594
2192.86739955682	781.559997558594
2195.16176711948	781.159973144531
2197.45544455375	781.320007324219
2199.74843214869	781.559997558594
2202.04073019322	781.679992675781
2204.33233897607	781.640014648438
2206.62325878583	781.239990234375
2208.91348991093	781.400024414063
2211.20303263961	781.640014648438
2213.49188726	781.320007324219
2215.78005406001	781.599975585938
2218.06753332744	781.359985351563
2220.35432534991	781.320007324219
2222.64043041487	781.039978027344
2224.92584880964	781.400024414063
2227.21058082134	781.280029296875
2229.49462673696	780.760009765625
2231.77798684332	781.159973144531
2234.06066142709	781.119995117188
2236.34265077477	781.320007324219
2238.62395517269	781.320007324219
2240.90457490706	781.280029296875
2243.18451026388	781.039978027344
2245.46376152904	780.960021972656
2247.74232898823	781.359985351563
2250.02021292701	781.359985351563
2252.29741363077	781.200012207031
2254.57393138475	780.840026855469
2256.849766474	780.799987792969
2259.12491918346	781.280029296875
2261.39938979788	781.320007324219
2263.67317860185	781.119995117188
2265.94628587983	781.159973144531
2268.2187119161	781.159973144531
2270.49045699478	781.200012207031
2272.76152139985	781.47998046875
2275.03190541511	781.080017089844
2277.30160932421	780.919982910156
2279.57063341067	781.080017089844
2281.83897795781	780.840026855469
2284.10664324882	781
2286.37362956672	781.47998046875
2288.63993719439	781.119995117188
2290.90556641454	781
2293.17051750973	781.760009765625
2295.43479076235	781.359985351563
2297.69838645465	781.760009765625
2299.96130486871	781.320007324219
2302.22354628647	781.200012207031
2304.48511098971	781.039978027344
2306.74599926003	781.599975585938
2309.00621137891	781.280029296875
2311.26574762765	780.880004882813
2313.52460828741	781.359985351563
2315.78279363917	781.159973144531
2318.04030396379	781.159973144531
2320.29713954195	781.239990234375
2322.55330065418	781.799987792969
2324.80878758085	781.599975585938
2327.06360060219	780.919982910156
2329.31773999826	781.359985351563
2331.57120604897	781.599975585938
2333.82399903409	780.880004882813
2336.0761192332	781.47998046875
2338.32756692577	781.400024414063
2340.57834239108	780.880004882813
2342.82844590827	781.640014648438
2345.07787775633	781.47998046875
2347.32663821409	780.799987792969
2349.57472756023	780.719970703125
2351.82214607327	780.719970703125
2354.06889403158	780.719970703125
2356.31497171337	781.320007324219
2358.56037939672	781.47998046875
2360.80511735953	781.320007324219
2363.04918587955	780.760009765625
2365.29258523439	781.280029296875
2367.5353157015	780.760009765625
2369.77737755817	781.640014648438
2372.01877108156	781.280029296875
2374.25949654865	781.080017089844
2376.49955423629	781.280029296875
2378.73894442115	781.280029296875
2380.97766737977	781.080017089844
2383.21572338855	781.280029296875
2385.45311272369	781
2387.68983566129	780.640014648438
2389.92589247727	781.080017089844
2392.1612834474	781.039978027344
2394.39600884731	781.359985351563
2396.63006895246	781.599975585938
2398.86346403818	781.200012207031
2401.09619437962	781.200012207031
2403.32826025182	781.080017089844
2405.55966192963	780.919982910156
2407.79039968777	780.919982910156
2410.0204738008	780.960021972656
2412.24988454313	780.640014648438
2414.47863218902	781.039978027344
2416.70671701258	780.719970703125
2418.93413928778	781.080017089844
2421.16089928842	780.960021972656
2423.38699728817	780.559997558594
2425.61243356052	781.280029296875
2427.83720837884	781.080017089844
2430.06132201633	780.880004882813
2432.28477474606	781.039978027344
2434.50756684093	780.400024414063
2436.72969857371	781.200012207031
2438.95117021699	781
2441.17198204325	780.799987792969
2443.39213432478	781.320007324219
2445.61162733376	781
2447.83046134218	781.200012207031
2450.04863662192	781.039978027344
2452.26615344468	780.960021972656
2454.48301208203	781.039978027344
2456.69921280539	780.440002441406
2458.91475588602	780.559997558594
2461.12964159504	780.880004882813
2463.34387020342	781.039978027344
2465.55744198198	781.280029296875
2467.77035720139	780.960021972656
2469.98261613217	780.760009765625
2472.1942190447	781
2474.40516620922	781.119995117188
2476.6154578958	781.239990234375
2478.82509437436	780.880004882813
2481.03407591471	781.200012207031
2483.24240278646	781.080017089844
2485.45007525911	780.960021972656
2487.65709360202	781.280029296875
2489.86345808435	781
2492.06916897518	781.47998046875
2494.27422654339	781.080017089844
2496.47863105774	781.52001953125
2498.68238278683	780.880004882813
2500.88548199912	781.200012207031
2503.08792896294	780.960021972656
2505.28972394643	780.880004882813
2507.49086721763	781.320007324219
2509.6913590444	780.599975585938
2511.89119969447	781.119995117188
2514.09038943543	781.359985351563
2516.2889285347	781.200012207031
2518.48681725957	780.919982910156
2520.6840558772	781.400024414063
2522.88064465456	781.119995117188
2525.07658385852	781
2527.27187375578	780.640014648438
2529.4665146129	780.840026855469
2531.66050669629	781.119995117188
2533.85385027222	780.679992675781
2536.04654560681	780.799987792969
2538.23859296605	781.599975585938
2540.42999261577	781.159973144531
2542.62074482166	781.47998046875
2544.81084984925	781.559997558594
2547.00030796395	781.679992675781
2549.18911943101	780.880004882813
2551.37728451555	780.320007324219
2553.56480348252	780.799987792969
2555.75167659675	781.159973144531
2557.93790412292	781.239990234375
2560.12348632556	781.080017089844
2562.30842346905	781.080017089844
2564.49271581764	781.119995117188
2566.67636363544	780.760009765625
2568.85936718639	781.159973144531
2571.04172673431	780.400024414063
2573.22344254288	781.640014648438
2575.40451487562	780.239990234375
2577.58494399591	780.840026855469
2579.76473016699	780.559997558594
2581.94387365196	780.679992675781
2584.12237471377	781.599975585938
2586.30023361523	780.440002441406
2588.47745061901	780.799987792969
2590.65402598763	781.159973144531
2592.82995998348	781.159973144531
2595.0052528688	780.919982910156
2597.17990490568	780.640014648438
2599.35391635608	780.599975585938
2601.52728748181	781.039978027344
2603.70001854454	781.200012207031
2605.8721098058	780.840026855469
2608.04356152698	781.200012207031
2610.21437396931	780.880004882813
2612.3845473939	780.320007324219
2614.55408206173	780.640014648438
2616.72297823359	780.919982910156
2618.89123617017	780.960021972656
2621.058856132	781.159973144531
2623.22583837949	781.679992675781
2625.39218317288	781.52001953125
2627.55789077229	781.239990234375
2629.72296143769	781.679992675781
2631.88739542891	781.080017089844
2634.05119300563	781.159973144531
2636.21435442742	781.440002441406
2638.37687995367	781.52001953125
2640.53876984365	780.840026855469
2642.70002435649	781.400024414063
2644.86064375119	781.119995117188
2647.02062828658	780.919982910156
2649.17997822137	781.440002441406
2651.33869381413	781.119995117188
2653.49677532328	781.47998046875
2655.65422300711	781
2657.81103712378	780.960021972656
2659.96721793127	781.359985351563
2662.12276568747	781.359985351563
2664.2776806501	781.159973144531
2666.43196307675	781.039978027344
2668.58561322486	781.47998046875
2670.73863135176	781.280029296875
2672.8910177146	781.400024414063
2675.04277257043	781.359985351563
2677.19389617612	781.679992675781
2679.34438878845	781.440002441406
2681.49425066402	781.359985351563
2683.64348205931	781.599975585938
2685.79208323065	780.679992675781
2687.94005443425	781.359985351563
2690.08739592617	781.400024414063
2692.23410796233	780.919982910156
2694.38019079852	781.440002441406
2696.52564469038	780.760009765625
2698.67046989342	781.320007324219
2700.81466666302	780.960021972656
2702.9582352544	781.320007324219
2705.10117592265	781
2707.24348892275	781.119995117188
2709.3851745095	781.119995117188
2711.5262329376	781.599975585938
2713.66666446158	781.559997558594
2715.80646933585	781.799987792969
2717.94564781468	780.840026855469
2720.08420015222	781.52001953125
2722.22212660245	781.359985351563
2724.35942741923	781.679992675781
2726.49610285628	781.919982910156
2728.63215316721	781.200012207031
2730.76757860544	781.719970703125
2732.9023794243	781.679992675781
2735.03655587697	781.47998046875
2737.17010821648	781.400024414063
2739.30303669573	781.320007324219
2741.4353415675	781.47998046875
2743.56702308442	781.400024414063
2745.69808149898	781.440002441406
2747.82851706355	781.760009765625
2749.95833003034	781.52001953125
2752.08752065145	781.280029296875
2754.21608917883	781.599975585938
2756.3440358643	781.359985351563
2758.47136095954	781.52001953125
2760.59806471609	781
2762.72414738537	781.640014648438
2764.84960921865	781.400024414063
2766.97445046708	781.239990234375
2769.09867138166	782.080017089844
2771.22227221326	781.47998046875
2773.34525321263	781.679992675781
2775.46761463035	781.359985351563
2777.58935671691	781.52001953125
2779.71047972262	781.919982910156
2781.83098389771	781.320007324219
2783.95086949221	781.599975585938
2786.07013675607	781.400024414063
2788.18878593908	781.239990234375
2790.3068172909	781.679992675781
2792.42423106106	781.599975585938
2794.54102749895	781.960021972656
2796.65720685384	781.559997558594
2798.77276937486	781.440002441406
2800.88771531098	781.719970703125
2803.00204491107	781.400024414063
2805.11575842387	781.640014648438
2807.22885609796	781.52001953125
2809.34133818179	782.239990234375
2811.4532049237	781.799987792969
2813.56445657189	781.799987792969
2815.6750933744	781.799987792969
2817.78511557916	781.400024414063
2819.89452343398	781.52001953125
2822.00331718652	781.47998046875
2824.11149708429	782.080017089844
2826.2190633747	781.679992675781
2828.32601630502	781.640014648438
2830.43235612237	781.880004882813
2832.53808307375	781.719970703125
2834.64319740603	782.320007324219
2836.74769936595	782.400024414063
2838.85158920011	782.559997558594
2840.95486715497	782.359985351563
2843.05753347689	783.080017089844
2845.15958841206	783.280029296875
2847.26103220657	783.039978027344
2849.36186510636	784.200012207031
2851.46208735724	784.52001953125
2853.56169920488	784.080017089844
2855.66070089485	784.119995117188
2857.75909267257	784.679992675781
2859.85687478332	785.200012207031
2861.95404747225	785.280029296875
2864.05061098439	785.52001953125
2866.14656556464	785.880004882813
2868.24191145777	786.320007324219
2870.3366489084	786.080017089844
2872.43077816104	787.119995117188
2874.52429946006	787.159973144531
2876.61721304971	787.400024414063
2878.70951917409	788.039978027344
2880.8012180772	787.960021972656
2882.89231000287	787.719970703125
2884.98279519483	787.760009765625
2887.07267389667	788.880004882813
2889.16194635186	788.52001953125
2891.25061280373	789.239990234375
2893.33867349546	788.559997558594
2895.42612867015	788.359985351563
2897.51297857074	788.119995117188
2899.59922344003	789.080017089844
2901.68486352071	789.320007324219
2903.76989905533	790.400024414063
2905.85433028632	789.960021972656
2907.93815745598	790.080017089844
2910.02138080648	789.200012207031
2912.10400057985	791.440002441406
2914.186017018	791.559997558594
2916.26743036271	791.52001953125
2918.34824085563	791.440002441406
2920.4284487383	791.47998046875
2922.5080542521	792.52001953125
2924.58705763829	792.840026855469
2926.66545913802	792.880004882813
2928.74325899231	793.640014648438
2930.82045744202	793.679992675781
2932.89705472792	794.119995117188
2934.97305109062	794.359985351563
2937.04844677063	793.679992675781
2939.12324200832	793.960021972656
2941.19743704393	795.239990234375
2943.27103211757	793.640014648438
2945.34402746923	793.039978027344
2947.41642333876	793
2949.48821996592	792.719970703125
2951.55941759028	792.200012207031
2953.63001645135	791.159973144531
2955.70001678845	792.039978027344
2957.76941884083	790.719970703125
2959.83822284757	790.159973144531
2961.90642904764	789.880004882813
2963.97403767988	789.919982910156
2966.04104898302	789.159973144531
2968.10746319565	789.359985351563
2970.17328055621	790.119995117188
2972.23850130305	789.200012207031
2974.30312567438	789.440002441406
2976.36715390829	788.840026855469
2978.43058624273	789.679992675781
2980.49342291553	788.719970703125
2982.55566416439	788.880004882813
2984.61731022691	789.039978027344
2986.67836134051	788.799987792969
2988.73881774255	788.359985351563
2990.79867967021	788.400024414063
2992.85794736058	788.200012207031
2994.9166210506	788.440002441406
2996.97470097711	787.359985351563
2999.03218737679	786.559997558594
3001.08908048622	787.400024414063
3003.14538054186	787.080017089844
3005.20108778002	786.840026855469
3007.25620243691	785.960021972656
3009.3107247486	787.039978027344
3011.36465495104	786.880004882813
3013.41799328004	787.599975585938
3015.47073997133	786.359985351563
3017.52289526045	786.440002441406
3019.57445938288	787.159973144531
3021.62543257393	786.080017089844
3023.6758150688	785.919982910156
3025.72560710258	786.440002441406
3027.77480891021	786.320007324219
3029.82342072652	786.400024414063
3031.87144278622	786.200012207031
3033.91887532389	787.760009765625
3035.96571857399	787.239990234375
3038.01197277084	787.119995117188
3040.05763814867	786.919982910156
3042.10271494154	787.679992675781
3044.14720338344	786.840026855469
3046.19110370818	787.47998046875
3048.2344161495	787.840026855469
3050.27714094097	786.47998046875
3052.31927831608	787.080017089844
3054.36082850816	787.799987792969
3056.40179175044	788.719970703125
3058.44216827602	788.400024414063
3060.48195831786	787.760009765625
3062.52116210884	788.880004882813
3064.55977988167	788.640014648438
3066.59781186897	788.440002441406
3068.63525830322	788.679992675781
3070.67211941678	790.239990234375
3072.7083954419	789.280029296875
3074.7440866107	788.960021972656
3076.77919315516	789.440002441406
3078.81371530716	788.880004882813
3080.84765329846	788.960021972656
3082.88100736068	790.919982910156
3084.91377772534	788.960021972656
3086.94596462381	789.039978027344
3088.97756828737	789.640014648438
3091.00858894714	790.559997558594
3093.03902683417	790.159973144531
3095.06888217933	790.679992675781
3097.09815521342	790.359985351563
3099.12684616709	790.799987792969
3101.15495527087	790.440002441406
3103.18248275518	790.52001953125
3105.20942885031	791.200012207031
3107.23579378642	791.47998046875
3109.26157779358	791.880004882813
3111.28678110171	792.760009765625
3113.31140394062	792.159973144531
3115.33544654	792.719970703125
3117.35890912942	792.880004882813
3119.38179193832	793.159973144531
3121.40409519602	793.840026855469
3123.42581913174	793.599975585938
3125.44696397457	794.080017089844
3127.46752995345	794.159973144531
3129.48751729725	795.200012207031
3131.50692623469	794.320007324219
3133.52575699436	794.440002441406
3135.54400980476	795.239990234375
3137.56168489425	794.679992675781
3139.57878249108	794.47998046875
3141.59530282337	795.320007324219
3143.61124611913	795.400024414063
3145.62661260624	795.719970703125
3147.64140251247	795.039978027344
3149.65561606547	795.119995117188
3151.66925349277	795.239990234375
3153.68231502177	796.52001953125
3155.69480087977	797.799987792969
3157.70671129394	798.320007324219
3159.71804649132	797.440002441406
3161.72880669886	797.799987792969
3163.73899214336	799.239990234375
3165.74860305152	798.640014648438
3167.75763964991	799.919982910156
3169.766102165	799.47998046875
3171.77399082313	798.760009765625
3173.7813058505	800.039978027344
3175.78804747323	799.200012207031
3177.79421591731	798.52001953125
3179.79981140859	799.960021972656
3181.80483417282	800.280029296875
3183.80928443564	798.640014648438
3185.81316242255	800.47998046875
3187.81646835896	800.400024414063
3189.81920247013	801.880004882813
3191.82136498122	801.679992675781
3193.82295611727	802.919982910156
3195.82397610321	802.47998046875
3197.82442516385	802.799987792969
3199.82430352386	803.200012207031
3201.82361140782	803.359985351563
3203.82234904018	803.679992675781
3205.82051664529	804.080017089844
3207.81811444735	802.440002441406
3209.81514267047	803.359985351563
3211.81160153863	804.919982910156
3213.80749127571	803.799987792969
3215.80281210545	804.200012207031
3217.79756425148	803.280029296875
3219.79174793733	803.440002441406
3221.7853633864	804.440002441406
3223.77841082196	803.840026855469
3225.77089046719	804.039978027344
3227.76280254513	802.960021972656
3229.75414727873	805.200012207031
3231.74492489081	805.919982910156
3233.73513560406	805.52001953125
3235.72477964107	805.599975585938
3237.71385722431	804.679992675781
3239.70236857614	806.599975585938
3241.6903139188	805.280029296875
3243.6776934744	804
3245.66450746496	803.880004882813
3247.65075611237	805.239990234375
3249.63643963841	804.359985351563
3251.62155826472	804.440002441406
3253.60611221287	806.320007324219
3255.59010170428	805.960021972656
3257.57352696026	806.640014648438
3259.55638820202	806.320007324219
3261.53868565064	804.47998046875
3263.52041952708	804.440002441406
3265.50159005221	806.719970703125
3267.48219744676	805.239990234375
3269.46224193136	806.559997558594
3271.44172372651	806
3273.42064305262	806.47998046875
3275.39900012996	805.039978027344
3277.3767951787	806.719970703125
3279.35402841889	805.159973144531
3281.33070007047	806.119995117188
3283.30681035326	806.080017089844
3285.28235948698	807.47998046875
3287.25734769121	807.200012207031
3289.23177518544	806
3291.20564218903	805.559997558594
3293.17894892124	805.679992675781
3295.1516956012	805.880004882813
3297.12388244795	804.47998046875
3299.09550968039	806.039978027344
3301.06657751732	806.200012207031
3303.03708617743	806.760009765625
3305.00703587929	806.080017089844
3306.97642684135	805.640014648438
3308.94525928196	806.840026855469
3310.91353341935	805.960021972656
3312.88124947164	805.159973144531
3314.84840765683	805.47998046875
3316.81500819282	805.760009765625
3318.78105129738	807.200012207031
3320.74653718818	805.559997558594
3322.71146608278	805.320007324219
3324.67583819861	804.960021972656
3326.639653753	804.559997558594
3328.60291296317	806.320007324219
3330.56561604621	807.320007324219
3332.52776321913	806.52001953125
3334.4893546988	805.239990234375
3336.45039070198	805.200012207031
3338.41087144533	805.080017089844
3340.37079714539	803.760009765625
3342.33016801859	804.799987792969
3344.28898428124	806.080017089844
3346.24724614955	806.159973144531
3348.20495383962	806.47998046875
3350.16210756742	804.400024414063
3352.11870754883	803.840026855469
3354.07475399961	804.159973144531
3356.03024713539	805.200012207031
3357.98518717173	805.799987792969
3359.93957432403	804.559997558594
3361.89340880761	804.440002441406
3363.84669083768	804.599975585938
3365.79942062933	804.200012207031
3367.75159839753	803.640014648438
3369.70322435715	806
3371.65429872295	807.280029296875
3373.60482170957	804.440002441406
3375.55479353155	806.280029296875
3377.50421440332	805.640014648438
3379.45308453918	805.960021972656
3381.40140415335	807.280029296875
3383.34917345991	804.880004882813
3385.29639267284	804
3387.24306200602	805.47998046875
3389.18918167321	805.559997558594
3391.13475188806	806.159973144531
3393.07977286411	807.119995117188
3395.02424481479	805.440002441406
3396.96816795342	806.799987792969
3398.91154249322	806.559997558594
3400.85436864728	807.039978027344
3402.79664662859	806.960021972656
3404.73837665004	807.719970703125
3406.67955892439	806.919982910156
3408.62019366432	807.280029296875
3410.56028108236	807.840026855469
3412.49982139096	807.960021972656
3414.43881480247	806.880004882813
3416.37726152909	806.760009765625
3418.31516178295	807.080017089844
3420.25251577605	807
3422.18932372029	805.640014648438
3424.12558582746	807.559997558594
3426.06130230922	806.640014648438
3427.99647337717	807.239990234375
3429.93109924274	804.760009765625
3431.8651801173	806.400024414063
3433.79871621209	806.039978027344
3435.73170773824	806
3437.66415490678	806.919982910156
3439.59605792862	807.239990234375
3441.52741701458	807.159973144531
3443.45823237536	805.760009765625
3445.38850422154	806.840026855469
3447.31823276362	806.719970703125
3449.24741821196	805.239990234375
3451.17606077684	805.919982910156
3453.10416066842	805.599975585938
3455.03171809674	805.840026855469
3456.95873327175	806.080017089844
3458.88520640329	805.679992675781
3460.81113770109	805.640014648438
3462.73652737477	804.960021972656
3464.66137563383	804.200012207031
3466.58568268769	804.320007324219
3468.50944874565	803.47998046875
3470.43267401689	803.039978027344
3472.3553587105	802.559997558594
3474.27750303545	802.679992675781
3476.19910720062	803.320007324219
3478.12017141476	804.320007324219
3480.04069588654	802.280029296875
3481.9606808245	804.359985351563
3483.88012643707	804.039978027344
3485.79903293259	803.640014648438
3487.7174005193	801.960021972656
3489.63522940532	800.919982910156
3491.55251979864	800.640014648438
3493.46927190719	801.039978027344
3495.38548593877	800.039978027344
3497.30116210107	800.440002441406
3499.21630060167	800
3501.13090164807	800.239990234375
3503.04496544763	799.880004882813
3504.95849220763	799.119995117188
3506.87148213523	798.239990234375
3508.78393543748	799.200012207031
3510.69585232134	798.200012207031
3512.60723299365	797.919982910156
3514.51807766116	798.799987792969
3516.42838653049	798.599975585938
3518.33815980819	798.039978027344
3520.24739770066	797.799987792969
3522.15610041423	796.159973144531
3524.06426815511	797.719970703125
3525.9719011294	797.47998046875
3527.87899954311	797.159973144531
3529.78556360213	796.880004882813
3531.69159351225	796.559997558594
3533.59708947916	795.640014648438
3535.50205170844	795.799987792969
3537.40648040556	795.640014648438
3539.3103757759	794.47998046875
3541.21373802472	793.47998046875
3543.11656735717	793.400024414063
3545.01886397833	794.320007324219
3546.92062809313	792.640014648438
3548.82185990643	792.080017089844
3550.72255962297	793.880004882813
3552.62272744738	794.47998046875
3554.5223635842	793.559997558594
3556.42146823786	793.400024414063
3558.32004161268	792.799987792969
3560.21808391289	793.039978027344
3562.11559534259	792.119995117188
3564.01257610581	792.760009765625
3565.90902640645	791.960021972656
3567.80494644831	793.760009765625
3569.7003364351	792.640014648438
3571.59519657042	791.039978027344
3573.48952705774	792
3575.38332810048	792.799987792969
3577.27659990191	791.840026855469
3579.16934266521	791.880004882813
3581.06155659346	791.039978027344
3582.95324188965	790.719970703125
3584.84439875663	789.679992675781
3586.73502739718	789.52001953125
3588.62512801397	790.039978027344
3590.51470080955	791.239990234375
3592.40374598639	790.840026855469
3594.29226374685	789.559997558594
3596.18025429317	789.719970703125
3598.06771782751	788.919982910156
3599.95465455192	788.760009765625
3601.84106466834	788.119995117188
3603.72694837861	788.280029296875
3605.61230588447	788.159973144531
3607.49713738756	788.52001953125
3609.38144308942	789.080017089844
3611.26522319148	789.280029296875
3613.14847789506	788.239990234375
3615.0312074014	787.640014648438
3616.91341191162	788.159973144531
3618.79509162674	787.640014648438
3620.67624674769	786.840026855469
3622.55687747528	788.159973144531
3624.43698401024	787.679992675781
3626.31656655317	788
3628.1956253046	787.679992675781
3630.07416046492	786.880004882813
3631.95217223446	786.280029296875
3633.82966081342	786.280029296875
3635.70662640191	785.960021972656
3637.58306919993	786.080017089844
3639.45898940739	785.640014648438
3641.33438722409	786.080017089844
3643.20926284973	785.840026855469
3645.08361648392	784.760009765625
3646.95744832614	784.960021972656
3648.8307585758	784.679992675781
3650.7035474322	785
3652.57581509452	784.840026855469
3654.44756176188	785.119995117188
3656.31878763324	784.719970703125
3658.18949290753	785.47998046875
3660.05967778352	785.080017089844
3661.9293424599	784.559997558594
3663.79848713527	784.280029296875
3665.66711200812	784.320007324219
3667.53521727684	784.159973144531
3669.40280313972	784.159973144531
3671.26986979494	783.799987792969
3673.13641744059	783.760009765625
3675.00244627468	783
