-140.373595351881	779
-137.335129063906	778.960021972656
-134.297686810867	778.599975585938
-131.261268103955	779.039978027344
-128.225872454677	778.840026855469
-125.191499374839	779.359985351563
-122.158148376567	778.960021972656
-119.125818972292	779.119995117188
-116.094510674759	778.400024414063
-113.064222997021	778.799987792969
-110.034955452443	778.599975585938
-107.006707554687	778.640014648438
-103.979478817741	778.760009765625
-100.95326875589	779.239990234375
-97.928076883731	779.159973144531
-94.9039027161698	779.200012207031
-91.8807457684175	778.919982910156
-88.8586055560018	778.47998046875
-85.8374815947384	779.080017089844
-82.8173734007715	778.880004882813
-79.7982804905411	778.760009765625
-76.7802023807988	778.640014648438
-73.7631385885914	778.760009765625
-70.7470886312892	778.919982910156
-67.732052026553	778.919982910156
-64.7180282923587	779
-61.7050169469884	778.760009765625
-58.6930175090183	779.039978027344
-55.6820294973386	778.559997558594
-52.6720524311495	779
-49.66308582994	779.080017089844
-46.6551292135171	779.239990234375
-43.6481821019882	778.799987792969
-40.6422440157577	778.760009765625
-37.6373144755424	779
-34.6333930023594	779
-31.630479117526	779.239990234375
-28.6285723426709	779.559997558594
-25.6276721997107	779.440002441406
-22.6277782108771	779.559997558594
-19.628889898701	779.400024414063
-16.6310067860081	781.719970703125
-13.6341283959385	788.880004882813
-10.6382542519231	832.359985351563
-7.64338387769432	952.080017089844
-4.64951679729502	1024.88000488281
-1.65665253506141	966.359985351563
1.33520938438089	841.919982910156
4.32606943608095	785.159973144531
7.315928094803	779.119995117188
10.3047858350146	779.080017089844
13.2926431308747	779.159973144531
16.2795004562541	778.679992675781
19.2653582847118	778.960021972656
22.2502170895187	779.159973144531
25.2340773436344	778.52001953125
28.216939519735	778.47998046875
31.1988040901939	778.760009765625
34.1796715270814	778.47998046875
37.1595423021732	778.320007324219
40.1384168869468	778.640014648438
43.1162957525854	778.799987792969
46.0931793699786	778.760009765625
49.0690682097059	778.440002441406
52.0439627420619	778.799987792969
55.0178634370476	778.919982910156
57.9907707643592	778.960021972656
60.9626851933962	778.559997558594
63.9336071932735	778.359985351563
66.9035372328018	778.679992675781
69.8724757804959	778.919982910156
72.8404233045826	778.679992675781
75.8073802729932	779.119995117188
78.7733471533597	778.559997558594
81.738324413019	778.840026855469
84.702312519025	778.719970703125
87.665311938125	778.719970703125
90.6273231367761	778.799987792969
93.5883465811569	778.400024414063
96.5483827371242	778.760009765625
99.5074320702731	778.640014648438
102.465495045889	778.719970703125
105.422572128961	779.080017089844
108.378663784199	778.719970703125
111.333770476014	778.880004882813
114.287892668528	779.119995117188
117.24103082557	779.239990234375
120.193185410674	779.280029296875
123.144356887097	779.599975585938
126.094545717786	779.960021972656
129.043752365413	780.239990234375
131.991977292355	780.840026855469
134.939220960695	781.280029296875
137.885483832232	782.080017089844
140.83076636847	782.559997558594
143.775069030632	783.039978027344
146.718392279644	783.799987792969
149.660736576149	784.159973144531
152.602102380488	785.239990234375
155.54249015274	786.080017089844
158.481900352672	787.47998046875
161.420333439765	789.239990234375
164.357789873227	789.559997558594
167.294270111968	791
170.229774614617	791.760009765625
173.164303839496	792.320007324219
176.097858244675	794.640014648438
179.030438287908	793.960021972656
181.962044426678	796.880004882813
184.89267711817	797.679992675781
187.822336819302	798.359985351563
190.751023986678	798.119995117188
193.678739076648	799.599975585938
196.605482545255	799.359985351563
199.531254848261	800.320007324219
202.456056441152	799.119995117188
205.379887779119	799.359985351563
208.30274931708	799.440002441406
211.224641509656	800.280029296875
214.145564811189	799.400024414063
217.06551967574	798.760009765625
219.984506557089	799.239990234375
222.902525908723	798.52001953125
225.819578183856	798.080017089844
228.735663835415	798.280029296875
231.650783316047	799.359985351563
234.564937078107	799.119995117188
237.478125573679	798.799987792969
240.390349254566	799.960021972656
243.301608572278	799.559997558594
246.211903978051	799.880004882813
249.121235922839	801.080017089844
252.029604857321	802.200012207031
254.93701123188	802.679992675781
257.843455496632	803.159973144531
260.748938101415	803.039978027344
263.653459495766	805.119995117188
266.557020128967	806.080017089844
269.459620450005	805.039978027344
272.361260907595	806.280029296875
275.261941950168	805.599975585938
278.161664025874	805.880004882813
281.060427582592	805.200012207031
283.958233067921	805.200012207031
286.855080929176	806.760009765625
289.750971613398	804.440002441406
292.645905567344	805.039978027344
295.539883237503	804.52001953125
298.432905070079	804.799987792969
301.324971511007	805.719970703125
304.216083005931	807.760009765625
307.10624000023	811.320007324219
309.995442939003	818.359985351563
312.883692267071	831.440002441406
315.770988428979	850.880004882813
318.657331869	863.640014648438
321.542723031127	859.280029296875
324.427162359076	844.640014648438
327.310650296293	827.039978027344
330.193187285945	816.599975585938
333.074773770929	810.760009765625
335.955410193855	806.440002441406
338.835096997075	804.559997558594
341.713834622655	803.400024414063
344.59162351239	802.280029296875
347.468464107802	801.320007324219
350.344356850137	800.840026855469
353.219302180373	798.919982910156
356.093300539208	799.440002441406
358.966352367073	800.400024414063
361.838458104123	799.799987792969
364.70961819024	799.640014648438
367.579833065031	800.559997558594
370.449103167837	798.880004882813
373.317428937727	799
376.184810813496	799.280029296875
379.051249233659	799.159973144531
381.916744636474	799.159973144531
384.78129745992	799.320007324219
387.644908141706	798.559997558594
390.50757711927	799.039978027344
393.36930482978	799.119995117188
396.23009171014	798.599975585938
399.089938196969	799.280029296875
401.948844726631	799.239990234375
404.806811735214	798.880004882813
407.66383965853	799.119995117188
410.519928932138	799.760009765625
413.375079991314	799.200012207031
416.229293271071	798.320007324219
419.082569206155	797.599975585938
421.934908231031	797.640014648438
424.786310779917	798.559997558594
427.636777286748	798.599975585938
430.486308185189	799.119995117188
433.334903908649	799.47998046875
436.182564890262	799.200012207031
439.029291562898	799
441.875084359157	799
444.719943711374	799.039978027344
447.563870051618	797.280029296875
450.406863811695	797.320007324219
453.248925423132	798.119995117188
456.090055317208	798.47998046875
458.93025392492	799.320007324219
461.76952167701	798.280029296875
464.60785900395	798.880004882813
467.44526633595	798.119995117188
470.281744102955	798.280029296875
473.117292734635	796.200012207031
475.951912660415	797.760009765625
478.785604309439	798.359985351563
481.618368110592	797.080017089844
484.450204492499	797.799987792969
487.281113883518	797.719970703125
490.111096711738	797.200012207031
492.940153404999	798.280029296875
495.768284390864	798.47998046875
498.595490096635	798
501.421770949366	798
504.247127375825	798
507.071559802537	798.159973144531
509.89506865575	796.880004882813
512.717654361473	797.559997558594
515.539317345424	798.440002441406
518.360058033083	798.679992675781
521.179876849652	798.440002441406
523.998774220083	798.200012207031
526.816750569068	797.960021972656
529.633806321025	797.239990234375
532.44994190013	796.880004882813
535.265157730284	798.400024414063
538.079454235133	798.039978027344
540.892831838066	798.840026855469
543.705290962208	797.119995117188
546.516832030424	797.159973144531
549.32745546533	797.119995117188
552.137161689268	797.280029296875
554.945951124325	797.400024414063
557.753824192341	797
560.560781314883	797.52001953125
563.36682291327	797.52001953125
566.171949408555	797.280029296875
568.976161221537	797.039978027344
571.779458772759	796.840026855469
574.5818424825	796.159973144531
577.383312770792	797.559997558594
580.183870057402	796.320007324219
582.983514761843	797.239990234375
585.782247303363	796.159973144531
588.580068100976	796.599975585938
591.376977573414	795.719970703125
594.172976139164	796.599975585938
596.968064216463	796.239990234375
599.762242223282	795.47998046875
602.555510577335	795.159973144531
605.347869696099	795.52001953125
608.139319996771	795.200012207031
610.929861896313	795.400024414063
613.719495811421	794.719970703125
616.508222158541	796.559997558594
619.296041353863	796.559997558594
622.082953813324	795.840026855469
624.868959952607	795.239990234375
627.654060187137	795.919982910156
630.438254932094	795.47998046875
633.221544602397	795.280029296875
636.003929612719	795.640014648438
638.785410377468	796.320007324219
641.565987310814	795.640014648438
644.345660826665	795.799987792969
647.124431338674	796.359985351563
649.902299260252	796
652.679265004552	796.200012207031
655.455328984475	795.159973144531
658.230491612671	796
661.004753301541	796.159973144531
663.778114463229	796.440002441406
666.550575509631	796.080017089844
669.322136852395	796.719970703125
672.092798902916	795.52001953125
674.862562072336	796.159973144531
677.631426771548	796.080017089844
680.399393411204	796.239990234375
683.166462401689	796.119995117188
685.93263415315	796.159973144531
688.697909075486	796
691.462287578337	794.760009765625
694.225770071098	794.320007324219
696.988356962926	794.640014648438
699.750048662705	795.440002441406
702.5108455791	793.760009765625
705.270748120503	794.080017089844
708.029756695068	794.080017089844
710.787871710705	795.799987792969
713.545093575065	795.799987792969
716.301422695566	795.599975585938
719.056859479364	796.159973144531
721.811404333376	797.359985351563
724.56505766427	797.039978027344
727.317819878473	795.400024414063
730.069691382148	794.960021972656
732.820672581226	795.760009765625
735.570763881396	795.280029296875
738.319965688092	796
741.068278406496	794.760009765625
743.815702441559	795.840026855469
746.562238197974	795.919982910156
749.307886080196	795.239990234375
752.052646492436	797.119995117188
754.796519838656	796.840026855469
757.539506522567	797.599975585938
760.28160694765	795.880004882813
763.022821517128	796.719970703125
765.76315063399	796.039978027344
768.502594700972	795.719970703125
771.241154120572	796.280029296875
773.978829295045	796.919982910156
776.715620626397	797
779.451528516396	799.880004882813
782.186553366565	798.47998046875
784.920695578179	797.880004882813
787.653955552283	798
790.386333689662	797.200012207031
793.117830390877	796.200012207031
795.848446056227	795.799987792969
798.578181085792	795.640014648438
801.307035879389	796.159973144531
804.035010836599	796.280029296875
806.762106356774	795.840026855469
809.488322839013	795.440002441406
812.213660682169	796.719970703125
814.938120284866	795.799987792969
817.661702045482	795.400024414063
820.384406362153	795.47998046875
823.10623363278	795.320007324219
825.827184255014	795.799987792969
828.547258626283	796.039978027344
831.266457143747	795.760009765625
833.984780204358	795.239990234375
836.702228204804	795.559997558594
839.418801541552	795.559997558594
842.134500610814	795.960021972656
844.849325808575	795.919982910156
847.563277530579	795.799987792969
850.276356172319	796.640014648438
852.988562129066	797.440002441406
855.69989579585	796.320007324219
858.410357567456	796.200012207031
861.119947838428	796.52001953125
863.828667003087	794.919982910156
866.536515455503	794.47998046875
869.243493589517	794.159973144531
871.949601798728	794.599975585938
874.654840476504	794.400024414063
877.359210015961	795.640014648438
880.062710810003	794.200012207031
882.765343251273	795.880004882813
885.467107732191	796.280029296875
888.168004644938	795.039978027344
890.868034381467	794.599975585938
893.567197333476	795.47998046875
896.265493892445	795.679992675781
898.962924449614	796
901.659489395985	795.799987792969
904.355189122325	795.47998046875
907.050024019165	795.559997558594
909.743994476809	795.239990234375
912.437100885322	794.919982910156
915.129343634532	794.280029296875
917.820723114032	794.119995117188
920.511239713189	794.760009765625
923.200893821127	796
925.889685826744	795
928.577616118699	796.760009765625
931.264685085419	794.880004882813
933.950893115098	796.599975585938
936.6362405957	796.280029296875
939.320727914956	795.440002441406
942.004355460359	796.039978027344
944.687123619173	796.559997558594
947.369032778431	795.960021972656
950.050083324934	795.320007324219
952.730275645247	795
955.409610125711	796.200012207031
958.088087152423	796.239990234375
960.765707111263	796.080017089844
963.442470387871	795.47998046875
966.118377367657	794.159973144531
968.793428435798	795.960021972656
971.467623977254	794.919982910156
974.140964376739	795.719970703125
976.813450018737	795.799987792969
979.485081287511	795.280029296875
982.155858567087	795.440002441406
984.825782241271	795.320007324219
987.494852693624	795.880004882813
990.163070307487	796
992.830435465978	795.719970703125
995.496948551973	796.719970703125
998.162609948122	798.039978027344
1000.82742003685	801.280029296875
1003.49137920036	800.400024414063
1006.15448782061	800.239990234375
1008.81674627934	797.039978027344
1011.47815495806	794.559997558594
1014.13871423805	794.640014648438
1016.79842450037	794.400024414063
1019.45728612586	793.719970703125
1022.11529949509	793.359985351563
1024.77246498846	794.599975585938
1027.4287829861	795.080017089844
1030.08425386792	795.47998046875
1032.73887801363	795.200012207031
1035.3926558027	795.239990234375
1038.04558761435	795.239990234375
1040.69767382761	793.919982910156
1043.34891482125	793.760009765625
1045.99931097384	794.679992675781
1048.64886266371	795.159973144531
1051.29757026898	794.080017089844
1053.94543416753	794.840026855469
1056.59245473701	793.960021972656
1059.23863235486	795.400024414063
1061.8839673983	795.52001953125
1064.5284602443	794.880004882813
1067.17211126962	795.640014648438
1069.8149208508	794.640014648438
1072.45688936415	794.760009765625
1075.09801718577	796.640014648438
1077.7383046915	795.559997558594
1080.377752257	795.840026855469
1083.01636025767	796.359985351563
1085.65412906872	796.280029296875
1088.2910590651	795.599975585938
1090.92715062157	796.320007324219
1093.56240411266	795.760009765625
1096.19681991265	797.640014648438
1098.83039839564	796.359985351563
1101.46313993547	795.719970703125
1104.09504490579	796.159973144531
1106.72611368	795.039978027344
1109.35634663129	794.159973144531
1111.98574413263	793.559997558594
1114.61430655677	793.52001953125
1117.24203427624	793.679992675781
1119.86892766333	792.840026855469
1122.49498709014	795.080017089844
1125.12021292851	795.119995117188
1127.74460555011	795
1130.36816532634	793
1132.99089262841	792.919982910156
1135.6127878273	792.119995117188
1138.23385129376	792.159973144531
1140.85408339834	791.239990234375
1143.47348451137	791.880004882813
1146.09205500294	791.760009765625
1148.70979524293	791.799987792969
1151.326705601	791.799987792969
1153.9427864466	792.400024414063
1156.55803814896	792.320007324219
1159.17246107707	791.880004882813
1161.78605559974	792.559997558594
1164.39882208551	792.080017089844
1167.01076090276	792.599975585938
1169.6218724196	792.880004882813
1172.23215700396	793.359985351563
1174.84161502352	793.760009765625
1177.45024684578	793
1180.05805283799	792.840026855469
1182.66503336719	792.919982910156
1185.27118880021	793.119995117188
1187.87651950367	792.400024414063
1190.48102584395	792.440002441406
1193.08470818723	792.919982910156
1195.68756689948	793.039978027344
1198.28960234643	794.640014648438
1200.89081489363	793.239990234375
1203.49120490636	794.640014648438
1206.09077274974	796.559997558594
1208.68951878864	795.599975585938
1211.28744338773	796.200012207031
1213.88454691145	795
1216.48082972404	794.919982910156
1219.07629218953	795.47998046875
1221.6709346717	796.320007324219
1224.26475753416	797
1226.85776114028	798.080017089844
1229.44994585322	797.640014648438
1232.04131203592	797.760009765625
1234.63186005112	799.440002441406
1237.22159026133	800.599975585938
1239.81050302886	801.200012207031
1242.3985987158	800.919982910156
1244.98587768402	801.840026855469
1247.5723402952	800.440002441406
1250.15798691078	801.159973144531
1252.74281789199	799.919982910156
1255.32683359987	801.239990234375
1257.91003439523	801.239990234375
1260.49242063865	801.119995117188
1263.07399269055	799.599975585938
1265.65475091108	799.159973144531
1268.23469566021	798.280029296875
1270.81382729769	798.880004882813
1273.39214618306	798.559997558594
1275.96965267566	798.679992675781
1278.54634713458	798.719970703125
1281.12222991875	798.400024414063
1283.69730138685	798.320007324219
1286.27156189737	798.400024414063
1288.84501180858	799.359985351563
1291.41765147853	798.640014648438
1293.98948126509	799.440002441406
1296.56050152589	799.159973144531
1299.13071261837	800.919982910156
1301.70011489973	800.47998046875
1304.268708727	799.559997558594
1306.83649445698	800.719970703125
1309.40347244625	801.159973144531
1311.96964305119	802.320007324219
1314.53500662799	801.760009765625
1317.0995635326	802.919982910156
1319.66331412077	801.960021972656
1322.22625874806	800.840026855469
1324.7883977698	799.320007324219
1327.34973154112	800.039978027344
1329.91026041694	800
1332.46998475197	800.239990234375
1335.0289049007	800
1337.58702121746	800.840026855469
1340.14433405631	800.47998046875
1342.70084377115	800.200012207031
1345.25655071563	800
1347.81145524323	798.119995117188
1350.36555770721	797.119995117188
1352.91885846062	796.599975585938
1355.47135785631	796.159973144531
1358.02305624691	795
1360.57395398486	794.400024414063
1363.12405142237	794.840026855469
1365.67334891148	795.640014648438
1368.22184680399	794.760009765625
1370.76954545151	794.359985351563
1373.31644520545	794.359985351563
1375.86254641699	794.119995117188
1378.40784943713	793.760009765625
1380.95235461666	793.320007324219
1383.49606230615	793.320007324219
1386.03897285598	793.760009765625
1388.58108661632	793.440002441406
1391.12240393713	794.440002441406
1393.66292516818	793.880004882813
1396.20265065903	793.159973144531
1398.74158075901	793.52001953125
1401.2797158173	793.440002441406
1403.81705618282	794.719970703125
1406.35360220431	795.320007324219
1408.88935423032	794.080017089844
1411.42431260919	793.359985351563
1413.95847768903	793.239990234375
1416.49184981777	794.840026855469
1419.02442934314	794.440002441406
1421.55621661266	794.239990234375
1424.08721197364	793.919982910156
1426.61741577321	793.919982910156
1429.14682835828	794.640014648438
1431.67545007555	794.799987792969
1434.20328127153	795.159973144531
1436.73032229253	797.119995117188
1439.25657348466	798.640014648438
1441.78203519381	799.400024414063
1444.3067077657	801.919982910156
1446.83059154581	801.200012207031
1449.35368687944	801.960021972656
1451.8759941117	801.039978027344
1454.39751358748	800.840026855469
1456.91824565148	799.359985351563
1459.43819064818	799.47998046875
1461.95734892189	798.960021972656
1464.4757208167	798.320007324219
1466.99330667649	797.159973144531
1469.51010684497	796.559997558594
1472.02612166564	795.719970703125
1474.54135148177	795.080017089844
1477.05579663646	796.280029296875
1479.56945747262	795.280029296875
1482.08233433293	793.599975585938
1484.59442755989	794.679992675781
1487.10573749579	793.47998046875
1489.61626448275	791.640014648438
1492.12600886264	791.840026855469
1494.63497097718	790.47998046875
1497.14315116786	790.440002441406
1499.65054977599	789.320007324219
1502.15716714267	789.080017089844
1504.66300360881	787.559997558594
1507.16805951512	788.239990234375
1509.67233520211	788.440002441406
1512.1758310101	787.840026855469
1514.67854727919	788.239990234375
1517.18048434931	788.640014648438
1519.68164256018	787.799987792969
1522.18202225132	787.359985351563
1524.68162376207	788.960021972656
1527.18044743155	788.640014648438
1529.67849359869	788.52001953125
1532.17576260224	788.119995117188
1534.67225478072	788.960021972656
1537.1679704725	788.52001953125
1539.66291001572	788.960021972656
1542.15707374832	788.159973144531
1544.65046200807	789.400024414063
1547.14307513254	788.640014648438
1549.63491345907	789.400024414063
1552.12597732485	790.559997558594
1554.61626706685	790.119995117188
1557.10578302185	790.400024414063
1559.59452552644	790.400024414063
1562.082494917	790.440002441406
1564.56969152973	791.599975585938
1567.05611570064	793.320007324219
1569.54176776552	793.679992675781
1572.02664806	793.719970703125
1574.51075691949	793.400024414063
1576.99409467921	792.919982910156
1579.4766616742	794.159973144531
1581.95845823929	793.400024414063
1584.43948470912	793.919982910156
1586.91974141815	793.239990234375
1589.39922870064	793.880004882813
1591.87794689064	792.599975585938
1594.35589632202	793.320007324219
1596.83307732848	793.239990234375
1599.30949024348	793.880004882813
1601.78513540033	794.400024414063
1604.26001313211	794.760009765625
1606.73412377175	795.200012207031
1609.20746765196	796.320007324219
1611.68004510526	795.359985351563
1614.15185646398	796.119995117188
1616.62290206026	795.559997558594
1619.09318222605	796.320007324219
1621.56269729311	795.719970703125
1624.031447593	795.400024414063
1626.4994334571	796.679992675781
1628.9666552166	797.280029296875
1631.43311320248	797.440002441406
1633.89880774554	796.840026855469
1636.3637391764	797.52001953125
1638.82790782548	797.599975585938
1641.29131402301	798.320007324219
1643.75395809903	800.239990234375
1646.21584038339	800.640014648438
1648.67696120575	802.039978027344
1651.13732089558	802.039978027344
1653.59691978216	802.280029296875
1656.05575819459	802.159973144531
1658.51383646175	803.039978027344
1660.97115491238	802.559997558594
1663.42771387498	802.440002441406
1665.8835136779	801.359985351563
1668.33855464928	800.400024414063
1670.79283711708	799.760009765625
1673.24636140907	799.840026855469
1675.69912785282	798.52001953125
1678.15113677572	797.719970703125
1680.602388505	794.799987792969
1683.05288336764	795.599975585938
1685.50262169049	795.440002441406
1687.95160380019	793.200012207031
1690.39983002318	793.080017089844
1692.84730068573	792.080017089844
1695.29401611392	791.679992675781
1697.73997663364	791.119995117188
1700.18518257059	788.840026855469
1702.6296342503	787.359985351563
1705.07333199807	787.960021972656
1707.51627613907	786.919982910156
1709.95846699824	786.919982910156
1712.39990490036	786.200012207031
1714.84059017001	786.080017089844
1717.28052313159	785.880004882813
1719.7197041093	786.080017089844
1722.15813342718	785.719970703125
1724.59581140906	785.47998046875
1727.03273837859	785.200012207031
1729.46891465926	784.359985351563
1731.90434057432	784.440002441406
1734.3390164469	784.640014648438
1736.7729425999	784.119995117188
1739.20611935604	784.47998046875
1741.63854703787	783.960021972656
1744.07022596776	783.960021972656
1746.50115646787	783.679992675781
1748.93133886019	783.719970703125
1751.36077346652	784.039978027344
1753.7894606085	783.239990234375
1756.21740060755	782.760009765625
1758.64459378494	784.119995117188
1761.07104046172	783.640014648438
1763.49674095879	783.280029296875
1765.92169559684	783.280029296875
1768.3459046964	783.440002441406
1770.7693685778	782.840026855469
1773.1920875612	782.880004882813
1775.61406196656	782.840026855469
1778.03529211367	783.159973144531
1780.45577832214	782.47998046875
1782.87552091138	782.760009765625
1785.29452020064	783.159973144531
1787.71277650897	782.640014648438
1790.13029015525	783.200012207031
1792.54706145817	783.159973144531
1794.96309073625	783
1797.3783783078	783.119995117188
1799.79292449097	782.799987792969
1802.20672960375	782.840026855469
1804.61979396389	782.919982910156
1807.03211788902	782.760009765625
1809.44370169655	782.960021972656
1811.85454570373	783.239990234375
1814.2646502276	782.880004882813
1816.67401558506	782.799987792969
1819.0826420928	782.599975585938
1821.49053006734	782.679992675781
1823.89767982501	782.599975585938
1826.30409168198	782.039978027344
1828.70976595422	782.47998046875
1831.11470295753	782.52001953125
1833.51890300752	782.239990234375
1835.92236641964	781.919982910156
1838.32509350914	782.679992675781
1840.72708459111	782.919982910156
1843.12833998044	782.47998046875
1845.52885999184	782.159973144531
1847.92864493987	782.359985351563
1850.32769513889	783.159973144531
1852.72601090307	782.679992675781
1855.12359254642	782.559997558594
1857.52044038278	782.640014648438
1859.91655472578	782.280029296875
1862.31193588889	782.52001953125
1864.70658418542	782.280029296875
1867.10049992847	782.799987792969
1869.49368343096	783.47998046875
1871.88613500568	782.359985351563
1874.27785496518	781.880004882813
1876.66884362188	782.080017089844
1879.059101288	782.52001953125
1881.44862827559	782.280029296875
1883.8374248965	782.320007324219
1886.22549146246	782.799987792969
1888.61282828495	782.159973144531
1890.99943567534	782.119995117188
1893.38531394477	782.640014648438
1895.77046340424	782.320007324219
1898.15488436455	782.239990234375
1900.53857713634	782.719970703125
1902.92154203006	782.52001953125
1905.303779356	782.559997558594
1907.68528942426	782.679992675781
1910.06607254477	781.960021972656
1912.44612902729	782.719970703125
1914.82545918139	782.719970703125
1917.20406331648	783.159973144531
1919.58194174178	782.47998046875
1921.95909476634	781.840026855469
1924.33552269905	782.719970703125
1926.71122584861	782.679992675781
1929.08620452353	782.760009765625
1931.46045903219	782.679992675781
1933.83398968275	782.080017089844
1936.20679678322	782.200012207031
1938.57888064142	782.679992675781
1940.95024156502	782.679992675781
1943.3208798615	782.760009765625
1945.69079583816	782.840026855469
1948.05998980213	782.119995117188
1950.42846206038	782.760009765625
1952.79621291969	782.640014648438
1955.16324268668	782.159973144531
1957.52955166778	782.880004882813
1959.89514016927	782.52001953125
1962.26000849723	782.239990234375
1964.62415695759	783.039978027344
1966.98758585609	783.280029296875
1969.3502954983	782.799987792969
1971.71228618964	783
1974.07355823532	782.640014648438
1976.43411194042	783.440002441406
1978.79394760981	782.640014648438
1981.1530655482	782.599975585938
1983.51146606014	782.719970703125
1985.86914944999	783.039978027344
1988.22611602196	783.320007324219
1990.58236608007	783.080017089844
1992.93789992817	783.039978027344
1995.29271786995	782.47998046875
1997.64682020892	782.640014648438
2000.00020724843	783
2002.35287929162	782.880004882813
2004.70483664152	783.200012207031
2007.05607960095	782.919982910156
2009.40660847256	783.119995117188
2011.75642355884	782.640014648438
2014.1055251621	782.679992675781
2016.4539135845	783.440002441406
2018.80158912802	783.239990234375
2021.14855209444	783.320007324219
2023.49480278542	782.799987792969
2025.84034150242	783.52001953125
2028.18516854673	783.200012207031
2030.52928421948	783.200012207031
2032.87268882163	783.039978027344
2035.21538265398	783.960021972656
2037.55736601713	783.400024414063
2039.89863921153	783.47998046875
2042.23920253747	783.599975585938
2044.57905629506	783.719970703125
2046.91820078425	782.52001953125
2049.2566363048	783.080017089844
2051.59436315633	783.52001953125
2053.93138163827	783
2056.2676920499	783.119995117188
2058.6032946903	783.280029296875
2060.93818985843	783.719970703125
2063.27237785303	783.52001953125
2065.60585897272	783.719970703125
2067.93863351592	783.919982910156
2070.27070178089	783.559997558594
2072.60206406574	783.599975585938
2074.93272066838	783.679992675781
2077.26267188658	783.039978027344
2079.59191801793	783.400024414063
2081.92045935985	783.400024414063
2084.24829620962	783.919982910156
2086.57542886431	784
2088.90185762087	783.400024414063
2091.22758277604	783.280029296875
2093.55260462643	783.919982910156
2095.87692346845	783.119995117188
2098.20053959837	783.840026855469
2100.52345331229	783.760009765625
2102.84566490614	783.159973144531
2105.16717467567	783.880004882813
2107.48798291649	783.960021972656
2109.80808992403	783.559997558594
2112.12749599355	783.679992675781
2114.44620142016	783.719970703125
2116.7642064988	783.119995117188
2119.08151152423	783.400024414063
2121.39811679106	783.919982910156
2123.71402259374	783.559997558594
2126.02922922653	784.52001953125
2128.34373698356	783.599975585938
2130.65754615876	783.52001953125
2132.97065704594	783.880004882813
2135.28306993869	784.52001953125
2137.59478513047	784.359985351563
2139.90580291459	783.960021972656
2142.21612358416	783.880004882813
2144.52574743214	784.239990234375
2146.83467475134	783.280029296875
2149.1429058344	783.47998046875
2151.45044097377	784.52001953125
2153.75728046178	784.080017089844
2156.06342459057	783.799987792969
2158.36887365212	783.760009765625
2160.67362793825	783.960021972656
2162.97768774061	783.599975585938
2165.28105335071	783.599975585938
2167.58372505987	783.719970703125
2169.88570315926	783.840026855469
2172.18698793988	783.239990234375
2174.48757969258	783.359985351563
2176.78747870805	784.320007324219
2179.08668527679	783.599975585938
2181.38519968917	783.559997558594
2183.68302223538	783.719970703125
2185.98015320547	783.840026855469
2188.27659288929	783.719970703125
2190.57234157656	783.119995117188
2192.86739955682	782.960021972656
2195.16176711948	783.039978027344
2197.45544455375	782.919982910156
2199.74843214869	783.52001953125
2202.04073019322	783
2204.33233897607	783.039978027344
2206.62325878583	782.919982910156
2208.91348991093	783.119995117188
2211.20303263961	782.840026855469
2213.49188726	783.080017089844
2215.78005406001	783.47998046875
2218.06753332744	783.52001953125
2220.35432534991	783.47998046875
2222.64043041487	783.47998046875
2224.92584880964	783.320007324219
2227.21058082134	783.080017089844
2229.49462673696	782.919982910156
2231.77798684332	783.200012207031
2234.06066142709	783.039978027344
2236.34265077477	782.799987792969
2238.62395517269	782.599975585938
2240.90457490706	783
2243.18451026388	781.960021972656
2245.46376152904	783.039978027344
2247.74232898823	783.320007324219
2250.02021292701	783.200012207031
2252.29741363077	783.080017089844
2254.57393138475	783
2256.849766474	782.799987792969
2259.12491918346	782.760009765625
2261.39938979788	782.960021972656
2263.67317860185	783.080017089844
2265.94628587983	782.440002441406
2268.2187119161	782.080017089844
2270.49045699478	782.47998046875
2272.76152139985	782.599975585938
2275.03190541511	782.960021972656
2277.30160932421	782.719970703125
2279.57063341067	782.359985351563
2281.83897795781	782.159973144531
2284.10664324882	782.559997558594
2286.37362956672	782.239990234375
2288.63993719439	782.679992675781
2290.90556641454	782.320007324219
2293.17051750973	782.440002441406
2295.43479076235	782.400024414063
2297.69838645465	782.559997558594
2299.96130486871	782.52001953125
2302.22354628647	782.599975585938
2304.48511098971	782.840026855469
2306.74599926003	782.52001953125
2309.00621137891	782.599975585938
2311.26574762765	782.159973144531
2313.52460828741	781.919982910156
2315.78279363917	782.400024414063
2318.04030396379	782.919982910156
2320.29713954195	781.640014648438
2322.55330065418	782.640014648438
2324.80878758085	782.679992675781
2327.06360060219	782.239990234375
2329.31773999826	782.200012207031
2331.57120604897	782.359985351563
2333.82399903409	782.52001953125
2336.0761192332	782.159973144531
2338.32756692577	782.359985351563
2340.57834239108	782.239990234375
2342.82844590827	782.52001953125
2345.07787775633	782.47998046875
2347.32663821409	782.080017089844
2349.57472756023	782.559997558594
2351.82214607327	781.719970703125
2354.06889403158	782.039978027344
2356.31497171337	782.47998046875
2358.56037939672	782.039978027344
2360.80511735953	781.799987792969
2363.04918587955	782.239990234375
2365.29258523439	782.359985351563
2367.5353157015	782.280029296875
2369.77737755817	781.880004882813
2372.01877108156	782.440002441406
2374.25949654865	782.200012207031
2376.49955423629	781.840026855469
2378.73894442115	782.280029296875
2380.97766737977	782.280029296875
2383.21572338855	782.440002441406
2385.45311272369	782.400024414063
2387.68983566129	782.080017089844
2389.92589247727	782.039978027344
2392.1612834474	782
2394.39600884731	781.840026855469
2396.63006895246	781.840026855469
2398.86346403818	781.719970703125
2401.09619437962	782.039978027344
2403.32826025182	782.119995117188
2405.55966192963	782.599975585938
2407.79039968777	781.960021972656
2410.0204738008	781.679992675781
2412.24988454313	782.200012207031
2414.47863218902	782.280029296875
2416.70671701258	782.159973144531
2418.93413928778	782.400024414063
2421.16089928842	782.159973144531
2423.38699728817	782.320007324219
2425.61243356052	782.119995117188
2427.83720837884	781.159973144531
2430.06132201633	782.200012207031
2432.28477474606	782.039978027344
2434.50756684093	781.400024414063
2436.72969857371	781.840026855469
2438.95117021699	781.52001953125
2441.17198204325	782.280029296875
2443.39213432478	782
2445.61162733376	781.960021972656
2447.83046134218	781.880004882813
2450.04863662192	781.760009765625
2452.26615344468	782.119995117188
2454.48301208203	782.400024414063
2456.69921280539	781.840026855469
2458.91475588602	781.400024414063
2461.12964159504	782.239990234375
2463.34387020342	781.840026855469
2465.55744198198	782.320007324219
2467.77035720139	781.640014648438
2469.98261613217	782.320007324219
2472.1942190447	782.559997558594
2474.40516620922	782
2476.6154578958	781.760009765625
2478.82509437436	781.640014648438
2481.03407591471	781.760009765625
2483.24240278646	781.799987792969
2485.45007525911	781.559997558594
2487.65709360202	782.760009765625
2489.86345808435	782.200012207031
2492.06916897518	782
2494.27422654339	782.840026855469
2496.47863105774	782
2498.68238278683	781.359985351563
2500.88548199912	781.880004882813
2503.08792896294	781.719970703125
2505.28972394643	781.559997558594
2507.49086721763	780.880004882813
2509.6913590444	781.47998046875
2511.89119969447	782.320007324219
2514.09038943543	781.799987792969
2516.2889285347	782
2518.48681725957	781.760009765625
2520.6840558772	781.760009765625
2522.88064465456	781.840026855469
2525.07658385852	782.47998046875
2527.27187375578	781.679992675781
2529.4665146129	781.960021972656
2531.66050669629	782.280029296875
2533.85385027222	781.52001953125
2536.04654560681	782.359985351563
2538.23859296605	781.799987792969
2540.42999261577	781.599975585938
2542.62074482166	781.640014648438
2544.81084984925	781.52001953125
2547.00030796395	782.039978027344
2549.18911943101	782.159973144531
2551.37728451555	782.159973144531
2553.56480348252	782.039978027344
2555.75167659675	782.080017089844
2557.93790412292	781.840026855469
2560.12348632556	782.440002441406
2562.30842346905	782.159973144531
2564.49271581764	782
2566.67636363544	782.679992675781
2568.85936718639	782.119995117188
2571.04172673431	781.760009765625
2573.22344254288	782.640014648438
2575.40451487562	781.599975585938
2577.58494399591	782.559997558594
2579.76473016699	782.320007324219
2581.94387365196	781.640014648438
2584.12237471377	782.320007324219
2586.30023361523	781.679992675781
2588.47745061901	781.880004882813
2590.65402598763	782.400024414063
2592.82995998348	782.200012207031
2595.0052528688	782.280029296875
2597.17990490568	782.719970703125
2599.35391635608	781.919982910156
2601.52728748181	782.320007324219
2603.70001854454	781.760009765625
2605.8721098058	782.119995117188
2608.04356152698	782.280029296875
2610.21437396931	782.200012207031
2612.3845473939	782.280029296875
2614.55408206173	782.400024414063
2616.72297823359	782.760009765625
2618.89123617017	782.719970703125
2621.058856132	781.960021972656
2623.22583837949	782.679992675781
2625.39218317288	782.679992675781
2627.55789077229	782.039978027344
2629.72296143769	781.840026855469
2631.88739542891	782.239990234375
2634.05119300563	782.119995117188
2636.21435442742	782.119995117188
2638.37687995367	782.799987792969
2640.53876984365	782.200012207031
2642.70002435649	782.47998046875
2644.86064375119	782.880004882813
2647.02062828658	782.799987792969
2649.17997822137	782.679992675781
2651.33869381413	783.039978027344
2653.49677532328	782.760009765625
2655.65422300711	783
2657.81103712378	782.840026855469
2659.96721793127	782.359985351563
2662.12276568747	782.760009765625
2664.2776806501	782.679992675781
2666.43196307675	782.960021972656
2668.58561322486	783.320007324219
2670.73863135176	783.119995117188
2672.8910177146	783.359985351563
2675.04277257043	783.119995117188
2677.19389617612	782.960021972656
2679.34438878845	782.919982910156
2681.49425066402	782.799987792969
2683.64348205931	783
2685.79208323065	783.119995117188
2687.94005443425	783.159973144531
2690.08739592617	783.039978027344
2692.23410796233	782.840026855469
2694.38019079852	782.760009765625
2696.52564469038	783.52001953125
2698.67046989342	784.039978027344
2700.81466666302	783.320007324219
2702.9582352544	783.52001953125
2705.10117592265	783.239990234375
2707.24348892275	783.960021972656
2709.3851745095	783.880004882813
2711.5262329376	783.359985351563
2713.66666446158	783.52001953125
2715.80646933585	783.280029296875
2717.94564781468	783.640014648438
2720.08420015222	784.599975585938
2722.22212660245	784.320007324219
2724.35942741923	784.080017089844
2726.49610285628	784.679992675781
2728.63215316721	784.559997558594
2730.76757860544	783.960021972656
2732.9023794243	784.559997558594
2735.03655587697	784.559997558594
2737.17010821648	784.440002441406
2739.30303669573	784.799987792969
2741.4353415675	784.47998046875
2743.56702308442	784.559997558594
2745.69808149898	784.960021972656
2747.82851706355	783.760009765625
2749.95833003034	783.919982910156
2752.08752065145	784.320007324219
2754.21608917883	784.679992675781
2756.3440358643	784.359985351563
2758.47136095954	784.159973144531
2760.59806471609	784.280029296875
2762.72414738537	784.559997558594
2764.84960921865	784.760009765625
2766.97445046708	784.280029296875
2769.09867138166	783.719970703125
2771.22227221326	784.159973144531
2773.34525321263	784.320007324219
2775.46761463035	784.200012207031
2777.58935671691	783.919982910156
2779.71047972262	784.080017089844
2781.83098389771	784.840026855469
2783.95086949221	783.840026855469
2786.07013675607	783.599975585938
2788.18878593908	784.840026855469
2790.3068172909	784.400024414063
2792.42423106106	784.359985351563
2794.54102749895	784.400024414063
2796.65720685384	784.440002441406
2798.77276937486	783.960021972656
2800.88771531098	784.799987792969
2803.00204491107	784.280029296875
2805.11575842387	785.280029296875
2807.22885609796	784.880004882813
2809.34133818179	784.440002441406
2811.4532049237	784.960021972656
2813.56445657189	784.719970703125
2815.6750933744	785.039978027344
2817.78511557916	785.119995117188
2819.89452343398	785.320007324219
2822.00331718652	785.599975585938
2824.11149708429	786.52001953125
2826.2190633747	787.159973144531
2828.32601630502	786.880004882813
2830.43235612237	787.280029296875
2832.53808307375	787.559997558594
2834.64319740603	788.320007324219
2836.74769936595	789.599975585938
2838.85158920011	790.719970703125
2840.95486715497	791.320007324219
2843.05753347689	791.880004882813
2845.15958841206	792.719970703125
2847.26103220657	795.159973144531
2849.36186510636	795.679992675781
2851.46208735724	796.919982910156
2853.56169920488	796.760009765625
2855.66070089485	797.039978027344
2857.75909267257	799.840026855469
2859.85687478332	800.640014648438
2861.95404747225	801.880004882813
2864.05061098439	805.320007324219
2866.14656556464	806.599975585938
2868.24191145777	807.359985351563
2870.3366489084	806.960021972656
2872.43077816104	808.119995117188
2874.52429946006	810.960021972656
2876.61721304971	810.599975585938
2878.70951917409	812.440002441406
2880.8012180772	812.119995117188
2882.89231000287	811.039978027344
2884.98279519483	812.359985351563
2887.07267389667	812.200012207031
2889.16194635186	812.52001953125
2891.25061280373	811.840026855469
2893.33867349546	813.280029296875
2895.42612867015	813.239990234375
2897.51297857074	815.239990234375
2899.59922344003	815.280029296875
2901.68486352071	815.119995117188
2903.76989905533	817.359985351563
2905.85433028632	820.280029296875
2907.93815745598	821.200012207031
2910.02138080648	820.359985351563
2912.10400057985	822.039978027344
2914.186017018	823.840026855469
2916.26743036271	823.760009765625
2918.34824085563	825.200012207031
2920.4284487383	828.960021972656
2922.5080542521	829.840026855469
2924.58705763829	833.320007324219
2926.66545913802	834.359985351563
2928.74325899231	834.880004882813
2930.82045744202	834.880004882813
2932.89705472792	833.880004882813
2934.97305109062	834.200012207031
2937.04844677063	835.679992675781
2939.12324200832	834.440002441406
2941.19743704393	832.919982910156
2943.27103211757	832.52001953125
2945.34402746923	830.599975585938
2947.41642333876	828.119995117188
2949.48821996592	826.52001953125
2951.55941759028	824.239990234375
2953.63001645135	823.719970703125
2955.70001678845	824.039978027344
2957.76941884083	821.799987792969
2959.83822284757	822.239990234375
2961.90642904764	821.47998046875
2963.97403767988	820.52001953125
2966.04104898302	819.880004882813
2968.10746319565	819.880004882813
2970.17328055621	816.719970703125
2972.23850130305	816.799987792969
2974.30312567438	816.039978027344
2976.36715390829	816.039978027344
2978.43058624273	817.719970703125
2980.49342291553	816.440002441406
2982.55566416439	815.280029296875
2984.61731022691	815.119995117188
2986.67836134051	815.119995117188
2988.73881774255	812.080017089844
2990.79867967021	811.359985351563
2992.85794736058	811.47998046875
2994.9166210506	808.359985351563
2996.97470097711	807.52001953125
2999.03218737679	806.960021972656
3001.08908048622	808.880004882813
3003.14538054186	809.119995117188
3005.20108778002	808.200012207031
3007.25620243691	806.239990234375
3009.3107247486	805.320007324219
3011.36465495104	804.760009765625
3013.41799328004	804.400024414063
3015.47073997133	804.679992675781
3017.52289526045	804.880004882813
3019.57445938288	805
3021.62543257393	805.599975585938
3023.6758150688	805.200012207031
3025.72560710258	805.119995117188
3027.77480891021	804.559997558594
3029.82342072652	805
3031.87144278622	806.679992675781
3033.91887532389	805.400024414063
3035.96571857399	806.880004882813
3038.01197277084	808.159973144531
3040.05763814867	807.239990234375
3042.10271494154	805.599975585938
3044.14720338344	807.919982910156
3046.19110370818	811.559997558594
3048.2344161495	810.599975585938
3050.27714094097	811.039978027344
3052.31927831608	811.599975585938
3054.36082850816	812.919982910156
3056.40179175044	812.599975585938
3058.44216827602	813.719970703125
3060.48195831786	815.840026855469
3062.52116210884	813.840026855469
3064.55977988167	813.840026855469
3066.59781186897	813.880004882813
3068.63525830322	816.080017089844
3070.67211941678	817.47998046875
3072.7083954419	815.880004882813
3074.7440866107	817.280029296875
3076.77919315516	815.359985351563
3078.81371530716	816.52001953125
3080.84765329846	818.080017089844
3082.88100736068	819.280029296875
3084.91377772534	819.159973144531
3086.94596462381	820.840026855469
3088.97756828737	820.400024414063
3091.00858894714	821.52001953125
3093.03902683417	821.52001953125
3095.06888217933	822.039978027344
3097.09815521342	822.640014648438
3099.12684616709	825.080017089844
3101.15495527087	826.359985351563
3103.18248275518	824.640014648438
3105.20942885031	827.47998046875
3107.23579378642	829.039978027344
3109.26157779358	828.47998046875
3111.28678110171	832.239990234375
3113.31140394062	830.280029296875
3115.33544654	831.599975585938
3117.35890912942	831.760009765625
3119.38179193832	835.840026855469
3121.40409519602	837.359985351563
3123.42581913174	836.159973144531
3125.44696397457	835.840026855469
3127.46752995345	837.760009765625
3129.48751729725	841.599975585938
3131.50692623469	839.559997558594
3133.52575699436	840.359985351563
3135.54400980476	840.239990234375
3137.56168489425	844.640014648438
3139.57878249108	845.039978027344
3141.59530282337	845.239990234375
3143.61124611913	845.039978027344
3145.62661260624	844.119995117188
3147.64140251247	847.239990234375
3149.65561606547	846.440002441406
3151.66925349277	848.679992675781
3153.68231502177	850.599975585938
3155.69480087977	851
3157.70671129394	854.599975585938
3159.71804649132	858.559997558594
3161.72880669886	855.559997558594
3163.73899214336	856.080017089844
3165.74860305152	856.960021972656
3167.75763964991	856.239990234375
3169.766102165	859.559997558594
3171.77399082313	863.47998046875
3173.7813058505	858.960021972656
3175.78804747323	860.760009765625
3177.79421591731	861.119995117188
3179.79981140859	858.880004882813
3181.80483417282	863.080017089844
3183.80928443564	867.440002441406
3185.81316242255	867.47998046875
3187.81646835896	865
3189.81920247013	870.400024414063
3191.82136498122	873.960021972656
3193.82295611727	874.719970703125
3195.82397610321	871.359985351563
3197.82442516385	872.960021972656
3199.82430352386	872.840026855469
3201.82361140782	879.400024414063
3203.82234904018	881.719970703125
3205.82051664529	876.880004882813
3207.81811444735	874.760009765625
3209.81514267047	877.440002441406
3211.81160153863	877.039978027344
3213.80749127571	874.640014648438
3215.80281210545	875.599975585938
3217.79756425148	880.960021972656
3219.79174793733	880.039978027344
3221.7853633864	877.320007324219
3223.77841082196	881.47998046875
3225.77089046719	882.080017089844
3227.76280254513	884.599975585938
3229.75414727873	881.320007324219
3231.74492489081	883.799987792969
3233.73513560406	883.719970703125
3235.72477964107	882
3237.71385722431	886.239990234375
3239.70236857614	885.960021972656
3241.6903139188	881.760009765625
3243.6776934744	883.039978027344
3245.66450746496	886.679992675781
3247.65075611237	882.239990234375
3249.63643963841	880.52001953125
3251.62155826472	879.799987792969
3253.60611221287	878.719970703125
3255.59010170428	887.359985351563
3257.57352696026	888.239990234375
3259.55638820202	890.719970703125
3261.53868565064	888.080017089844
3263.52041952708	888.200012207031
3265.50159005221	888
3267.48219744676	884.440002441406
3269.46224193136	882.880004882813
3271.44172372651	886.440002441406
3273.42064305262	889.400024414063
3275.39900012996	886.400024414063
3277.3767951787	885.239990234375
3279.35402841889	883.679992675781
3281.33070007047	888.599975585938
3283.30681035326	886.599975585938
3285.28235948698	885.280029296875
3287.25734769121	887.320007324219
3289.23177518544	893.960021972656
3291.20564218903	893.119995117188
3293.17894892124	887.039978027344
3295.1516956012	889.799987792969
3297.12388244795	884.239990234375
3299.09550968039	881.960021972656
3301.06657751732	884.47998046875
3303.03708617743	885.599975585938
3305.00703587929	890.640014648438
3306.97642684135	894
3308.94525928196	886
3310.91353341935	883.200012207031
3312.88124947164	888.080017089844
3314.84840765683	883.200012207031
3316.81500819282	880.320007324219
3318.78105129738	882.52001953125
3320.74653718818	885.280029296875
3322.71146608278	881.559997558594
3324.67583819861	883.919982910156
3326.639653753	887.159973144531
3328.60291296317	885.440002441406
3330.56561604621	890.400024414063
3332.52776321913	892.719970703125
3334.4893546988	889.280029296875
3336.45039070198	885.719970703125
3338.41087144533	883.599975585938
3340.37079714539	883
3342.33016801859	880.200012207031
3344.28898428124	882.760009765625
3346.24724614955	888.359985351563
3348.20495383962	886.559997558594
3350.16210756742	883.359985351563
3352.11870754883	887.159973144531
3354.07475399961	884.760009765625
3356.03024713539	882.919982910156
3357.98518717173	885.679992675781
3359.93957432403	889.359985351563
3361.89340880761	885.760009765625
3363.84669083768	886.52001953125
3365.79942062933	881.799987792969
3367.75159839753	882.320007324219
3369.70322435715	889.200012207031
3371.65429872295	891.440002441406
3373.60482170957	891.679992675781
3375.55479353155	894.679992675781
3377.50421440332	888
3379.45308453918	886.119995117188
3381.40140415335	882.679992675781
3383.34917345991	885.119995117188
3385.29639267284	886.039978027344
3387.24306200602	886.919982910156
3389.18918167321	888
3391.13475188806	889
3393.07977286411	892.119995117188
3395.02424481479	898.52001953125
3396.96816795342	895.280029296875
3398.91154249322	889.440002441406
3400.85436864728	891.47998046875
3402.79664662859	889.599975585938
3404.73837665004	889
3406.67955892439	885.880004882813
3408.62019366432	888.359985351563
3410.56028108236	891.400024414063
3412.49982139096	893.400024414063
3414.43881480247	894.400024414063
3416.37726152909	895.159973144531
3418.31516178295	891
3420.25251577605	888.840026855469
3422.18932372029	889.47998046875
3424.12558582746	889.919982910156
3426.06130230922	893
3427.99647337717	894.400024414063
3429.93109924274	888.039978027344
3431.8651801173	885.52001953125
3433.79871621209	882.280029296875
3435.73170773824	885.840026855469
3437.66415490678	888.599975585938
3439.59605792862	886.280029296875
3441.52741701458	884.799987792969
3443.45823237536	883.960021972656
3445.38850422154	882
3447.31823276362	887.400024414063
3449.24741821196	886.47998046875
3451.17606077684	883.960021972656
3453.10416066842	884.119995117188
3455.03171809674	885.919982910156
3456.95873327175	883.559997558594
3458.88520640329	883.200012207031
3460.81113770109	880.559997558594
3462.73652737477	877.880004882813
3464.66137563383	873.880004882813
3466.58568268769	874.280029296875
3468.50944874565	873.760009765625
3470.43267401689	876.47998046875
3472.3553587105	877.359985351563
3474.27750303545	870.799987792969
3476.19910720062	866.119995117188
3478.12017141476	874.52001953125
3480.04069588654	878.080017089844
3481.9606808245	876.119995117188
3483.88012643707	873.239990234375
3485.79903293259	869.440002441406
3487.7174005193	865.719970703125
3489.63522940532	865.280029296875
3491.55251979864	859
3493.46927190719	859.760009765625
3495.38548593877	862.200012207031
3497.30116210107	860.960021972656
3499.21630060167	863.280029296875
3501.13090164807	859.52001953125
3503.04496544763	857.239990234375
3504.95849220763	855.799987792969
3506.87148213523	857.640014648438
3508.78393543748	857.919982910156
3510.69585232134	856.52001953125
3512.60723299365	856.52001953125
3514.51807766116	855.119995117188
3516.42838653049	854.47998046875
3518.33815980819	850.47998046875
3520.24739770066	848.400024414063
3522.15610041423	847.080017089844
3524.06426815511	845.039978027344
3525.9719011294	847.239990234375
3527.87899954311	849.559997558594
3529.78556360213	847.919982910156
3531.69159351225	844.799987792969
3533.59708947916	844.880004882813
3535.50205170844	844.880004882813
3537.40648040556	841.559997558594
3539.3103757759	838.52001953125
3541.21373802472	836.280029296875
3543.11656735717	835.960021972656
3545.01886397833	835.080017089844
3546.92062809313	836.280029296875
3548.82185990643	838.840026855469
3550.72255962297	836.960021972656
3552.62272744738	832.719970703125
3554.5223635842	831.440002441406
3556.42146823786	829.559997558594
3558.32004161268	830
3560.21808391289	831.119995117188
3562.11559534259	831.359985351563
3564.01257610581	827.239990234375
3565.90902640645	828.559997558594
3567.80494644831	829.320007324219
3569.7003364351	827.719970703125
3571.59519657042	828.080017089844
3573.48952705774	824.200012207031
3575.38332810048	824.239990234375
3577.27659990191	826.960021972656
3579.16934266521	823.47998046875
3581.06155659346	824.080017089844
3582.95324188965	823.400024414063
3584.84439875663	822.119995117188
3586.73502739718	819.599975585938
3588.62512801397	820.119995117188
3590.51470080955	819.679992675781
3592.40374598639	818.840026855469
3594.29226374685	820.280029296875
3596.18025429317	820.719970703125
3598.06771782751	817.119995117188
3599.95465455192	815.679992675781
3601.84106466834	816.760009765625
3603.72694837861	814.840026855469
3605.61230588447	815.080017089844
3607.49713738756	814.200012207031
3609.38144308942	816.760009765625
3611.26522319148	813.840026855469
3613.14847789506	812.719970703125
3615.0312074014	811.039978027344
3616.91341191162	811
3618.79509162674	809.159973144531
3620.67624674769	807.47998046875
3622.55687747528	809.320007324219
3624.43698401024	808.359985351563
3626.31656655317	808.320007324219
3628.1956253046	809.640014648438
3630.07416046492	808.960021972656
3631.95217223446	807.559997558594
3633.82966081342	805.080017089844
3635.70662640191	804.840026855469
3637.58306919993	804.52001953125
3639.45898940739	804.159973144531
3641.33438722409	804.760009765625
3643.20926284973	803.559997558594
3645.08361648392	802.52001953125
3646.95744832614	802.080017089844
3648.8307585758	802.320007324219
3650.7035474322	800.840026855469
3652.57581509452	801.640014648438
3654.44756176188	800.52001953125
3656.31878763324	798.239990234375
3658.18949290753	797.840026855469
3660.05967778352	796.359985351563
3661.9293424599	796.080017089844
3663.79848713527	796.119995117188
3665.66711200812	796.599975585938
3667.53521727684	795.919982910156
3669.40280313972	794.359985351563
3671.26986979494	793.159973144531
3673.13641744059	793.400024414063
3675.00244627468	792.239990234375
