-140.373595351881	778.960021972656
-137.335129063906	778.760009765625
-134.297686810867	778.559997558594
-131.261268103955	779
-128.225872454677	779.119995117188
-125.191499374839	779.039978027344
-122.158148376567	779.239990234375
-119.125818972292	779.359985351563
-116.094510674759	778.679992675781
-113.064222997021	778.840026855469
-110.034955452443	778.919982910156
-107.006707554687	778.760009765625
-103.979478817741	778.559997558594
-100.95326875589	778.919982910156
-97.928076883731	779.039978027344
-94.9039027161698	779
-91.8807457684175	778.559997558594
-88.8586055560018	778.960021972656
-85.8374815947384	778.760009765625
-82.8173734007715	778.559997558594
-79.7982804905411	779.080017089844
-76.7802023807988	778.960021972656
-73.7631385885914	778.719970703125
-70.7470886312892	778.760009765625
-67.732052026553	778.679992675781
-64.7180282923587	778.799987792969
-61.7050169469884	778.679992675781
-58.6930175090183	778.679992675781
-55.6820294973386	778.679992675781
-52.6720524311495	779.039978027344
-49.66308582994	779.239990234375
-46.6551292135171	779.47998046875
-43.6481821019882	778.559997558594
-40.6422440157577	779.359985351563
-37.6373144755424	779.760009765625
-34.6333930023594	779
-31.630479117526	778.840026855469
-28.6285723426709	778.880004882813
-25.6276721997107	779.119995117188
-22.6277782108771	779.400024414063
-19.628889898701	780.359985351563
-16.6310067860081	781.760009765625
-13.6341283959385	789.440002441406
-10.6382542519231	832.200012207031
-7.64338387769432	957.840026855469
-4.64951679729502	1025.56005859375
-1.65665253506141	962.599975585938
1.33520938438089	839.320007324219
4.32606943608095	785.320007324219
7.315928094803	779.47998046875
10.3047858350146	779.440002441406
13.2926431308747	778.919982910156
16.2795004562541	778.960021972656
19.2653582847118	779.119995117188
22.2502170895187	779.320007324219
25.2340773436344	778.799987792969
28.216939519735	778.679992675781
31.1988040901939	778.52001953125
34.1796715270814	778.559997558594
37.1595423021732	778.359985351563
40.1384168869468	778.599975585938
43.1162957525854	778.919982910156
46.0931793699786	778.599975585938
49.0690682097059	778.880004882813
52.0439627420619	778.840026855469
55.0178634370476	778.799987792969
57.9907707643592	778.159973144531
60.9626851933962	778.719970703125
63.9336071932735	779
66.9035372328018	778.799987792969
69.8724757804959	778.880004882813
72.8404233045826	778.840026855469
75.8073802729932	778.559997558594
78.7733471533597	778.760009765625
81.738324413019	778.679992675781
84.702312519025	778.799987792969
87.665311938125	778.559997558594
90.6273231367761	778.919982910156
93.5883465811569	778.719970703125
96.5483827371242	778.679992675781
99.5074320702731	778.840026855469
102.465495045889	779.119995117188
105.422572128961	779
108.378663784199	778.880004882813
111.333770476014	779.119995117188
114.287892668528	778.719970703125
117.24103082557	779.47998046875
120.193185410674	779.280029296875
123.144356887097	779.559997558594
126.094545717786	779.760009765625
129.043752365413	780.559997558594
131.991977292355	780.799987792969
134.939220960695	781.679992675781
137.885483832232	781.840026855469
140.83076636847	782.640014648438
143.775069030632	783.359985351563
146.718392279644	784.080017089844
149.660736576149	785.080017089844
152.602102380488	785.200012207031
155.54249015274	786.359985351563
158.481900352672	787.559997558594
161.420333439765	788.559997558594
164.357789873227	789.119995117188
167.294270111968	791.159973144531
170.229774614617	791.359985351563
173.164303839496	792.679992675781
176.097858244675	793.919982910156
179.030438287908	794.679992675781
181.962044426678	796.159973144531
184.89267711817	796.919982910156
187.822336819302	797.880004882813
190.751023986678	798.919982910156
193.678739076648	798.599975585938
196.605482545255	799.239990234375
199.531254848261	800.719970703125
202.456056441152	800.080017089844
205.379887779119	798.47998046875
208.30274931708	800.840026855469
211.224641509656	801.640014648438
214.145564811189	799.320007324219
217.06551967574	799
219.984506557089	799.47998046875
222.902525908723	799.080017089844
225.819578183856	798.359985351563
228.735663835415	798.159973144531
231.650783316047	798.880004882813
234.564937078107	798.440002441406
237.478125573679	799.159973144531
240.390349254566	799
243.301608572278	798.52001953125
246.211903978051	800.119995117188
249.121235922839	801.119995117188
252.029604857321	801.47998046875
254.93701123188	803.200012207031
257.843455496632	802.840026855469
260.748938101415	803.239990234375
263.653459495766	804.280029296875
266.557020128967	805.080017089844
269.459620450005	806.280029296875
272.361260907595	806.039978027344
275.261941950168	805.119995117188
278.161664025874	805.359985351563
281.060427582592	805.559997558594
283.958233067921	805.640014648438
286.855080929176	806.640014648438
289.750971613398	804.599975585938
292.645905567344	805.159973144531
295.539883237503	805.080017089844
298.432905070079	804.640014648438
301.324971511007	806.47998046875
304.216083005931	807.599975585938
307.10624000023	810.880004882813
309.995442939003	818.159973144531
312.883692267071	830.799987792969
315.770988428979	850.280029296875
318.657331869	861.359985351563
321.542723031127	859.400024414063
324.427162359076	842.080017089844
327.310650296293	825.280029296875
330.193187285945	815.799987792969
333.074773770929	809.799987792969
335.955410193855	807.039978027344
338.835096997075	805.719970703125
341.713834622655	803.320007324219
344.59162351239	802.400024414063
347.468464107802	802.599975585938
350.344356850137	800.159973144531
353.219302180373	800.719970703125
356.093300539208	799.799987792969
358.966352367073	800.119995117188
361.838458104123	799.080017089844
364.70961819024	800.280029296875
367.579833065031	800.239990234375
370.449103167837	799.280029296875
373.317428937727	799.119995117188
376.184810813496	799.919982910156
379.051249233659	800.039978027344
381.916744636474	799.119995117188
384.78129745992	798.760009765625
387.644908141706	798.039978027344
390.50757711927	799.200012207031
393.36930482978	798.320007324219
396.23009171014	799.039978027344
399.089938196969	798.559997558594
401.948844726631	798.840026855469
404.806811735214	799.640014648438
407.66383965853	799.440002441406
410.519928932138	799.919982910156
413.375079991314	799.159973144531
416.229293271071	798.799987792969
419.082569206155	798.200012207031
421.934908231031	797.640014648438
424.786310779917	798.559997558594
427.636777286748	798.280029296875
430.486308185189	800.119995117188
433.334903908649	798.880004882813
436.182564890262	798.799987792969
439.029291562898	799
441.875084359157	798.359985351563
444.719943711374	798.960021972656
447.563870051618	799.200012207031
450.406863811695	799.280029296875
453.248925423132	798.200012207031
456.090055317208	799
458.93025392492	798.400024414063
461.76952167701	798.280029296875
464.60785900395	798.799987792969
467.44526633595	797.760009765625
470.281744102955	798.679992675781
473.117292734635	798.080017089844
475.951912660415	797.599975585938
478.785604309439	798.440002441406
481.618368110592	798.280029296875
484.450204492499	796.880004882813
487.281113883518	797.47998046875
490.111096711738	797.599975585938
492.940153404999	798.840026855469
495.768284390864	799.640014648438
498.595490096635	798
501.421770949366	797.960021972656
504.247127375825	798.039978027344
507.071559802537	797.080017089844
509.89506865575	797.159973144531
512.717654361473	798.599975585938
515.539317345424	797.840026855469
518.360058033083	799.320007324219
521.179876849652	799.47998046875
523.998774220083	798.080017089844
526.816750569068	797.52001953125
529.633806321025	797.280029296875
532.44994190013	797.960021972656
535.265157730284	797.640014648438
538.079454235133	797.880004882813
540.892831838066	798.47998046875
543.705290962208	797.799987792969
546.516832030424	797.359985351563
549.32745546533	796.880004882813
552.137161689268	797.599975585938
554.945951124325	796.919982910156
557.753824192341	796.880004882813
560.560781314883	798.239990234375
563.36682291327	796.280029296875
566.171949408555	798
568.976161221537	797.159973144531
571.779458772759	797.280029296875
574.5818424825	797.039978027344
577.383312770792	798
580.183870057402	796.559997558594
582.983514761843	796.960021972656
585.782247303363	797.280029296875
588.580068100976	796.719970703125
591.376977573414	796.47998046875
594.172976139164	796.599975585938
596.968064216463	796.359985351563
599.762242223282	795.799987792969
602.555510577335	795.440002441406
605.347869696099	795.52001953125
608.139319996771	795.400024414063
610.929861896313	794.840026855469
613.719495811421	795.799987792969
616.508222158541	796
619.296041353863	795.760009765625
622.082953813324	795.919982910156
624.868959952607	796.440002441406
627.654060187137	795.559997558594
630.438254932094	795.320007324219
633.221544602397	795.239990234375
636.003929612719	796
638.785410377468	796.919982910156
641.565987310814	796.719970703125
644.345660826665	795.679992675781
647.124431338674	795.880004882813
649.902299260252	795.799987792969
652.679265004552	795.200012207031
655.455328984475	795.880004882813
658.230491612671	796.159973144531
661.004753301541	795.960021972656
663.778114463229	796
666.550575509631	796.559997558594
669.322136852395	797.359985351563
672.092798902916	795.919982910156
674.862562072336	796.200012207031
677.631426771548	796.080017089844
680.399393411204	795.559997558594
683.166462401689	796.760009765625
685.93263415315	795.200012207031
688.697909075486	795.760009765625
691.462287578337	796.280029296875
694.225770071098	795.239990234375
696.988356962926	794.320007324219
699.750048662705	794.640014648438
702.5108455791	794.599975585938
705.270748120503	795.52001953125
708.029756695068	794.599975585938
710.787871710705	795.440002441406
713.545093575065	796.52001953125
716.301422695566	796.679992675781
719.056859479364	795.47998046875
721.811404333376	797.159973144531
724.56505766427	796.840026855469
727.317819878473	795.719970703125
730.069691382148	795.320007324219
732.820672581226	795.640014648438
735.570763881396	795.559997558594
738.319965688092	795.840026855469
741.068278406496	795.320007324219
743.815702441559	796.080017089844
746.562238197974	795.799987792969
749.307886080196	796.760009765625
752.052646492436	797.47998046875
754.796519838656	796.960021972656
757.539506522567	796.840026855469
760.28160694765	797.119995117188
763.022821517128	796.679992675781
765.76315063399	796.960021972656
768.502594700972	796.559997558594
771.241154120572	796.719970703125
773.978829295045	796.799987792969
776.715620626397	797.080017089844
779.451528516396	799.760009765625
782.186553366565	799.119995117188
784.920695578179	798.280029296875
787.653955552283	798.239990234375
790.386333689662	797.559997558594
793.117830390877	796.559997558594
795.848446056227	795.919982910156
798.578181085792	795.919982910156
801.307035879389	795.52001953125
804.035010836599	796.280029296875
806.762106356774	797
809.488322839013	795.880004882813
812.213660682169	795.880004882813
814.938120284866	795.840026855469
817.661702045482	795.799987792969
820.384406362153	796.599975585938
823.10623363278	796.159973144531
825.827184255014	795.640014648438
828.547258626283	795.960021972656
831.266457143747	794.880004882813
833.984780204358	795
836.702228204804	795.880004882813
839.418801541552	795.960021972656
842.134500610814	796.320007324219
844.849325808575	795.119995117188
847.563277530579	796.080017089844
850.276356172319	796.320007324219
852.988562129066	796.640014648438
855.69989579585	795.760009765625
858.410357567456	796.359985351563
861.119947838428	796.719970703125
863.828667003087	795.159973144531
866.536515455503	795.679992675781
869.243493589517	794.200012207031
871.949601798728	794.559997558594
874.654840476504	795.200012207031
877.359210015961	794.840026855469
880.062710810003	794.799987792969
882.765343251273	795.840026855469
885.467107732191	795.52001953125
888.168004644938	795.320007324219
890.868034381467	795.200012207031
893.567197333476	795.559997558594
896.265493892445	795.280029296875
898.962924449614	795.440002441406
901.659489395985	795.280029296875
904.355189122325	795.320007324219
907.050024019165	796.159973144531
909.743994476809	795.559997558594
912.437100885322	795.719970703125
915.129343634532	794.599975585938
917.820723114032	794.760009765625
920.511239713189	795.280029296875
923.200893821127	795.919982910156
925.889685826744	795.039978027344
928.577616118699	796.799987792969
931.264685085419	796
933.950893115098	795.320007324219
936.6362405957	795.52001953125
939.320727914956	795.080017089844
942.004355460359	796.119995117188
944.687123619173	796.359985351563
947.369032778431	795.719970703125
950.050083324934	795.559997558594
952.730275645247	795.640014648438
955.409610125711	796.159973144531
958.088087152423	795.919982910156
960.765707111263	795.679992675781
963.442470387871	796.039978027344
966.118377367657	795.400024414063
968.793428435798	795.599975585938
971.467623977254	795.039978027344
974.140964376739	795.039978027344
976.813450018737	796.080017089844
979.485081287511	794.919982910156
982.155858567087	795.400024414063
984.825782241271	795.640014648438
987.494852693624	795.799987792969
990.163070307487	794.400024414063
992.830435465978	794.960021972656
995.496948551973	796.400024414063
998.162609948122	798.239990234375
1000.82742003685	801.280029296875
1003.49137920036	800.719970703125
1006.15448782061	800.440002441406
1008.81674627934	796.760009765625
1011.47815495806	795.280029296875
1014.13871423805	794.760009765625
1016.79842450037	793.840026855469
1019.45728612586	794.200012207031
1022.11529949509	793.400024414063
1024.77246498846	794.039978027344
1027.4287829861	794.840026855469
1030.08425386792	794.840026855469
1032.73887801363	796.119995117188
1035.3926558027	794.760009765625
1038.04558761435	794.799987792969
1040.69767382761	793.960021972656
1043.34891482125	794.559997558594
1045.99931097384	794
1048.64886266371	795.200012207031
1051.29757026898	794.400024414063
1053.94543416753	795
1056.59245473701	795.080017089844
1059.23863235486	795.919982910156
1061.8839673983	794.280029296875
1064.5284602443	795.200012207031
1067.17211126962	795
1069.8149208508	794.400024414063
1072.45688936415	795.280029296875
1075.09801718577	795.52001953125
1077.7383046915	795.719970703125
1080.377752257	795.52001953125
1083.01636025767	795.599975585938
1085.65412906872	796.280029296875
1088.2910590651	796.359985351563
1090.92715062157	796.840026855469
1093.56240411266	796.640014648438
1096.19681991265	796.919982910156
1098.83039839564	796.799987792969
1101.46313993547	796.119995117188
1104.09504490579	795.599975585938
1106.72611368	795.440002441406
1109.35634663129	794.47998046875
1111.98574413263	793.47998046875
1114.61430655677	793.599975585938
1117.24203427624	793.47998046875
1119.86892766333	793.640014648438
1122.49498709014	794.719970703125
1125.12021292851	794.640014648438
1127.74460555011	794.960021972656
1130.36816532634	793.880004882813
1132.99089262841	794.400024414063
1135.6127878273	792.119995117188
1138.23385129376	791.760009765625
1140.85408339834	790.679992675781
1143.47348451137	791.52001953125
1146.09205500294	791.400024414063
1148.70979524293	792.080017089844
1151.326705601	791.440002441406
1153.9427864466	791.080017089844
1156.55803814896	792.400024414063
1159.17246107707	792.280029296875
1161.78605559974	791.880004882813
1164.39882208551	792.880004882813
1167.01076090276	792.52001953125
1169.6218724196	792.960021972656
1172.23215700396	793.799987792969
1174.84161502352	793.52001953125
1177.45024684578	793.280029296875
1180.05805283799	793.599975585938
1182.66503336719	792.799987792969
1185.27118880021	793.039978027344
1187.87651950367	793.47998046875
1190.48102584395	792.559997558594
1193.08470818723	792.559997558594
1195.68756689948	792.799987792969
1198.28960234643	793.599975585938
1200.89081489363	793.599975585938
1203.49120490636	795.119995117188
1206.09077274974	795.960021972656
1208.68951878864	795.239990234375
1211.28744338773	795.239990234375
1213.88454691145	794.640014648438
1216.48082972404	796.119995117188
1219.07629218953	796.159973144531
1221.6709346717	796.840026855469
1224.26475753416	796.599975585938
1226.85776114028	797.239990234375
1229.44994585322	798.320007324219
1232.04131203592	798.640014648438
1234.63186005112	798.880004882813
1237.22159026133	799.880004882813
1239.81050302886	800.799987792969
1242.3985987158	800.52001953125
1244.98587768402	801
1247.5723402952	801.080017089844
1250.15798691078	800.760009765625
1252.74281789199	800.599975585938
1255.32683359987	800.080017089844
1257.91003439523	801.559997558594
1260.49242063865	800.47998046875
1263.07399269055	799.760009765625
1265.65475091108	799.320007324219
1268.23469566021	798.559997558594
1270.81382729769	798.880004882813
1273.39214618306	799.200012207031
1275.96965267566	798.039978027344
1278.54634713458	798.760009765625
1281.12222991875	798.200012207031
1283.69730138685	797.359985351563
1286.27156189737	797.440002441406
1288.84501180858	798.320007324219
1291.41765147853	798.47998046875
1293.98948126509	799.280029296875
1296.56050152589	798.599975585938
1299.13071261837	800.239990234375
1301.70011489973	800.400024414063
1304.268708727	799.640014648438
1306.83649445698	800.599975585938
1309.40347244625	801.080017089844
1311.96964305119	800.52001953125
1314.53500662799	801.640014648438
1317.0995635326	802.640014648438
1319.66331412077	800.200012207031
1322.22625874806	800.239990234375
1324.7883977698	800.080017089844
1327.34973154112	800.080017089844
1329.91026041694	799.559997558594
1332.46998475197	799.559997558594
1335.0289049007	800.280029296875
1337.58702121746	800.320007324219
1340.14433405631	800.080017089844
1342.70084377115	799.960021972656
1345.25655071563	799.159973144531
1347.81145524323	798.359985351563
1350.36555770721	797.400024414063
1352.91885846062	795.679992675781
1355.47135785631	795.719970703125
1358.02305624691	795.440002441406
1360.57395398486	794.679992675781
1363.12405142237	795.719970703125
1365.67334891148	794.320007324219
1368.22184680399	794.440002441406
1370.76954545151	793.919982910156
1373.31644520545	794.599975585938
1375.86254641699	793.52001953125
1378.40784943713	793.359985351563
1380.95235461666	793.359985351563
1383.49606230615	793.919982910156
1386.03897285598	794.080017089844
1388.58108661632	794.320007324219
1391.12240393713	793.760009765625
1393.66292516818	793.960021972656
1396.20265065903	792.919982910156
1398.74158075901	793.320007324219
1401.2797158173	793.400024414063
1403.81705618282	794.159973144531
1406.35360220431	793.919982910156
1408.88935423032	793.440002441406
1411.42431260919	792.200012207031
1413.95847768903	793.400024414063
1416.49184981777	793.440002441406
1419.02442934314	794.320007324219
1421.55621661266	794.400024414063
1424.08721197364	794.280029296875
1426.61741577321	794.599975585938
1429.14682835828	794.320007324219
1431.67545007555	795.159973144531
1434.20328127153	796.440002441406
1436.73032229253	797.119995117188
1439.25657348466	798.760009765625
1441.78203519381	799
1444.3067077657	800.679992675781
1446.83059154581	801.400024414063
1449.35368687944	801.080017089844
1451.8759941117	801.320007324219
1454.39751358748	801.280029296875
1456.91824565148	799.52001953125
1459.43819064818	799.52001953125
1461.95734892189	798.960021972656
1464.4757208167	798.799987792969
1466.99330667649	798.760009765625
1469.51010684497	796.280029296875
1472.02612166564	795.840026855469
1474.54135148177	795.159973144531
1477.05579663646	795.320007324219
1479.56945747262	793.640014648438
1482.08233433293	793.760009765625
1484.59442755989	792.200012207031
1487.10573749579	792.599975585938
1489.61626448275	792.159973144531
1492.12600886264	791.799987792969
1494.63497097718	791.239990234375
1497.14315116786	790.47998046875
1499.65054977599	788.840026855469
1502.15716714267	788.599975585938
1504.66300360881	787.719970703125
1507.16805951512	788.840026855469
1509.67233520211	789.119995117188
1512.1758310101	788.400024414063
1514.67854727919	788.960021972656
1517.18048434931	788.039978027344
1519.68164256018	788.559997558594
1522.18202225132	788.159973144531
1524.68162376207	787.559997558594
1527.18044743155	788.320007324219
1529.67849359869	788.47998046875
1532.17576260224	788.440002441406
1534.67225478072	789.080017089844
1537.1679704725	788.919982910156
1539.66291001572	788.679992675781
1542.15707374832	789.320007324219
1544.65046200807	789.47998046875
1547.14307513254	789.679992675781
1549.63491345907	790.359985351563
1552.12597732485	790.200012207031
1554.61626706685	790.359985351563
1557.10578302185	789.960021972656
1559.59452552644	790.679992675781
1562.082494917	791.080017089844
1564.56969152973	791.280029296875
1567.05611570064	793.440002441406
1569.54176776552	793.359985351563
1572.02664806	793.080017089844
1574.51075691949	793.599975585938
1576.99409467921	792.960021972656
1579.4766616742	793.719970703125
1581.95845823929	793.640014648438
1584.43948470912	793.640014648438
1586.91974141815	792.440002441406
1589.39922870064	793
1591.87794689064	793.280029296875
1594.35589632202	794
1596.83307732848	793.840026855469
1599.30949024348	793.760009765625
1601.78513540033	794.239990234375
1604.26001313211	795.159973144531
1606.73412377175	795.599975585938
1609.20746765196	795.400024414063
1611.68004510526	794.960021972656
1614.15185646398	797.039978027344
1616.62290206026	794.960021972656
1619.09318222605	795.799987792969
1621.56269729311	795.320007324219
1624.031447593	796.119995117188
1626.4994334571	796.599975585938
1628.9666552166	796.679992675781
1631.43311320248	797.119995117188
1633.89880774554	797.239990234375
1636.3637391764	796.880004882813
1638.82790782548	797.320007324219
1641.29131402301	798.440002441406
1643.75395809903	799.840026855469
1646.21584038339	801.039978027344
1648.67696120575	801.840026855469
1651.13732089558	802.159973144531
1653.59691978216	802.679992675781
1656.05575819459	801.840026855469
1658.51383646175	801.799987792969
1660.97115491238	802.47998046875
1663.42771387498	802.159973144531
1665.8835136779	802.159973144531
1668.33855464928	800.47998046875
1670.79283711708	800.799987792969
1673.24636140907	799.679992675781
1675.69912785282	798.080017089844
1678.15113677572	797.440002441406
1680.602388505	797
1683.05288336764	795.799987792969
1685.50262169049	795.359985351563
1687.95160380019	793.47998046875
1690.39983002318	792.440002441406
1692.84730068573	791.599975585938
1695.29401611392	790.599975585938
1697.73997663364	790.280029296875
1700.18518257059	789.400024414063
1702.6296342503	787.760009765625
1705.07333199807	787.599975585938
1707.51627613907	787.559997558594
1709.95846699824	786.440002441406
1712.39990490036	787.200012207031
1714.84059017001	786.640014648438
1717.28052313159	786.840026855469
1719.7197041093	786.52001953125
1722.15813342718	785.640014648438
1724.59581140906	786.039978027344
1727.03273837859	785.200012207031
1729.46891465926	785.400024414063
1731.90434057432	785.320007324219
1734.3390164469	785.200012207031
1736.7729425999	784.880004882813
1739.20611935604	784.359985351563
1741.63854703787	785.400024414063
1744.07022596776	784.840026855469
1746.50115646787	784.440002441406
1748.93133886019	784.359985351563
1751.36077346652	783.840026855469
1753.7894606085	784.080017089844
1756.21740060755	783.559997558594
1758.64459378494	783.599975585938
1761.07104046172	784.599975585938
1763.49674095879	783.599975585938
1765.92169559684	783.919982910156
1768.3459046964	784.320007324219
1770.7693685778	783.52001953125
1773.1920875612	783.47998046875
1775.61406196656	783.159973144531
1778.03529211367	783.640014648438
1780.45577832214	782.400024414063
1782.87552091138	782.760009765625
1785.29452020064	783.159973144531
1787.71277650897	783.080017089844
1790.13029015525	783.52001953125
1792.54706145817	782.919982910156
1794.96309073625	783.919982910156
1797.3783783078	782.47998046875
1799.79292449097	783.280029296875
1802.20672960375	782.52001953125
1804.61979396389	783.039978027344
1807.03211788902	782.640014648438
1809.44370169655	782.320007324219
1811.85454570373	783.359985351563
1814.2646502276	782.960021972656
1816.67401558506	782.960021972656
1819.0826420928	782.799987792969
1821.49053006734	783.119995117188
1823.89767982501	783.320007324219
1826.30409168198	782.440002441406
1828.70976595422	782.440002441406
1831.11470295753	783.280029296875
1833.51890300752	782.400024414063
1835.92236641964	782.200012207031
1838.32509350914	782.880004882813
1840.72708459111	782.760009765625
1843.12833998044	782.799987792969
1845.52885999184	782.799987792969
1847.92864493987	782.320007324219
1850.32769513889	782.760009765625
1852.72601090307	782.47998046875
1855.12359254642	782.280029296875
1857.52044038278	782.640014648438
1859.91655472578	782.640014648438
1862.31193588889	782.47998046875
1864.70658418542	782.119995117188
1867.10049992847	782.679992675781
1869.49368343096	782.960021972656
1871.88613500568	782.799987792969
1874.27785496518	782.799987792969
1876.66884362188	782.47998046875
1879.059101288	782.599975585938
1881.44862827559	782.400024414063
1883.8374248965	783.119995117188
1886.22549146246	783
1888.61282828495	782
1890.99943567534	782.679992675781
1893.38531394477	782.880004882813
1895.77046340424	782.359985351563
1898.15488436455	782.080017089844
1900.53857713634	782.960021972656
1902.92154203006	782.47998046875
1905.303779356	782.559997558594
1907.68528942426	782.640014648438
1910.06607254477	782.52001953125
1912.44612902729	782.919982910156
1914.82545918139	782.400024414063
1917.20406331648	783.039978027344
1919.58194174178	782.359985351563
1921.95909476634	782.679992675781
1924.33552269905	782.840026855469
1926.71122584861	782.599975585938
1929.08620452353	782.52001953125
1931.46045903219	783
1933.83398968275	782.760009765625
1936.20679678322	782.440002441406
1938.57888064142	782.880004882813
1940.95024156502	783.239990234375
1943.3208798615	782.280029296875
1945.69079583816	783.280029296875
1948.05998980213	783.039978027344
1950.42846206038	782.400024414063
1952.79621291969	782.799987792969
1955.16324268668	783.200012207031
1957.52955166778	782.919982910156
1959.89514016927	782.679992675781
1962.26000849723	783.039978027344
1964.62415695759	782.840026855469
1966.98758585609	783.440002441406
1969.3502954983	782.919982910156
1971.71228618964	782.799987792969
1974.07355823532	782.880004882813
1976.43411194042	782.919982910156
1978.79394760981	782.640014648438
1981.1530655482	783.400024414063
1983.51146606014	782.919982910156
1985.86914944999	783.559997558594
1988.22611602196	782.960021972656
1990.58236608007	782.559997558594
1992.93789992817	783.239990234375
1995.29271786995	783.320007324219
1997.64682020892	782.919982910156
2000.00020724843	783.039978027344
2002.35287929162	783.640014648438
2004.70483664152	783.719970703125
2007.05607960095	782.919982910156
2009.40660847256	783.239990234375
2011.75642355884	783.280029296875
2014.1055251621	783.599975585938
2016.4539135845	783.119995117188
2018.80158912802	783.239990234375
2021.14855209444	783.719970703125
2023.49480278542	783.159973144531
2025.84034150242	783.320007324219
2028.18516854673	783.679992675781
2030.52928421948	783.679992675781
2032.87268882163	782.919982910156
2035.21538265398	783.47998046875
2037.55736601713	783.679992675781
2039.89863921153	783.559997558594
2042.23920253747	783.559997558594
2044.57905629506	783.760009765625
2046.91820078425	784.320007324219
2049.2566363048	783.840026855469
2051.59436315633	783.640014648438
2053.93138163827	783.280029296875
2056.2676920499	783.400024414063
2058.6032946903	784.200012207031
2060.93818985843	783.760009765625
2063.27237785303	784.039978027344
2065.60585897272	783.679992675781
2067.93863351592	783.719970703125
2070.27070178089	783.960021972656
2072.60206406574	783.52001953125
2074.93272066838	783.799987792969
2077.26267188658	784.919982910156
2079.59191801793	783.840026855469
2081.92045935985	784
2084.24829620962	784.320007324219
2086.57542886431	784.320007324219
2088.90185762087	783.599975585938
2091.22758277604	783.880004882813
2093.55260462643	784.159973144531
2095.87692346845	783.799987792969
2098.20053959837	783.359985351563
2100.52345331229	783.400024414063
2102.84566490614	783.679992675781
2105.16717467567	784.52001953125
2107.48798291649	784.239990234375
2109.80808992403	783.840026855469
2112.12749599355	783.840026855469
2114.44620142016	784.039978027344
2116.7642064988	784.159973144531
2119.08151152423	784.200012207031
2121.39811679106	784.159973144531
2123.71402259374	784.52001953125
2126.02922922653	783.880004882813
2128.34373698356	783.719970703125
2130.65754615876	783.919982910156
2132.97065704594	784.080017089844
2135.28306993869	784.320007324219
2137.59478513047	784.039978027344
2139.90580291459	783.880004882813
2142.21612358416	784.119995117188
2144.52574743214	783.760009765625
2146.83467475134	783.719970703125
2149.1429058344	783.320007324219
2151.45044097377	784.559997558594
2153.75728046178	783.760009765625
2156.06342459057	783.559997558594
2158.36887365212	784.320007324219
2160.67362793825	784.359985351563
2162.97768774061	783.719970703125
2165.28105335071	783.960021972656
2167.58372505987	784.280029296875
2169.88570315926	784
2172.18698793988	783.440002441406
2174.48757969258	783.799987792969
2176.78747870805	783.840026855469
2179.08668527679	784
2181.38519968917	783.960021972656
2183.68302223538	783.320007324219
2185.98015320547	783.719970703125
2188.27659288929	783.599975585938
2190.57234157656	783.080017089844
2192.86739955682	783.400024414063
2195.16176711948	783.52001953125
2197.45544455375	783.400024414063
2199.74843214869	782.799987792969
2202.04073019322	784.359985351563
2204.33233897607	783.599975585938
2206.62325878583	783.559997558594
2208.91348991093	783.52001953125
2211.20303263961	783.400024414063
2213.49188726	783.400024414063
2215.78005406001	783.640014648438
2218.06753332744	783.679992675781
2220.35432534991	783.039978027344
2222.64043041487	782.960021972656
2224.92584880964	783.039978027344
2227.21058082134	783.119995117188
2229.49462673696	782.880004882813
2231.77798684332	783.47998046875
2234.06066142709	783.200012207031
2236.34265077477	783.400024414063
2238.62395517269	782.799987792969
2240.90457490706	782.719970703125
2243.18451026388	782.679992675781
2245.46376152904	782.760009765625
2247.74232898823	783.039978027344
2250.02021292701	783.080017089844
2252.29741363077	783.440002441406
2254.57393138475	783.559997558594
2256.849766474	782.960021972656
2259.12491918346	783.119995117188
2261.39938979788	782.440002441406
2263.67317860185	783.039978027344
2265.94628587983	782.799987792969
2268.2187119161	782.200012207031
2270.49045699478	783
2272.76152139985	783.320007324219
2275.03190541511	783
2277.30160932421	783
2279.57063341067	781.880004882813
2281.83897795781	783
2284.10664324882	782.559997558594
2286.37362956672	782.47998046875
2288.63993719439	783.159973144531
2290.90556641454	782.760009765625
2293.17051750973	782.679992675781
2295.43479076235	782.719970703125
2297.69838645465	782.679992675781
2299.96130486871	782.799987792969
2302.22354628647	782.880004882813
2304.48511098971	782.280029296875
2306.74599926003	782.799987792969
2309.00621137891	783
2311.26574762765	782.840026855469
2313.52460828741	782.599975585938
2315.78279363917	782.159973144531
2318.04030396379	782.760009765625
2320.29713954195	782.599975585938
2322.55330065418	782.599975585938
2324.80878758085	782.960021972656
2327.06360060219	782.760009765625
2329.31773999826	782.52001953125
2331.57120604897	782.599975585938
2333.82399903409	783.119995117188
2336.0761192332	782.440002441406
2338.32756692577	782.440002441406
2340.57834239108	782.799987792969
2342.82844590827	782.400024414063
2345.07787775633	782.119995117188
2347.32663821409	782.400024414063
2349.57472756023	782.159973144531
2351.82214607327	782.320007324219
2354.06889403158	782.52001953125
2356.31497171337	782.47998046875
2358.56037939672	782.640014648438
2360.80511735953	782.599975585938
2363.04918587955	782.200012207031
2365.29258523439	782.559997558594
2367.5353157015	782.119995117188
2369.77737755817	781.760009765625
2372.01877108156	782.52001953125
2374.25949654865	782.320007324219
2376.49955423629	782.119995117188
2378.73894442115	781.960021972656
2380.97766737977	782.400024414063
2383.21572338855	782
2385.45311272369	781.960021972656
2387.68983566129	782.799987792969
2389.92589247727	782.039978027344
2392.1612834474	782.159973144531
2394.39600884731	782.200012207031
2396.63006895246	782
2398.86346403818	782.080017089844
2401.09619437962	782.159973144531
2403.32826025182	782.359985351563
2405.55966192963	781.799987792969
2407.79039968777	782.679992675781
2410.0204738008	782.400024414063
2412.24988454313	782.080017089844
2414.47863218902	782.719970703125
2416.70671701258	781.200012207031
2418.93413928778	782.159973144531
2421.16089928842	781.919982910156
2423.38699728817	782.719970703125
2425.61243356052	782.400024414063
2427.83720837884	782.47998046875
2430.06132201633	782.119995117188
2432.28477474606	782.559997558594
2434.50756684093	782.320007324219
2436.72969857371	781.719970703125
2438.95117021699	781.599975585938
2441.17198204325	782.640014648438
2443.39213432478	781.719970703125
2445.61162733376	781.919982910156
2447.83046134218	781.559997558594
2450.04863662192	781.559997558594
2452.26615344468	782.880004882813
2454.48301208203	781.919982910156
2456.69921280539	781.799987792969
2458.91475588602	781.960021972656
2461.12964159504	782
2463.34387020342	782.440002441406
2465.55744198198	782.440002441406
2467.77035720139	782.599975585938
2469.98261613217	781.919982910156
2472.1942190447	782.080017089844
2474.40516620922	782.640014648438
2476.6154578958	782.159973144531
2478.82509437436	781.52001953125
2481.03407591471	781.799987792969
2483.24240278646	782.080017089844
2485.45007525911	781.919982910156
2487.65709360202	782.039978027344
2489.86345808435	782.440002441406
2492.06916897518	782
2494.27422654339	782.400024414063
2496.47863105774	781.599975585938
2498.68238278683	781.840026855469
2500.88548199912	782
2503.08792896294	781.919982910156
2505.28972394643	782.119995117188
2507.49086721763	782.280029296875
2509.6913590444	782.599975585938
2511.89119969447	782.159973144531
2514.09038943543	782.039978027344
2516.2889285347	781.840026855469
2518.48681725957	782.440002441406
2520.6840558772	782.400024414063
2522.88064465456	782.359985351563
2525.07658385852	781.880004882813
2527.27187375578	782.440002441406
2529.4665146129	781.840026855469
2531.66050669629	782.280029296875
2533.85385027222	781.640014648438
2536.04654560681	782.359985351563
2538.23859296605	782.440002441406
2540.42999261577	782.119995117188
2542.62074482166	782.320007324219
2544.81084984925	781.440002441406
2547.00030796395	781.880004882813
2549.18911943101	782.320007324219
2551.37728451555	782.320007324219
2553.56480348252	782.359985351563
2555.75167659675	782.039978027344
2557.93790412292	781.840026855469
2560.12348632556	782.400024414063
2562.30842346905	782.080017089844
2564.49271581764	782.52001953125
2566.67636363544	782.239990234375
2568.85936718639	782.039978027344
2571.04172673431	782.119995117188
2573.22344254288	783
2575.40451487562	781.679992675781
2577.58494399591	782.440002441406
2579.76473016699	782.159973144531
2581.94387365196	781.799987792969
2584.12237471377	782.559997558594
2586.30023361523	781.919982910156
2588.47745061901	782.760009765625
2590.65402598763	782.159973144531
2592.82995998348	782.320007324219
2595.0052528688	782.119995117188
2597.17990490568	782.719970703125
2599.35391635608	781.880004882813
2601.52728748181	782.559997558594
2603.70001854454	782.200012207031
2605.8721098058	783.080017089844
2608.04356152698	782.119995117188
2610.21437396931	782.280029296875
2612.3845473939	782.640014648438
2614.55408206173	782.47998046875
2616.72297823359	782.400024414063
2618.89123617017	782.280029296875
2621.058856132	782.320007324219
2623.22583837949	783.159973144531
2625.39218317288	782.359985351563
2627.55789077229	782.559997558594
2629.72296143769	782.840026855469
2631.88739542891	782.440002441406
2634.05119300563	782.080017089844
2636.21435442742	782.640014648438
2638.37687995367	783.080017089844
2640.53876984365	782.080017089844
2642.70002435649	783.039978027344
2644.86064375119	782.599975585938
2647.02062828658	782.440002441406
2649.17997822137	783.080017089844
2651.33869381413	782.960021972656
2653.49677532328	782.880004882813
2655.65422300711	782.960021972656
2657.81103712378	783.239990234375
2659.96721793127	783.280029296875
2662.12276568747	783
2664.2776806501	783.440002441406
2666.43196307675	783.320007324219
2668.58561322486	782.799987792969
2670.73863135176	783
2672.8910177146	783.239990234375
2675.04277257043	783.119995117188
2677.19389617612	782.960021972656
2679.34438878845	783.039978027344
2681.49425066402	783.200012207031
2683.64348205931	783.280029296875
2685.79208323065	784.080017089844
2687.94005443425	783.440002441406
2690.08739592617	783.119995117188
2692.23410796233	783.400024414063
2694.38019079852	783.320007324219
2696.52564469038	783.52001953125
2698.67046989342	783.840026855469
2700.81466666302	783.52001953125
2702.9582352544	784.080017089844
2705.10117592265	783.760009765625
2707.24348892275	783.52001953125
2709.3851745095	784.799987792969
2711.5262329376	784.280029296875
2713.66666446158	783.47998046875
2715.80646933585	783.400024414063
2717.94564781468	784.080017089844
2720.08420015222	784.679992675781
2722.22212660245	784.119995117188
2724.35942741923	784.840026855469
2726.49610285628	784.440002441406
2728.63215316721	784.239990234375
2730.76757860544	784.960021972656
2732.9023794243	784.760009765625
2735.03655587697	784.840026855469
2737.17010821648	785.359985351563
2739.30303669573	784.679992675781
2741.4353415675	785.320007324219
2743.56702308442	785.119995117188
2745.69808149898	784.200012207031
2747.82851706355	784.400024414063
2749.95833003034	784.119995117188
2752.08752065145	784.400024414063
2754.21608917883	784
2756.3440358643	784.440002441406
2758.47136095954	784.719970703125
2760.59806471609	784.760009765625
2762.72414738537	783.960021972656
2764.84960921865	783.880004882813
2766.97445046708	783.679992675781
2769.09867138166	784.159973144531
2771.22227221326	784.52001953125
2773.34525321263	784.919982910156
2775.46761463035	784.320007324219
2777.58935671691	784.400024414063
2779.71047972262	784.599975585938
2781.83098389771	784.440002441406
2783.95086949221	784.039978027344
2786.07013675607	784.440002441406
2788.18878593908	785
2790.3068172909	785.359985351563
2792.42423106106	784.880004882813
2794.54102749895	784.52001953125
2796.65720685384	784.679992675781
2798.77276937486	784.400024414063
2800.88771531098	784.280029296875
2803.00204491107	784.960021972656
2805.11575842387	785.559997558594
2807.22885609796	785.039978027344
2809.34133818179	784.880004882813
2811.4532049237	785.200012207031
2813.56445657189	785
2815.6750933744	785.239990234375
2817.78511557916	785.200012207031
2819.89452343398	785.760009765625
2822.00331718652	786
2824.11149708429	786.640014648438
2826.2190633747	786.719970703125
2828.32601630502	786.599975585938
2830.43235612237	788.080017089844
2832.53808307375	788.320007324219
2834.64319740603	789
2836.74769936595	789.960021972656
2838.85158920011	790.640014648438
2840.95486715497	791.599975585938
2843.05753347689	793.159973144531
2845.15958841206	794.960021972656
2847.26103220657	796.280029296875
2849.36186510636	797.52001953125
2851.46208735724	797.400024414063
2853.56169920488	798.200012207031
2855.66070089485	799.080017089844
2857.75909267257	800.440002441406
2859.85687478332	801.080017089844
2861.95404747225	803.47998046875
2864.05061098439	805.320007324219
2866.14656556464	808.320007324219
2868.24191145777	807.640014648438
2870.3366489084	806.840026855469
2872.43077816104	807.159973144531
2874.52429946006	810.200012207031
2876.61721304971	812.719970703125
2878.70951917409	812.559997558594
2880.8012180772	811.440002441406
2882.89231000287	811.960021972656
2884.98279519483	812.039978027344
2887.07267389667	812.960021972656
2889.16194635186	812.47998046875
2891.25061280373	813.440002441406
2893.33867349546	813.960021972656
2895.42612867015	814.159973144531
2897.51297857074	815.400024414063
2899.59922344003	814.719970703125
2901.68486352071	814.719970703125
2903.76989905533	817.52001953125
2905.85433028632	820.719970703125
2907.93815745598	820.960021972656
2910.02138080648	820.119995117188
2912.10400057985	819.679992675781
2914.186017018	822.359985351563
2916.26743036271	824.119995117188
2918.34824085563	827.320007324219
2920.4284487383	829.039978027344
2922.5080542521	828.880004882813
2924.58705763829	833.280029296875
2926.66545913802	832
2928.74325899231	833.200012207031
2930.82045744202	833.47998046875
2932.89705472792	832.200012207031
2934.97305109062	835.239990234375
2937.04844677063	836.679992675781
2939.12324200832	835.320007324219
2941.19743704393	832.239990234375
2943.27103211757	830.640014648438
2945.34402746923	830.679992675781
2947.41642333876	826
2949.48821996592	825.359985351563
2951.55941759028	823.119995117188
2953.63001645135	824.119995117188
2955.70001678845	823.440002441406
2957.76941884083	821.599975585938
2959.83822284757	821.840026855469
2961.90642904764	819.440002441406
2963.97403767988	820
2966.04104898302	818.919982910156
2968.10746319565	818.080017089844
2970.17328055621	816.679992675781
2972.23850130305	815.359985351563
2974.30312567438	815.559997558594
2976.36715390829	815.760009765625
2978.43058624273	817.880004882813
2980.49342291553	815.840026855469
2982.55566416439	814.080017089844
2984.61731022691	813.679992675781
2986.67836134051	813.840026855469
2988.73881774255	813.200012207031
2990.79867967021	811.799987792969
2992.85794736058	810.359985351563
2994.9166210506	809.799987792969
2996.97470097711	807.919982910156
2999.03218737679	808.359985351563
3001.08908048622	807.039978027344
3003.14538054186	807.719970703125
3005.20108778002	808.320007324219
3007.25620243691	806.52001953125
3009.3107247486	806.039978027344
3011.36465495104	805.280029296875
3013.41799328004	804.52001953125
3015.47073997133	805.719970703125
3017.52289526045	805.919982910156
3019.57445938288	805.320007324219
3021.62543257393	806.119995117188
3023.6758150688	805.440002441406
3025.72560710258	805.440002441406
3027.77480891021	805.200012207031
3029.82342072652	805.280029296875
3031.87144278622	807.840026855469
3033.91887532389	807.119995117188
3035.96571857399	805.280029296875
3038.01197277084	808.039978027344
3040.05763814867	807.080017089844
3042.10271494154	806.880004882813
3044.14720338344	808.280029296875
3046.19110370818	811.880004882813
3048.2344161495	811
3050.27714094097	810.799987792969
3052.31927831608	812.039978027344
3054.36082850816	814.719970703125
3056.40179175044	813.919982910156
3058.44216827602	813.320007324219
3060.48195831786	813.840026855469
3062.52116210884	814.640014648438
3064.55977988167	815.039978027344
3066.59781186897	815.919982910156
3068.63525830322	816.919982910156
3070.67211941678	819.760009765625
3072.7083954419	817.159973144531
3074.7440866107	817.640014648438
3076.77919315516	816.919982910156
3078.81371530716	818.400024414063
3080.84765329846	820.039978027344
3082.88100736068	818.080017089844
3084.91377772534	821.159973144531
3086.94596462381	821.840026855469
3088.97756828737	820.679992675781
3091.00858894714	821.239990234375
3093.03902683417	822.119995117188
3095.06888217933	823.039978027344
3097.09815521342	824.039978027344
3099.12684616709	825.919982910156
3101.15495527087	827.359985351563
3103.18248275518	827.640014648438
3105.20942885031	828.320007324219
3107.23579378642	828.799987792969
3109.26157779358	829.599975585938
3111.28678110171	834.039978027344
3113.31140394062	831.559997558594
3115.33544654	831.919982910156
3117.35890912942	834.760009765625
3119.38179193832	837.280029296875
3121.40409519602	837.719970703125
3123.42581913174	838.119995117188
3125.44696397457	837.440002441406
3127.46752995345	840.239990234375
3129.48751729725	840.919982910156
3131.50692623469	841.359985351563
3133.52575699436	840.719970703125
3135.54400980476	843.919982910156
3137.56168489425	845.200012207031
3139.57878249108	847.119995117188
3141.59530282337	845.359985351563
3143.61124611913	846.440002441406
3145.62661260624	846.47998046875
3147.64140251247	848.559997558594
3149.65561606547	846.679992675781
3151.66925349277	849.080017089844
3153.68231502177	852.320007324219
3155.69480087977	850.719970703125
3157.70671129394	857.919982910156
3159.71804649132	859.239990234375
3161.72880669886	858.599975585938
3163.73899214336	858.640014648438
3165.74860305152	858.119995117188
3167.75763964991	858.640014648438
3169.766102165	860.159973144531
3171.77399082313	866.840026855469
3173.7813058505	861.400024414063
3175.78804747323	862.080017089844
3177.79421591731	862.919982910156
3179.79981140859	864.119995117188
3181.80483417282	866.280029296875
3183.80928443564	869.359985351563
3185.81316242255	871
3187.81646835896	866.52001953125
3189.81920247013	870.080017089844
3191.82136498122	876.960021972656
3193.82295611727	877.760009765625
3195.82397610321	876.719970703125
3197.82442516385	873.599975585938
3199.82430352386	874.239990234375
3201.82361140782	881.919982910156
3203.82234904018	884.919982910156
3205.82051664529	877.880004882813
3207.81811444735	877.200012207031
3209.81514267047	882.960021972656
3211.81160153863	878.960021972656
3213.80749127571	877.280029296875
3215.80281210545	878.47998046875
3217.79756425148	882.359985351563
3219.79174793733	882.159973144531
3221.7853633864	880.239990234375
3223.77841082196	883.440002441406
3225.77089046719	885.840026855469
3227.76280254513	887.280029296875
3229.75414727873	884.919982910156
3231.74492489081	885.679992675781
3233.73513560406	884.440002441406
3235.72477964107	885.919982910156
3237.71385722431	888.119995117188
3239.70236857614	891.359985351563
3241.6903139188	885.119995117188
3243.6776934744	883.239990234375
3245.66450746496	883.440002441406
3247.65075611237	884.320007324219
3249.63643963841	882.320007324219
3251.62155826472	883.679992675781
3253.60611221287	884.47998046875
3255.59010170428	891.52001953125
3257.57352696026	892.119995117188
3259.55638820202	890.760009765625
3261.53868565064	887.440002441406
3263.52041952708	892.159973144531
3265.50159005221	892.52001953125
3267.48219744676	886.400024414063
3269.46224193136	885.239990234375
3271.44172372651	892.47998046875
3273.42064305262	891.919982910156
3275.39900012996	889.919982910156
3277.3767951787	886.760009765625
3279.35402841889	886.080017089844
3281.33070007047	890.039978027344
3283.30681035326	890.039978027344
3285.28235948698	889
3287.25734769121	890.919982910156
3289.23177518544	898.599975585938
3291.20564218903	891.280029296875
3293.17894892124	892.719970703125
3295.1516956012	891.320007324219
3297.12388244795	889.080017089844
3299.09550968039	883.799987792969
3301.06657751732	886.960021972656
3303.03708617743	887.840026855469
3305.00703587929	894.280029296875
3306.97642684135	895.640014648438
3308.94525928196	889.039978027344
3310.91353341935	888.280029296875
3312.88124947164	890.52001953125
3314.84840765683	883.559997558594
3316.81500819282	883.47998046875
3318.78105129738	886.119995117188
3320.74653718818	885.200012207031
3322.71146608278	883.640014648438
3324.67583819861	887.960021972656
3326.639653753	889.359985351563
3328.60291296317	889.559997558594
3330.56561604621	892.919982910156
3332.52776321913	892.760009765625
3334.4893546988	890.640014648438
3336.45039070198	888.159973144531
3338.41087144533	886.080017089844
3340.37079714539	884.640014648438
3342.33016801859	881.960021972656
3344.28898428124	885.52001953125
3346.24724614955	887.640014648438
3348.20495383962	886.159973144531
3350.16210756742	882.719970703125
3352.11870754883	890.280029296875
3354.07475399961	884.080017089844
3356.03024713539	883.760009765625
3357.98518717173	888.080017089844
3359.93957432403	888.47998046875
3361.89340880761	886.799987792969
3363.84669083768	889.159973144531
3365.79942062933	883.52001953125
3367.75159839753	885.440002441406
3369.70322435715	889.239990234375
3371.65429872295	891.960021972656
3373.60482170957	895.159973144531
3375.55479353155	897.640014648438
3377.50421440332	894.119995117188
3379.45308453918	888.960021972656
3381.40140415335	885.320007324219
3383.34917345991	887.599975585938
3385.29639267284	886.919982910156
3387.24306200602	888.239990234375
3389.18918167321	887.960021972656
3391.13475188806	892.159973144531
3393.07977286411	897.599975585938
3395.02424481479	899.640014648438
3396.96816795342	899.280029296875
3398.91154249322	892.760009765625
3400.85436864728	893.280029296875
3402.79664662859	890.840026855469
3404.73837665004	891.719970703125
3406.67955892439	891.640014648438
3408.62019366432	890.599975585938
3410.56028108236	894.640014648438
3412.49982139096	895.239990234375
3414.43881480247	895.440002441406
3416.37726152909	896.119995117188
3418.31516178295	895.200012207031
3420.25251577605	892.440002441406
3422.18932372029	893.599975585938
3424.12558582746	891.320007324219
3426.06130230922	894.760009765625
3427.99647337717	896.320007324219
3429.93109924274	890.679992675781
3431.8651801173	887.200012207031
3433.79871621209	887.400024414063
3435.73170773824	890.119995117188
3437.66415490678	895.119995117188
3439.59605792862	888.52001953125
3441.52741701458	888.159973144531
3443.45823237536	884.559997558594
3445.38850422154	884.799987792969
3447.31823276362	891
3449.24741821196	889.280029296875
3451.17606077684	886.280029296875
3453.10416066842	885.840026855469
3455.03171809674	886.880004882813
3456.95873327175	884.440002441406
3458.88520640329	885.039978027344
3460.81113770109	883.919982910156
3462.73652737477	881.599975585938
3464.66137563383	878.919982910156
3466.58568268769	879
3468.50944874565	875.280029296875
3470.43267401689	879.320007324219
3472.3553587105	879.239990234375
3474.27750303545	870.359985351563
3476.19910720062	868.719970703125
3478.12017141476	876.760009765625
3480.04069588654	879.52001953125
3481.9606808245	878.47998046875
3483.88012643707	874.760009765625
3485.79903293259	871.559997558594
3487.7174005193	869.719970703125
3489.63522940532	866.799987792969
3491.55251979864	860.880004882813
3493.46927190719	862.320007324219
3495.38548593877	863.359985351563
3497.30116210107	863.400024414063
3499.21630060167	866.080017089844
3501.13090164807	863.640014648438
3503.04496544763	860.200012207031
3504.95849220763	858.47998046875
3506.87148213523	859.119995117188
3508.78393543748	857.239990234375
3510.69585232134	857.960021972656
3512.60723299365	858.599975585938
3514.51807766116	855.840026855469
3516.42838653049	854.559997558594
3518.33815980819	851.599975585938
3520.24739770066	849.440002441406
3522.15610041423	849.719970703125
3524.06426815511	847.159973144531
3525.9719011294	848.080017089844
3527.87899954311	851.159973144531
3529.78556360213	851.559997558594
3531.69159351225	846.840026855469
3533.59708947916	848.320007324219
3535.50205170844	847.799987792969
3537.40648040556	843.599975585938
3539.3103757759	840.960021972656
3541.21373802472	838.919982910156
3543.11656735717	838.239990234375
3545.01886397833	835.359985351563
3546.92062809313	838.719970703125
3548.82185990643	839.47998046875
3550.72255962297	837.840026855469
3552.62272744738	832.679992675781
3554.5223635842	833.440002441406
3556.42146823786	831.679992675781
3558.32004161268	829.840026855469
3560.21808391289	832.52001953125
3562.11559534259	833.280029296875
3564.01257610581	829
3565.90902640645	829.919982910156
3567.80494644831	831.47998046875
3569.7003364351	831.440002441406
3571.59519657042	828.039978027344
3573.48952705774	825.320007324219
3575.38332810048	825.840026855469
3577.27659990191	827.880004882813
3579.16934266521	824.52001953125
3581.06155659346	823.960021972656
3582.95324188965	825.52001953125
3584.84439875663	823.719970703125
3586.73502739718	820.719970703125
3588.62512801397	823
3590.51470080955	821.359985351563
3592.40374598639	821.679992675781
3594.29226374685	821.320007324219
3596.18025429317	820.719970703125
3598.06771782751	820.359985351563
3599.95465455192	816.159973144531
3601.84106466834	818.039978027344
3603.72694837861	817.239990234375
3605.61230588447	815.960021972656
3607.49713738756	815.880004882813
3609.38144308942	817
3611.26522319148	814.200012207031
3613.14847789506	812.280029296875
3615.0312074014	812.039978027344
3616.91341191162	811.440002441406
3618.79509162674	809.919982910156
3620.67624674769	808.320007324219
3622.55687747528	810.280029296875
3624.43698401024	810
3626.31656655317	808.919982910156
3628.1956253046	810.840026855469
3630.07416046492	808.799987792969
3631.95217223446	807.799987792969
3633.82966081342	805.159973144531
3635.70662640191	805.200012207031
3637.58306919993	805.559997558594
3639.45898940739	805
3641.33438722409	803.799987792969
3643.20926284973	803.840026855469
3645.08361648392	803.559997558594
3646.95744832614	802.840026855469
3648.8307585758	802.039978027344
3650.7035474322	801
3652.57581509452	802.640014648438
3654.44756176188	801.599975585938
3656.31878763324	799.400024414063
3658.18949290753	798.52001953125
3660.05967778352	796.799987792969
3661.9293424599	796.719970703125
3663.79848713527	796.320007324219
3665.66711200812	797.239990234375
3667.53521727684	795.200012207031
3669.40280313972	794.799987792969
3671.26986979494	793.440002441406
3673.13641744059	793.440002441406
3675.00244627468	793.320007324219
