-140.373595351881	778.679992675781
-137.335129063906	778.640014648438
-134.297686810867	779.159973144531
-131.261268103955	778.880004882813
-128.225872454677	779.039978027344
-125.191499374839	778.760009765625
-122.158148376567	778.719970703125
-119.125818972292	779.039978027344
-116.094510674759	778.840026855469
-113.064222997021	778.799987792969
-110.034955452443	777.960021972656
-107.006707554687	778.440002441406
-103.979478817741	778.799987792969
-100.95326875589	778.679992675781
-97.928076883731	778.880004882813
-94.9039027161698	778.919982910156
-91.8807457684175	778.880004882813
-88.8586055560018	778.599975585938
-85.8374815947384	778.799987792969
-82.8173734007715	778.840026855469
-79.7982804905411	779.039978027344
-76.7802023807988	778.919982910156
-73.7631385885914	778.880004882813
-70.7470886312892	778.760009765625
-67.732052026553	778.799987792969
-64.7180282923587	779
-61.7050169469884	779.080017089844
-58.6930175090183	779.039978027344
-55.6820294973386	779
-52.6720524311495	779.200012207031
-49.66308582994	779.080017089844
-46.6551292135171	778.880004882813
-43.6481821019882	778.960021972656
-40.6422440157577	778.880004882813
-37.6373144755424	779.039978027344
-34.6333930023594	779.239990234375
-31.630479117526	779.080017089844
-28.6285723426709	779.320007324219
-25.6276721997107	779.280029296875
-22.6277782108771	779.719970703125
-19.628889898701	779.47998046875
-16.6310067860081	781.119995117188
-13.6341283959385	788.080017089844
-10.6382542519231	830.280029296875
-7.64338387769432	955.239990234375
-4.64951679729502	1022.15997314453
-1.65665253506141	966.47998046875
1.33520938438089	839.799987792969
4.32606943608095	785.080017089844
7.315928094803	778.960021972656
10.3047858350146	778.679992675781
13.2926431308747	779.080017089844
16.2795004562541	778.799987792969
19.2653582847118	778.919982910156
22.2502170895187	779
25.2340773436344	778.559997558594
28.216939519735	779
31.1988040901939	779.080017089844
34.1796715270814	778.359985351563
37.1595423021732	778.719970703125
40.1384168869468	778.599975585938
43.1162957525854	778.640014648438
46.0931793699786	778.47998046875
49.0690682097059	778.559997558594
52.0439627420619	778.760009765625
55.0178634370476	778.799987792969
57.9907707643592	778.640014648438
60.9626851933962	779
63.9336071932735	778.840026855469
66.9035372328018	778.359985351563
69.8724757804959	778.440002441406
72.8404233045826	778.919982910156
75.8073802729932	778.760009765625
78.7733471533597	778.440002441406
81.738324413019	779.039978027344
84.702312519025	778.840026855469
87.665311938125	779.119995117188
90.6273231367761	778.440002441406
93.5883465811569	778.559997558594
96.5483827371242	778.719970703125
99.5074320702731	778.679992675781
102.465495045889	778.559997558594
105.422572128961	778.52001953125
108.378663784199	778.760009765625
111.333770476014	778.640014648438
114.287892668528	778.840026855469
117.24103082557	778.760009765625
120.193185410674	779.159973144531
123.144356887097	779.47998046875
126.094545717786	780.119995117188
129.043752365413	780.039978027344
131.991977292355	780.919982910156
134.939220960695	781.200012207031
137.885483832232	781.760009765625
140.83076636847	782
143.775069030632	783.320007324219
146.718392279644	783.840026855469
149.660736576149	784.359985351563
152.602102380488	784.960021972656
155.54249015274	786.440002441406
158.481900352672	787.440002441406
161.420333439765	788.840026855469
164.357789873227	789.159973144531
167.294270111968	790.52001953125
170.229774614617	791.799987792969
173.164303839496	792.080017089844
176.097858244675	793.52001953125
179.030438287908	794.679992675781
181.962044426678	795.039978027344
184.89267711817	797.559997558594
187.822336819302	798.280029296875
190.751023986678	798.200012207031
193.678739076648	798.559997558594
196.605482545255	799.52001953125
199.531254848261	800.280029296875
202.456056441152	799.159973144531
205.379887779119	799.440002441406
208.30274931708	799.559997558594
211.224641509656	800.080017089844
214.145564811189	799.47998046875
217.06551967574	799.640014648438
219.984506557089	799.359985351563
222.902525908723	798.679992675781
225.819578183856	798.47998046875
228.735663835415	797.919982910156
231.650783316047	799.679992675781
234.564937078107	799
237.478125573679	798.799987792969
240.390349254566	798.159973144531
243.301608572278	800.239990234375
246.211903978051	799.47998046875
249.121235922839	800.239990234375
252.029604857321	801.960021972656
254.93701123188	802.440002441406
257.843455496632	802.400024414063
260.748938101415	803.400024414063
263.653459495766	803.760009765625
266.557020128967	805.400024414063
269.459620450005	805.080017089844
272.361260907595	805.400024414063
275.261941950168	804.679992675781
278.161664025874	805.080017089844
281.060427582592	804.280029296875
283.958233067921	805.880004882813
286.855080929176	807
289.750971613398	804.280029296875
292.645905567344	804.760009765625
295.539883237503	803.799987792969
298.432905070079	804.799987792969
301.324971511007	805.119995117188
304.216083005931	808
307.10624000023	810.760009765625
309.995442939003	818.359985351563
312.883692267071	831
315.770988428979	850.719970703125
318.657331869	863.159973144531
321.542723031127	859.400024414063
324.427162359076	842.760009765625
327.310650296293	826.280029296875
330.193187285945	816.640014648438
333.074773770929	810.719970703125
335.955410193855	806.719970703125
338.835096997075	804.159973144531
341.713834622655	802.359985351563
344.59162351239	802
347.468464107802	802.320007324219
350.344356850137	800.799987792969
353.219302180373	798.679992675781
356.093300539208	798.799987792969
358.966352367073	799.159973144531
361.838458104123	799.52001953125
364.70961819024	798.880004882813
367.579833065031	799.039978027344
370.449103167837	799.239990234375
373.317428937727	798.119995117188
376.184810813496	798.52001953125
379.051249233659	798.880004882813
381.916744636474	798.640014648438
384.78129745992	798.159973144531
387.644908141706	798.239990234375
390.50757711927	798.880004882813
393.36930482978	799.200012207031
396.23009171014	798.200012207031
399.089938196969	797.559997558594
401.948844726631	798.880004882813
404.806811735214	799.919982910156
407.66383965853	798.960021972656
410.519928932138	799
413.375079991314	798.919982910156
416.229293271071	797.719970703125
419.082569206155	797.359985351563
421.934908231031	797.880004882813
424.786310779917	797.559997558594
427.636777286748	798.039978027344
430.486308185189	798.719970703125
433.334903908649	798.359985351563
436.182564890262	798.799987792969
439.029291562898	798.719970703125
441.875084359157	797.679992675781
444.719943711374	798.880004882813
447.563870051618	796.719970703125
450.406863811695	797.320007324219
453.248925423132	797.47998046875
456.090055317208	798.400024414063
458.93025392492	798.599975585938
461.76952167701	797.960021972656
464.60785900395	797.799987792969
467.44526633595	797.640014648438
470.281744102955	797.400024414063
473.117292734635	797.919982910156
475.951912660415	796.919982910156
478.785604309439	798.47998046875
481.618368110592	797.200012207031
484.450204492499	796.840026855469
487.281113883518	797.719970703125
490.111096711738	796.960021972656
492.940153404999	797.840026855469
495.768284390864	797.760009765625
498.595490096635	797.559997558594
501.421770949366	796.919982910156
504.247127375825	797.119995117188
507.071559802537	797.880004882813
509.89506865575	797.599975585938
512.717654361473	797.280029296875
515.539317345424	798.119995117188
518.360058033083	798.359985351563
521.179876849652	798.640014648438
523.998774220083	798.320007324219
526.816750569068	797.640014648438
529.633806321025	796.559997558594
532.44994190013	796.840026855469
535.265157730284	797.719970703125
538.079454235133	798.200012207031
540.892831838066	798.280029296875
543.705290962208	797.239990234375
546.516832030424	796.880004882813
549.32745546533	797.080017089844
552.137161689268	797.280029296875
554.945951124325	796.47998046875
557.753824192341	796.599975585938
560.560781314883	796.52001953125
563.36682291327	797.200012207031
566.171949408555	796.440002441406
568.976161221537	796.320007324219
571.779458772759	796.359985351563
574.5818424825	796.880004882813
577.383312770792	796.880004882813
580.183870057402	796.239990234375
582.983514761843	796.919982910156
585.782247303363	796.080017089844
588.580068100976	796.320007324219
591.376977573414	795.919982910156
594.172976139164	796.359985351563
596.968064216463	795.960021972656
599.762242223282	795.719970703125
602.555510577335	794.760009765625
605.347869696099	795.359985351563
608.139319996771	794.960021972656
610.929861896313	795
613.719495811421	793.960021972656
616.508222158541	796.039978027344
619.296041353863	796.719970703125
622.082953813324	796.320007324219
624.868959952607	794.599975585938
627.654060187137	795.47998046875
630.438254932094	794.840026855469
633.221544602397	795.52001953125
636.003929612719	795.320007324219
638.785410377468	796.320007324219
641.565987310814	796.080017089844
644.345660826665	795.840026855469
647.124431338674	795.200012207031
649.902299260252	796.200012207031
652.679265004552	795.039978027344
655.455328984475	795.440002441406
658.230491612671	795.719970703125
661.004753301541	795.760009765625
663.778114463229	795.119995117188
666.550575509631	795.719970703125
669.322136852395	795.320007324219
672.092798902916	795.159973144531
674.862562072336	795.52001953125
677.631426771548	796.679992675781
680.399393411204	795.200012207031
683.166462401689	796.039978027344
685.93263415315	795.239990234375
688.697909075486	795.239990234375
691.462287578337	794.400024414063
694.225770071098	793.840026855469
696.988356962926	794.280029296875
699.750048662705	794
702.5108455791	793.679992675781
705.270748120503	794.599975585938
708.029756695068	794.200012207031
710.787871710705	795.559997558594
713.545093575065	795.239990234375
716.301422695566	795.880004882813
719.056859479364	795.440002441406
721.811404333376	796.280029296875
724.56505766427	795.679992675781
727.317819878473	795.280029296875
730.069691382148	794.359985351563
732.820672581226	795.080017089844
735.570763881396	795.320007324219
738.319965688092	796
741.068278406496	794
743.815702441559	795.47998046875
746.562238197974	796.159973144531
749.307886080196	795.52001953125
752.052646492436	796.239990234375
754.796519838656	796.559997558594
757.539506522567	796.679992675781
760.28160694765	796.039978027344
763.022821517128	796.47998046875
765.76315063399	795.719970703125
768.502594700972	795.760009765625
771.241154120572	796.239990234375
773.978829295045	795.359985351563
776.715620626397	796.200012207031
779.451528516396	799.200012207031
782.186553366565	798.239990234375
784.920695578179	796.559997558594
787.653955552283	797.039978027344
790.386333689662	796.119995117188
793.117830390877	795.799987792969
795.848446056227	795.320007324219
798.578181085792	794.47998046875
801.307035879389	795.119995117188
804.035010836599	795.760009765625
806.762106356774	796.119995117188
809.488322839013	795.840026855469
812.213660682169	795.559997558594
814.938120284866	795.799987792969
817.661702045482	794.119995117188
820.384406362153	794.799987792969
823.10623363278	795
825.827184255014	796.200012207031
828.547258626283	795.760009765625
831.266457143747	794.440002441406
833.984780204358	794.52001953125
836.702228204804	794.280029296875
839.418801541552	794.880004882813
842.134500610814	795.799987792969
844.849325808575	795.52001953125
847.563277530579	795
850.276356172319	795.840026855469
852.988562129066	796.760009765625
855.69989579585	795.880004882813
858.410357567456	795.960021972656
861.119947838428	795.280029296875
863.828667003087	794
866.536515455503	793.719970703125
869.243493589517	794
871.949601798728	795
874.654840476504	794.159973144531
877.359210015961	795
880.062710810003	794.960021972656
882.765343251273	795.080017089844
885.467107732191	794.400024414063
888.168004644938	794.320007324219
890.868034381467	795.119995117188
893.567197333476	794.919982910156
896.265493892445	795.719970703125
898.962924449614	795.919982910156
901.659489395985	794.960021972656
904.355189122325	794.400024414063
907.050024019165	794.679992675781
909.743994476809	794.400024414063
912.437100885322	794.52001953125
915.129343634532	794.440002441406
917.820723114032	794.679992675781
920.511239713189	794.119995117188
923.200893821127	795.080017089844
925.889685826744	794.919982910156
928.577616118699	796.080017089844
931.264685085419	795.359985351563
933.950893115098	796.359985351563
936.6362405957	795.840026855469
939.320727914956	794.599975585938
942.004355460359	795.840026855469
944.687123619173	795.719970703125
947.369032778431	794.640014648438
950.050083324934	795
952.730275645247	794.679992675781
955.409610125711	795.239990234375
958.088087152423	795.599975585938
960.765707111263	796.080017089844
963.442470387871	794.880004882813
966.118377367657	794.880004882813
968.793428435798	795.599975585938
971.467623977254	795.119995117188
974.140964376739	794.320007324219
976.813450018737	794.640014648438
979.485081287511	794.919982910156
982.155858567087	794.200012207031
984.825782241271	794.359985351563
987.494852693624	795.359985351563
990.163070307487	795.799987792969
992.830435465978	795.599975585938
995.496948551973	794.599975585938
998.162609948122	797.52001953125
1000.82742003685	800.960021972656
1003.49137920036	799.719970703125
1006.15448782061	798.960021972656
1008.81674627934	795.359985351563
1011.47815495806	793.840026855469
1014.13871423805	794.159973144531
1016.79842450037	793.159973144531
1019.45728612586	792.640014648438
1022.11529949509	793.679992675781
1024.77246498846	794.440002441406
1027.4287829861	794.400024414063
1030.08425386792	795.159973144531
1032.73887801363	794.119995117188
1035.3926558027	794.679992675781
1038.04558761435	795.280029296875
1040.69767382761	793.960021972656
1043.34891482125	793.200012207031
1045.99931097384	793.679992675781
1048.64886266371	794.599975585938
1051.29757026898	793.880004882813
1053.94543416753	794.239990234375
1056.59245473701	793.760009765625
1059.23863235486	794
1061.8839673983	794.559997558594
1064.5284602443	794.960021972656
1067.17211126962	794.440002441406
1069.8149208508	793.679992675781
1072.45688936415	794.52001953125
1075.09801718577	795.559997558594
1077.7383046915	794.719970703125
1080.377752257	794.320007324219
1083.01636025767	794.47998046875
1085.65412906872	796
1088.2910590651	794.960021972656
1090.92715062157	795.359985351563
1093.56240411266	795.679992675781
1096.19681991265	796.760009765625
1098.83039839564	795.880004882813
1101.46313993547	795.119995117188
1104.09504490579	794.359985351563
1106.72611368	794.640014648438
1109.35634663129	794
1111.98574413263	793.760009765625
1114.61430655677	793.200012207031
1117.24203427624	793
1119.86892766333	792.039978027344
1122.49498709014	794.080017089844
1125.12021292851	794
1127.74460555011	793.840026855469
1130.36816532634	793.679992675781
1132.99089262841	792.679992675781
1135.6127878273	791.239990234375
1138.23385129376	791.039978027344
1140.85408339834	791.52001953125
1143.47348451137	791.440002441406
1146.09205500294	790.840026855469
1148.70979524293	791.080017089844
1151.326705601	791.640014648438
1153.9427864466	791.559997558594
1156.55803814896	792
1159.17246107707	791.559997558594
1161.78605559974	792.239990234375
1164.39882208551	792.200012207031
1167.01076090276	791.719970703125
1169.6218724196	792.359985351563
1172.23215700396	793.52001953125
1174.84161502352	793.080017089844
1177.45024684578	792.280029296875
1180.05805283799	792.52001953125
1182.66503336719	793.559997558594
1185.27118880021	792
1187.87651950367	792.400024414063
1190.48102584395	792.400024414063
1193.08470818723	791.200012207031
1195.68756689948	792.47998046875
1198.28960234643	793.679992675781
1200.89081489363	793.039978027344
1203.49120490636	794.280029296875
1206.09077274974	795.320007324219
1208.68951878864	795.599975585938
1211.28744338773	795.320007324219
1213.88454691145	796.200012207031
1216.48082972404	794.880004882813
1219.07629218953	794.840026855469
1221.6709346717	795.679992675781
1224.26475753416	796.799987792969
1226.85776114028	796.919982910156
1229.44994585322	796.960021972656
1232.04131203592	797.039978027344
1234.63186005112	797.840026855469
1237.22159026133	799.52001953125
1239.81050302886	800.679992675781
1242.3985987158	800.080017089844
1244.98587768402	800.840026855469
1247.5723402952	800.239990234375
1250.15798691078	799.200012207031
1252.74281789199	799.760009765625
1255.32683359987	800.119995117188
1257.91003439523	800.760009765625
1260.49242063865	799.880004882813
1263.07399269055	798.960021972656
1265.65475091108	798.559997558594
1268.23469566021	799.119995117188
1270.81382729769	797.880004882813
1273.39214618306	797.919982910156
1275.96965267566	798.119995117188
1278.54634713458	797.760009765625
1281.12222991875	797.200012207031
1283.69730138685	797.640014648438
1286.27156189737	796.960021972656
1288.84501180858	797.760009765625
1291.41765147853	797.719970703125
1293.98948126509	799.320007324219
1296.56050152589	798.679992675781
1299.13071261837	799.200012207031
1301.70011489973	799.599975585938
1304.268708727	799.200012207031
1306.83649445698	799.799987792969
1309.40347244625	799.760009765625
1311.96964305119	800.52001953125
1314.53500662799	801.640014648438
1317.0995635326	800.919982910156
1319.66331412077	800.52001953125
1322.22625874806	799.640014648438
1324.7883977698	799.039978027344
1327.34973154112	798.960021972656
1329.91026041694	799
1332.46998475197	799.280029296875
1335.0289049007	800.119995117188
1337.58702121746	799.840026855469
1340.14433405631	799.679992675781
1342.70084377115	799.159973144531
1345.25655071563	799.119995117188
1347.81145524323	797.200012207031
1350.36555770721	796.320007324219
1352.91885846062	795.400024414063
1355.47135785631	795.840026855469
1358.02305624691	794.640014648438
1360.57395398486	793.52001953125
1363.12405142237	794.400024414063
1365.67334891148	794.919982910156
1368.22184680399	794.119995117188
1370.76954545151	794.320007324219
1373.31644520545	793.760009765625
1375.86254641699	792.799987792969
1378.40784943713	793.47998046875
1380.95235461666	793
1383.49606230615	793.52001953125
1386.03897285598	793.52001953125
1388.58108661632	793.119995117188
1391.12240393713	793.799987792969
1393.66292516818	793.159973144531
1396.20265065903	792.960021972656
1398.74158075901	793.159973144531
1401.2797158173	792.640014648438
1403.81705618282	792.960021972656
1406.35360220431	794.159973144531
1408.88935423032	793.239990234375
1411.42431260919	793.119995117188
1413.95847768903	792.200012207031
1416.49184981777	793.960021972656
1419.02442934314	793.47998046875
1421.55621661266	793.880004882813
1424.08721197364	793
1426.61741577321	793.280029296875
1429.14682835828	792.960021972656
1431.67545007555	794.52001953125
1434.20328127153	794.799987792969
1436.73032229253	796.200012207031
1439.25657348466	798.080017089844
1441.78203519381	799.52001953125
1444.3067077657	801.400024414063
1446.83059154581	801.039978027344
1449.35368687944	800.960021972656
1451.8759941117	800.840026855469
1454.39751358748	800.799987792969
1456.91824565148	799.840026855469
1459.43819064818	798.760009765625
1461.95734892189	798.799987792969
1464.4757208167	797.320007324219
1466.99330667649	797.280029296875
1469.51010684497	796
1472.02612166564	793.960021972656
1474.54135148177	794.440002441406
1477.05579663646	795.159973144531
1479.56945747262	794.559997558594
1482.08233433293	792.919982910156
1484.59442755989	793.280029296875
1487.10573749579	792.679992675781
1489.61626448275	791.880004882813
1492.12600886264	791.159973144531
1494.63497097718	790.719970703125
1497.14315116786	789.919982910156
1499.65054977599	789
1502.15716714267	787.440002441406
1504.66300360881	787.799987792969
1507.16805951512	788.159973144531
1509.67233520211	788.440002441406
1512.1758310101	788
1514.67854727919	787.919982910156
1517.18048434931	787.919982910156
1519.68164256018	788
1522.18202225132	787.039978027344
1524.68162376207	788.320007324219
1527.18044743155	787.880004882813
1529.67849359869	787.960021972656
1532.17576260224	788.47998046875
1534.67225478072	788.400024414063
1537.1679704725	788.280029296875
1539.66291001572	787.960021972656
1542.15707374832	788.280029296875
1544.65046200807	788.640014648438
1547.14307513254	788.640014648438
1549.63491345907	789.880004882813
1552.12597732485	790.47998046875
1554.61626706685	789.840026855469
1557.10578302185	790.640014648438
1559.59452552644	790.47998046875
1562.082494917	790.679992675781
1564.56969152973	792.039978027344
1567.05611570064	792.52001953125
1569.54176776552	792.719970703125
1572.02664806	792.679992675781
1574.51075691949	793.880004882813
1576.99409467921	792.159973144531
1579.4766616742	793.47998046875
1581.95845823929	792.640014648438
1584.43948470912	792.200012207031
1586.91974141815	792.719970703125
1589.39922870064	792.559997558594
1591.87794689064	792.47998046875
1594.35589632202	792.760009765625
1596.83307732848	792.239990234375
1599.30949024348	792.400024414063
1601.78513540033	793.52001953125
1604.26001313211	794.52001953125
1606.73412377175	795.359985351563
1609.20746765196	795.359985351563
1611.68004510526	795.039978027344
1614.15185646398	795.400024414063
1616.62290206026	795.239990234375
1619.09318222605	795.919982910156
1621.56269729311	794.719970703125
1624.031447593	795.760009765625
1626.4994334571	796.359985351563
1628.9666552166	796.719970703125
1631.43311320248	797.52001953125
1633.89880774554	797
1636.3637391764	797.280029296875
1638.82790782548	797.679992675781
1641.29131402301	798.719970703125
1643.75395809903	798.960021972656
1646.21584038339	799.52001953125
1648.67696120575	801.280029296875
1651.13732089558	801.679992675781
1653.59691978216	801.599975585938
1656.05575819459	801.840026855469
1658.51383646175	802.960021972656
1660.97115491238	801.799987792969
1663.42771387498	801.320007324219
1665.8835136779	801
1668.33855464928	799.599975585938
1670.79283711708	798.960021972656
1673.24636140907	799.760009765625
1675.69912785282	798.280029296875
1678.15113677572	798.159973144531
1680.602388505	795.799987792969
1683.05288336764	795
1685.50262169049	793.640014648438
1687.95160380019	793.119995117188
1690.39983002318	792.239990234375
1692.84730068573	791.159973144531
1695.29401611392	790.919982910156
1697.73997663364	790.440002441406
1700.18518257059	788.200012207031
1702.6296342503	787.52001953125
1705.07333199807	787.52001953125
1707.51627613907	786.799987792969
1709.95846699824	787.159973144531
1712.39990490036	786.799987792969
1714.84059017001	786.919982910156
1717.28052313159	786.080017089844
1719.7197041093	785.880004882813
1722.15813342718	785.799987792969
1724.59581140906	785.159973144531
1727.03273837859	784.599975585938
1729.46891465926	784.679992675781
1731.90434057432	784.440002441406
1734.3390164469	785.080017089844
1736.7729425999	784.119995117188
1739.20611935604	784.599975585938
1741.63854703787	783.960021972656
1744.07022596776	783.359985351563
1746.50115646787	783.640014648438
1748.93133886019	783.840026855469
1751.36077346652	783.919982910156
1753.7894606085	783.47998046875
1756.21740060755	782.960021972656
1758.64459378494	783.359985351563
1761.07104046172	783.159973144531
1763.49674095879	782.880004882813
1765.92169559684	782.760009765625
1768.3459046964	783.159973144531
1770.7693685778	782.840026855469
1773.1920875612	782.960021972656
1775.61406196656	783.080017089844
1778.03529211367	782.919982910156
1780.45577832214	782.47998046875
1782.87552091138	782.719970703125
1785.29452020064	782.679992675781
1787.71277650897	782.880004882813
1790.13029015525	782.799987792969
1792.54706145817	783.119995117188
1794.96309073625	783
1797.3783783078	782.200012207031
1799.79292449097	782.880004882813
1802.20672960375	782.799987792969
1804.61979396389	781.880004882813
1807.03211788902	782.039978027344
1809.44370169655	782.760009765625
1811.85454570373	782.679992675781
1814.2646502276	782.320007324219
1816.67401558506	782.359985351563
1819.0826420928	782.440002441406
1821.49053006734	782.599975585938
1823.89767982501	782.159973144531
1826.30409168198	782.320007324219
1828.70976595422	782.679992675781
1831.11470295753	781.760009765625
1833.51890300752	782.320007324219
1835.92236641964	782.039978027344
1838.32509350914	782.719970703125
1840.72708459111	782.359985351563
1843.12833998044	782.280029296875
1845.52885999184	782.47998046875
1847.92864493987	782
1850.32769513889	782.599975585938
1852.72601090307	782.679992675781
1855.12359254642	782.599975585938
1857.52044038278	782.760009765625
1859.91655472578	782.52001953125
1862.31193588889	782.640014648438
1864.70658418542	782.400024414063
1867.10049992847	782.719970703125
1869.49368343096	782.679992675781
1871.88613500568	781.799987792969
1874.27785496518	782.039978027344
1876.66884362188	781.799987792969
1879.059101288	782.599975585938
1881.44862827559	782.359985351563
1883.8374248965	782.039978027344
1886.22549146246	782.119995117188
1888.61282828495	782.080017089844
1890.99943567534	782.440002441406
1893.38531394477	782.640014648438
1895.77046340424	781.880004882813
1898.15488436455	782.440002441406
1900.53857713634	782.200012207031
1902.92154203006	782.159973144531
1905.303779356	782.159973144531
1907.68528942426	782.159973144531
1910.06607254477	781.359985351563
1912.44612902729	782.200012207031
1914.82545918139	782.280029296875
1917.20406331648	782.400024414063
1919.58194174178	782.320007324219
1921.95909476634	781.919982910156
1924.33552269905	782.799987792969
1926.71122584861	782.239990234375
1929.08620452353	782.52001953125
1931.46045903219	782.320007324219
1933.83398968275	782
1936.20679678322	782.200012207031
1938.57888064142	782.47998046875
1940.95024156502	782.640014648438
1943.3208798615	781.880004882813
1945.69079583816	782.599975585938
1948.05998980213	782.640014648438
1950.42846206038	782.679992675781
1952.79621291969	782.719970703125
1955.16324268668	782.640014648438
1957.52955166778	782.359985351563
1959.89514016927	782.239990234375
1962.26000849723	782.559997558594
1964.62415695759	782.280029296875
1966.98758585609	783.119995117188
1969.3502954983	782.719970703125
1971.71228618964	782.599975585938
1974.07355823532	782.719970703125
1976.43411194042	783.320007324219
1978.79394760981	782.400024414063
1981.1530655482	782.960021972656
1983.51146606014	782.799987792969
1985.86914944999	782.960021972656
1988.22611602196	782.599975585938
1990.58236608007	782.719970703125
1992.93789992817	783
1995.29271786995	782.719970703125
1997.64682020892	782.719970703125
2000.00020724843	782.919982910156
2002.35287929162	782.760009765625
2004.70483664152	782.880004882813
2007.05607960095	783
2009.40660847256	783.080017089844
2011.75642355884	782.880004882813
2014.1055251621	783.119995117188
2016.4539135845	783.280029296875
2018.80158912802	782.880004882813
2021.14855209444	783.159973144531
2023.49480278542	782.919982910156
2025.84034150242	783.640014648438
2028.18516854673	783.080017089844
2030.52928421948	783.080017089844
2032.87268882163	782.760009765625
2035.21538265398	783.679992675781
2037.55736601713	783.119995117188
2039.89863921153	783.400024414063
2042.23920253747	783.440002441406
2044.57905629506	783.159973144531
2046.91820078425	782.760009765625
2049.2566363048	783.280029296875
2051.59436315633	782.640014648438
2053.93138163827	782.599975585938
2056.2676920499	782.919982910156
2058.6032946903	783.679992675781
2060.93818985843	783.52001953125
2063.27237785303	783.679992675781
2065.60585897272	783.47998046875
2067.93863351592	783.52001953125
2070.27070178089	783.320007324219
2072.60206406574	783.200012207031
2074.93272066838	783.47998046875
2077.26267188658	783.039978027344
2079.59191801793	783.640014648438
2081.92045935985	783.840026855469
2084.24829620962	783.080017089844
2086.57542886431	783.840026855469
2088.90185762087	782.960021972656
2091.22758277604	783.440002441406
2093.55260462643	783.679992675781
2095.87692346845	783.359985351563
2098.20053959837	783.960021972656
2100.52345331229	783.359985351563
2102.84566490614	783.039978027344
2105.16717467567	783.119995117188
2107.48798291649	783.960021972656
2109.80808992403	783.559997558594
2112.12749599355	783.119995117188
2114.44620142016	783.52001953125
2116.7642064988	783.200012207031
2119.08151152423	783.52001953125
2121.39811679106	784
2123.71402259374	783.799987792969
2126.02922922653	783.559997558594
2128.34373698356	783.47998046875
2130.65754615876	783.359985351563
2132.97065704594	783.799987792969
2135.28306993869	783.599975585938
2137.59478513047	783.799987792969
2139.90580291459	784
2142.21612358416	784.239990234375
2144.52574743214	783.440002441406
2146.83467475134	783.679992675781
2149.1429058344	784
2151.45044097377	783.799987792969
2153.75728046178	784
2156.06342459057	783.280029296875
2158.36887365212	782.799987792969
2160.67362793825	783.440002441406
2162.97768774061	783.440002441406
2165.28105335071	783.280029296875
2167.58372505987	783.440002441406
2169.88570315926	783.400024414063
2172.18698793988	783
2174.48757969258	783.320007324219
2176.78747870805	784.159973144531
2179.08668527679	783.400024414063
2181.38519968917	783.47998046875
2183.68302223538	783.719970703125
2185.98015320547	783.47998046875
2188.27659288929	783.080017089844
2190.57234157656	782.719970703125
2192.86739955682	783.239990234375
2195.16176711948	782.52001953125
2197.45544455375	783
2199.74843214869	782.719970703125
2202.04073019322	782.840026855469
2204.33233897607	783.200012207031
2206.62325878583	783.359985351563
2208.91348991093	783
2211.20303263961	783.080017089844
2213.49188726	782.880004882813
2215.78005406001	783.239990234375
2218.06753332744	783.239990234375
2220.35432534991	782.47998046875
2222.64043041487	783.320007324219
2224.92584880964	783.200012207031
2227.21058082134	782.880004882813
2229.49462673696	782.880004882813
2231.77798684332	782.280029296875
2234.06066142709	782.919982910156
2236.34265077477	782.880004882813
2238.62395517269	782.559997558594
2240.90457490706	782.280029296875
2243.18451026388	782.280029296875
2245.46376152904	782.52001953125
2247.74232898823	782.320007324219
2250.02021292701	782.760009765625
2252.29741363077	782.679992675781
2254.57393138475	782.239990234375
2256.849766474	782.640014648438
2259.12491918346	783.039978027344
2261.39938979788	782.559997558594
2263.67317860185	782.440002441406
2265.94628587983	782.760009765625
2268.2187119161	782.440002441406
2270.49045699478	782.400024414063
2272.76152139985	782.640014648438
2275.03190541511	782.880004882813
2277.30160932421	782.320007324219
2279.57063341067	782.400024414063
2281.83897795781	782.679992675781
2284.10664324882	781.760009765625
2286.37362956672	782.159973144531
2288.63993719439	782.239990234375
2290.90556641454	782.679992675781
2293.17051750973	782.200012207031
2295.43479076235	782.679992675781
2297.69838645465	782.039978027344
2299.96130486871	782.679992675781
2302.22354628647	782.280029296875
2304.48511098971	782.840026855469
2306.74599926003	782.200012207031
2309.00621137891	782.320007324219
2311.26574762765	782.159973144531
2313.52460828741	782.159973144531
2315.78279363917	782.239990234375
2318.04030396379	782.239990234375
2320.29713954195	781.679992675781
2322.55330065418	782.080017089844
2324.80878758085	782.679992675781
2327.06360060219	781.960021972656
2329.31773999826	782.760009765625
2331.57120604897	782.239990234375
2333.82399903409	782.119995117188
2336.0761192332	782.039978027344
2338.32756692577	781.960021972656
2340.57834239108	781.880004882813
2342.82844590827	782.159973144531
2345.07787775633	782.239990234375
2347.32663821409	781.919982910156
2349.57472756023	782.400024414063
2351.82214607327	781.719970703125
2354.06889403158	782
2356.31497171337	781.760009765625
2358.56037939672	782.440002441406
2360.80511735953	781.719970703125
2363.04918587955	781.919982910156
2365.29258523439	781.799987792969
2367.5353157015	782
2369.77737755817	781.880004882813
2372.01877108156	782
2374.25949654865	781.960021972656
2376.49955423629	782
2378.73894442115	782.239990234375
2380.97766737977	781.640014648438
2383.21572338855	781.960021972656
2385.45311272369	781.840026855469
2387.68983566129	782.239990234375
2389.92589247727	781.640014648438
2392.1612834474	781.760009765625
2394.39600884731	781.760009765625
2396.63006895246	782.400024414063
2398.86346403818	781.880004882813
2401.09619437962	782.47998046875
2403.32826025182	781.840026855469
2405.55966192963	781.200012207031
2407.79039968777	781.47998046875
2410.0204738008	781.760009765625
2412.24988454313	781.880004882813
2414.47863218902	781.760009765625
2416.70671701258	781.679992675781
2418.93413928778	781.400024414063
2421.16089928842	781.679992675781
2423.38699728817	781.359985351563
2425.61243356052	781.719970703125
2427.83720837884	781.400024414063
2430.06132201633	781.840026855469
2432.28477474606	781.840026855469
2434.50756684093	781.679992675781
2436.72969857371	781.880004882813
2438.95117021699	781.799987792969
2441.17198204325	781.640014648438
2443.39213432478	781.280029296875
2445.61162733376	781.640014648438
2447.83046134218	782.080017089844
2450.04863662192	781.599975585938
2452.26615344468	781.760009765625
2454.48301208203	781.640014648438
2456.69921280539	781.719970703125
2458.91475588602	782
2461.12964159504	781.799987792969
2463.34387020342	782.320007324219
2465.55744198198	781.559997558594
2467.77035720139	782
2469.98261613217	781.559997558594
2472.1942190447	782.119995117188
2474.40516620922	782.080017089844
2476.6154578958	782.080017089844
2478.82509437436	781.960021972656
2481.03407591471	781.080017089844
2483.24240278646	781.52001953125
2485.45007525911	781.239990234375
2487.65709360202	781.960021972656
2489.86345808435	781.880004882813
2492.06916897518	782.080017089844
2494.27422654339	781.960021972656
2496.47863105774	782.119995117188
2498.68238278683	781.239990234375
2500.88548199912	781.679992675781
2503.08792896294	781.47998046875
2505.28972394643	781.760009765625
2507.49086721763	781.599975585938
2509.6913590444	781.919982910156
2511.89119969447	782
2514.09038943543	781.400024414063
2516.2889285347	782.359985351563
2518.48681725957	781.919982910156
2520.6840558772	781.960021972656
2522.88064465456	781.919982910156
2525.07658385852	781.960021972656
2527.27187375578	781.799987792969
2529.4665146129	782.280029296875
2531.66050669629	781.640014648438
2533.85385027222	782.039978027344
2536.04654560681	781.52001953125
2538.23859296605	781.159973144531
2540.42999261577	781.719970703125
2542.62074482166	781.640014648438
2544.81084984925	781.799987792969
2547.00030796395	781.640014648438
2549.18911943101	781.640014648438
2551.37728451555	782.440002441406
2553.56480348252	781.52001953125
2555.75167659675	781.880004882813
2557.93790412292	781.840026855469
2560.12348632556	782.039978027344
2562.30842346905	781.760009765625
2564.49271581764	781.880004882813
2566.67636363544	782.599975585938
2568.85936718639	781.880004882813
2571.04172673431	781.880004882813
2573.22344254288	782.080017089844
2575.40451487562	781.440002441406
2577.58494399591	782.039978027344
2579.76473016699	782.280029296875
2581.94387365196	782
2584.12237471377	782.320007324219
2586.30023361523	781.840026855469
2588.47745061901	781.559997558594
2590.65402598763	782.400024414063
2592.82995998348	781.559997558594
2595.0052528688	782.239990234375
2597.17990490568	782.760009765625
2599.35391635608	781.799987792969
2601.52728748181	781.47998046875
2603.70001854454	781.159973144531
2605.8721098058	782.200012207031
2608.04356152698	782.359985351563
2610.21437396931	782.280029296875
2612.3845473939	781.599975585938
2614.55408206173	782.440002441406
2616.72297823359	782.239990234375
2618.89123617017	782.039978027344
2621.058856132	781.440002441406
2623.22583837949	782.280029296875
2625.39218317288	782.760009765625
2627.55789077229	782.039978027344
2629.72296143769	782.400024414063
2631.88739542891	782.400024414063
2634.05119300563	782.280029296875
2636.21435442742	782.200012207031
2638.37687995367	782.599975585938
2640.53876984365	782.239990234375
2642.70002435649	782.599975585938
2644.86064375119	782.52001953125
2647.02062828658	782.719970703125
2649.17997822137	782.52001953125
2651.33869381413	782.599975585938
2653.49677532328	782.840026855469
2655.65422300711	783.320007324219
2657.81103712378	782.599975585938
2659.96721793127	781.799987792969
2662.12276568747	782.919982910156
2664.2776806501	782.400024414063
2666.43196307675	782.440002441406
2668.58561322486	783.080017089844
2670.73863135176	782.47998046875
2672.8910177146	783.239990234375
2675.04277257043	782.559997558594
2677.19389617612	782.880004882813
2679.34438878845	782.919982910156
2681.49425066402	782.280029296875
2683.64348205931	782.239990234375
2685.79208323065	782.719970703125
2687.94005443425	783.119995117188
2690.08739592617	782.799987792969
2692.23410796233	782.840026855469
2694.38019079852	782.679992675781
2696.52564469038	783.359985351563
2698.67046989342	784.440002441406
2700.81466666302	783.200012207031
2702.9582352544	783.280029296875
2705.10117592265	782.880004882813
2707.24348892275	783.359985351563
2709.3851745095	783.200012207031
2711.5262329376	783.119995117188
2713.66666446158	783.159973144531
2715.80646933585	783.039978027344
2717.94564781468	783.599975585938
2720.08420015222	783.919982910156
2722.22212660245	783.640014648438
2724.35942741923	783.320007324219
2726.49610285628	783.599975585938
2728.63215316721	784.47998046875
2730.76757860544	783.440002441406
2732.9023794243	784.359985351563
2735.03655587697	784.239990234375
2737.17010821648	783.919982910156
2739.30303669573	784
2741.4353415675	784.359985351563
2743.56702308442	784.320007324219
2745.69808149898	784.280029296875
2747.82851706355	783.200012207031
2749.95833003034	783.599975585938
2752.08752065145	783.960021972656
2754.21608917883	784.039978027344
2756.3440358643	783.919982910156
2758.47136095954	784.239990234375
2760.59806471609	784.239990234375
2762.72414738537	784.359985351563
2764.84960921865	784.719970703125
2766.97445046708	784.080017089844
2769.09867138166	783.799987792969
2771.22227221326	783.840026855469
2773.34525321263	784.039978027344
2775.46761463035	784.679992675781
2777.58935671691	783.840026855469
2779.71047972262	783.960021972656
2781.83098389771	784.559997558594
2783.95086949221	783.760009765625
2786.07013675607	783.320007324219
2788.18878593908	784.52001953125
2790.3068172909	784.52001953125
2792.42423106106	784
2794.54102749895	783.919982910156
2796.65720685384	783.159973144531
2798.77276937486	783.559997558594
2800.88771531098	784.119995117188
2803.00204491107	784.280029296875
2805.11575842387	784.679992675781
2807.22885609796	784.359985351563
2809.34133818179	784.080017089844
2811.4532049237	784.599975585938
2813.56445657189	784.760009765625
2815.6750933744	784.919982910156
2817.78511557916	785.080017089844
2819.89452343398	785.080017089844
2822.00331718652	785.719970703125
2824.11149708429	786.039978027344
2826.2190633747	785.760009765625
2828.32601630502	786.599975585938
2830.43235612237	787.559997558594
2832.53808307375	787.239990234375
2834.64319740603	787.719970703125
2836.74769936595	789.359985351563
2838.85158920011	789.840026855469
2840.95486715497	790.080017089844
2843.05753347689	791.679992675781
2845.15958841206	792.559997558594
2847.26103220657	794.960021972656
2849.36186510636	795.640014648438
2851.46208735724	796.440002441406
2853.56169920488	796.280029296875
2855.66070089485	797.52001953125
2857.75909267257	799.840026855469
2859.85687478332	800.159973144531
2861.95404747225	801.400024414063
2864.05061098439	803.840026855469
2866.14656556464	805.320007324219
2868.24191145777	807.440002441406
2870.3366489084	805.359985351563
2872.43077816104	806.960021972656
2874.52429946006	810.159973144531
2876.61721304971	810.880004882813
2878.70951917409	810.400024414063
2880.8012180772	810.840026855469
2882.89231000287	809.47998046875
2884.98279519483	810.679992675781
2887.07267389667	809.52001953125
2889.16194635186	810.559997558594
2891.25061280373	810.760009765625
2893.33867349546	812.440002441406
2895.42612867015	812.039978027344
2897.51297857074	813.559997558594
2899.59922344003	812.919982910156
2901.68486352071	813.039978027344
2903.76989905533	816.559997558594
2905.85433028632	818.320007324219
2907.93815745598	820.799987792969
2910.02138080648	819.440002441406
2912.10400057985	820.119995117188
2914.186017018	820.400024414063
2916.26743036271	824.159973144531
2918.34824085563	824.159973144531
2920.4284487383	826.320007324219
2922.5080542521	827.760009765625
2924.58705763829	831.52001953125
2926.66545913802	831.880004882813
2928.74325899231	832.359985351563
2930.82045744202	831.47998046875
2932.89705472792	831.47998046875
2934.97305109062	832
2937.04844677063	833.640014648438
2939.12324200832	833.359985351563
2941.19743704393	831.919982910156
2943.27103211757	829.880004882813
2945.34402746923	827.919982910156
2947.41642333876	825
2949.48821996592	825.119995117188
2951.55941759028	824.159973144531
2953.63001645135	822.320007324219
2955.70001678845	822.919982910156
2957.76941884083	821.080017089844
2959.83822284757	821.840026855469
2961.90642904764	820.840026855469
2963.97403767988	819.599975585938
2966.04104898302	818.880004882813
2968.10746319565	819.039978027344
2970.17328055621	815.599975585938
2972.23850130305	815.400024414063
2974.30312567438	815.679992675781
2976.36715390829	814.52001953125
2978.43058624273	817.159973144531
2980.49342291553	815.400024414063
2982.55566416439	813.679992675781
2984.61731022691	814.200012207031
2986.67836134051	814.640014648438
2988.73881774255	812.679992675781
2990.79867967021	809.760009765625
2992.85794736058	809.200012207031
2994.9166210506	807.119995117188
2996.97470097711	807.799987792969
2999.03218737679	806.159973144531
3001.08908048622	808.47998046875
3003.14538054186	807.52001953125
3005.20108778002	806.47998046875
3007.25620243691	805.159973144531
3009.3107247486	803.799987792969
3011.36465495104	803.400024414063
3013.41799328004	804.320007324219
3015.47073997133	804.960021972656
3017.52289526045	805.080017089844
3019.57445938288	804.119995117188
3021.62543257393	805.880004882813
3023.6758150688	804.359985351563
3025.72560710258	805
3027.77480891021	804.080017089844
3029.82342072652	804.719970703125
3031.87144278622	805.359985351563
3033.91887532389	806.080017089844
3035.96571857399	807.080017089844
3038.01197277084	807.52001953125
3040.05763814867	807.039978027344
3042.10271494154	806.119995117188
3044.14720338344	807.239990234375
3046.19110370818	811.280029296875
3048.2344161495	810.400024414063
3050.27714094097	809.599975585938
3052.31927831608	810.760009765625
3054.36082850816	812.960021972656
3056.40179175044	813
3058.44216827602	813.159973144531
3060.48195831786	814.760009765625
3062.52116210884	813.599975585938
3064.55977988167	812.880004882813
3066.59781186897	813.52001953125
3068.63525830322	814.880004882813
3070.67211941678	818.320007324219
3072.7083954419	815.119995117188
3074.7440866107	815.52001953125
3076.77919315516	815.159973144531
3078.81371530716	816.239990234375
3080.84765329846	818.52001953125
3082.88100736068	818.080017089844
3084.91377772534	818.559997558594
3086.94596462381	820.119995117188
3088.97756828737	819.679992675781
3091.00858894714	820.080017089844
3093.03902683417	820.320007324219
3095.06888217933	821.960021972656
3097.09815521342	823.359985351563
3099.12684616709	826.039978027344
3101.15495527087	824.880004882813
3103.18248275518	825.280029296875
3105.20942885031	826.440002441406
3107.23579378642	829.799987792969
3109.26157779358	828.880004882813
3111.28678110171	829.919982910156
3113.31140394062	830.159973144531
3115.33544654	831.47998046875
3117.35890912942	831.080017089844
3119.38179193832	833.280029296875
3121.40409519602	834
3123.42581913174	836.679992675781
3125.44696397457	835.080017089844
3127.46752995345	837.960021972656
3129.48751729725	839.640014648438
3131.50692623469	840.919982910156
3133.52575699436	839.919982910156
3135.54400980476	840
3137.56168489425	843.359985351563
3139.57878249108	844.640014648438
3141.59530282337	844.52001953125
3143.61124611913	845.239990234375
3145.62661260624	844.760009765625
3147.64140251247	845.400024414063
3149.65561606547	846.039978027344
3151.66925349277	848.840026855469
3153.68231502177	849.760009765625
3155.69480087977	851.760009765625
3157.70671129394	855
3159.71804649132	857.119995117188
3161.72880669886	856.47998046875
3163.73899214336	856.119995117188
3165.74860305152	856.799987792969
3167.75763964991	856.039978027344
3169.766102165	857.919982910156
3171.77399082313	861.599975585938
3173.7813058505	858.280029296875
3175.78804747323	859.080017089844
3177.79421591731	860.47998046875
3179.79981140859	860.359985351563
3181.80483417282	862.640014648438
3183.80928443564	866.559997558594
3185.81316242255	866.039978027344
3187.81646835896	865
3189.81920247013	869.159973144531
3191.82136498122	875.840026855469
3193.82295611727	875.239990234375
3195.82397610321	870.200012207031
3197.82442516385	871.799987792969
3199.82430352386	871.440002441406
3201.82361140782	877.599975585938
3203.82234904018	880.840026855469
3205.82051664529	876.679992675781
3207.81811444735	874.440002441406
3209.81514267047	877.52001953125
3211.81160153863	874.679992675781
3213.80749127571	873.159973144531
3215.80281210545	876.640014648438
3217.79756425148	877.880004882813
3219.79174793733	877.119995117188
3221.7853633864	877.640014648438
3223.77841082196	880.440002441406
3225.77089046719	882.840026855469
3227.76280254513	884.599975585938
3229.75414727873	879.200012207031
3231.74492489081	880.919982910156
3233.73513560406	882.960021972656
3235.72477964107	882.280029296875
3237.71385722431	884.47998046875
3239.70236857614	885.080017089844
3241.6903139188	882.280029296875
3243.6776934744	882.559997558594
3245.66450746496	885.960021972656
3247.65075611237	881.359985351563
3249.63643963841	878.47998046875
3251.62155826472	879.320007324219
3253.60611221287	878.599975585938
3255.59010170428	885.679992675781
3257.57352696026	885.640014648438
3259.55638820202	889.280029296875
3261.53868565064	887.47998046875
3263.52041952708	889.200012207031
3265.50159005221	889.52001953125
3267.48219744676	884.200012207031
3269.46224193136	882.919982910156
3271.44172372651	887.280029296875
3273.42064305262	887.200012207031
3275.39900012996	887.400024414063
3277.3767951787	883.840026855469
3279.35402841889	881.960021972656
3281.33070007047	883.52001953125
3283.30681035326	884.400024414063
3285.28235948698	884.159973144531
3287.25734769121	886.47998046875
3289.23177518544	892.919982910156
3291.20564218903	891.640014648438
3293.17894892124	888.640014648438
3295.1516956012	887.719970703125
3297.12388244795	883.960021972656
3299.09550968039	880.960021972656
3301.06657751732	884.679992675781
3303.03708617743	886.599975585938
3305.00703587929	890.599975585938
3306.97642684135	891.640014648438
3308.94525928196	887.280029296875
3310.91353341935	883.320007324219
3312.88124947164	887.799987792969
3314.84840765683	882.919982910156
3316.81500819282	880.239990234375
3318.78105129738	882
3320.74653718818	883.559997558594
3322.71146608278	880.200012207031
3324.67583819861	883.52001953125
3326.639653753	886.840026855469
3328.60291296317	885.719970703125
3330.56561604621	888.840026855469
3332.52776321913	893.320007324219
3334.4893546988	888.840026855469
3336.45039070198	884.640014648438
3338.41087144533	881.559997558594
3340.37079714539	879.640014648438
3342.33016801859	880.080017089844
3344.28898428124	882.080017089844
3346.24724614955	888.440002441406
3348.20495383962	884.599975585938
3350.16210756742	882.47998046875
3352.11870754883	885.840026855469
3354.07475399961	883.440002441406
3356.03024713539	881.760009765625
3357.98518717173	882.599975585938
3359.93957432403	887.320007324219
3361.89340880761	885.799987792969
3363.84669083768	884.799987792969
3365.79942062933	882.440002441406
3367.75159839753	883
3369.70322435715	887.440002441406
3371.65429872295	887.840026855469
3373.60482170957	891.52001953125
3375.55479353155	893.320007324219
3377.50421440332	888.919982910156
3379.45308453918	885.52001953125
3381.40140415335	881.960021972656
3383.34917345991	882.200012207031
3385.29639267284	884.400024414063
3387.24306200602	886.599975585938
3389.18918167321	887
3391.13475188806	888.760009765625
3393.07977286411	892.159973144531
3395.02424481479	895.559997558594
3396.96816795342	893.840026855469
3398.91154249322	887.359985351563
3400.85436864728	889.320007324219
3402.79664662859	890.080017089844
3404.73837665004	890.640014648438
3406.67955892439	887.840026855469
3408.62019366432	888.200012207031
3410.56028108236	891.200012207031
3412.49982139096	893.400024414063
3414.43881480247	893.440002441406
3416.37726152909	895.039978027344
3418.31516178295	890.200012207031
3420.25251577605	887.440002441406
3422.18932372029	887.559997558594
3424.12558582746	889.960021972656
3426.06130230922	892.039978027344
3427.99647337717	896.719970703125
3429.93109924274	887.400024414063
3431.8651801173	884.719970703125
3433.79871621209	881.320007324219
3435.73170773824	885.440002441406
3437.66415490678	890.200012207031
3439.59605792862	884.960021972656
3441.52741701458	882.359985351563
3443.45823237536	882.280029296875
3445.38850422154	881
3447.31823276362	886.679992675781
3449.24741821196	886.080017089844
3451.17606077684	883.640014648438
3453.10416066842	882.919982910156
3455.03171809674	884.359985351563
3456.95873327175	882.239990234375
3458.88520640329	883.960021972656
3460.81113770109	880.039978027344
3462.73652737477	876.239990234375
3464.66137563383	875
3466.58568268769	872.119995117188
3468.50944874565	874.599975585938
3470.43267401689	877.200012207031
3472.3553587105	877.440002441406
3474.27750303545	868.679992675781
3476.19910720062	864.760009765625
3478.12017141476	872.880004882813
3480.04069588654	876.159973144531
3481.9606808245	873.52001953125
3483.88012643707	872.080017089844
3485.79903293259	867.280029296875
3487.7174005193	863.080017089844
3489.63522940532	864.200012207031
3491.55251979864	857.840026855469
3493.46927190719	858
3495.38548593877	861.039978027344
3497.30116210107	860.159973144531
3499.21630060167	861.52001953125
3501.13090164807	859.840026855469
3503.04496544763	857.919982910156
3504.95849220763	856.039978027344
3506.87148213523	856.119995117188
3508.78393543748	857.719970703125
3510.69585232134	856.52001953125
3512.60723299365	856.080017089844
3514.51807766116	853.400024414063
3516.42838653049	853.679992675781
3518.33815980819	850.47998046875
3520.24739770066	847.080017089844
3522.15610041423	847.440002441406
3524.06426815511	844.799987792969
3525.9719011294	846.799987792969
3527.87899954311	849.159973144531
3529.78556360213	848.119995117188
3531.69159351225	843.47998046875
3533.59708947916	846.080017089844
3535.50205170844	843.159973144531
3537.40648040556	842.080017089844
3539.3103757759	837.719970703125
3541.21373802472	837.440002441406
3543.11656735717	835.880004882813
3545.01886397833	833.080017089844
3546.92062809313	835.679992675781
3548.82185990643	836.559997558594
3550.72255962297	835.039978027344
3552.62272744738	832.359985351563
3554.5223635842	830.400024414063
3556.42146823786	828.239990234375
3558.32004161268	828.400024414063
3560.21808391289	828.919982910156
3562.11559534259	831.359985351563
3564.01257610581	827.280029296875
3565.90902640645	828.719970703125
3567.80494644831	829.280029296875
3569.7003364351	827.679992675781
3571.59519657042	826.359985351563
3573.48952705774	823.039978027344
3575.38332810048	823.559997558594
3577.27659990191	827.719970703125
3579.16934266521	824.239990234375
3581.06155659346	824.320007324219
3582.95324188965	823.359985351563
3584.84439875663	821.880004882813
3586.73502739718	819
3588.62512801397	820.47998046875
3590.51470080955	820.919982910156
3592.40374598639	819.359985351563
3594.29226374685	820.039978027344
3596.18025429317	820.760009765625
3598.06771782751	817.320007324219
3599.95465455192	815.239990234375
3601.84106466834	816.960021972656
3603.72694837861	814.840026855469
3605.61230588447	815.359985351563
3607.49713738756	813.799987792969
3609.38144308942	815.919982910156
3611.26522319148	813.159973144531
3613.14847789506	812.880004882813
3615.0312074014	811.880004882813
3616.91341191162	810.799987792969
3618.79509162674	808.840026855469
3620.67624674769	807.239990234375
3622.55687747528	807.719970703125
3624.43698401024	808.799987792969
3626.31656655317	808.719970703125
3628.1956253046	809.640014648438
3630.07416046492	807.960021972656
3631.95217223446	807.919982910156
3633.82966081342	805.52001953125
3635.70662640191	804.039978027344
3637.58306919993	804.359985351563
3639.45898940739	804.159973144531
3641.33438722409	803.760009765625
3643.20926284973	803.47998046875
3645.08361648392	801.679992675781
3646.95744832614	802.320007324219
3648.8307585758	800.599975585938
3650.7035474322	801.679992675781
3652.57581509452	800.840026855469
3654.44756176188	800.039978027344
3656.31878763324	799.119995117188
3658.18949290753	796.52001953125
3660.05967778352	795.320007324219
3661.9293424599	795.760009765625
3663.79848713527	796.320007324219
3665.66711200812	796.119995117188
3667.53521727684	795.719970703125
3669.40280313972	794.039978027344
3671.26986979494	793.320007324219
3673.13641744059	793.039978027344
3675.00244627468	792.47998046875
