-140.373595351881	778.799987792969
-137.335129063906	778.52001953125
-134.297686810867	778.919982910156
-131.261268103955	778.719970703125
-128.225872454677	778.440002441406
-125.191499374839	779.039978027344
-122.158148376567	778.719970703125
-119.125818972292	779.200012207031
-116.094510674759	779.200012207031
-113.064222997021	779.320007324219
-110.034955452443	778.799987792969
-107.006707554687	778.880004882813
-103.979478817741	779.080017089844
-100.95326875589	778.359985351563
-97.928076883731	779.239990234375
-94.9039027161698	778.679992675781
-91.8807457684175	778.599975585938
-88.8586055560018	778.679992675781
-85.8374815947384	778.840026855469
-82.8173734007715	779.320007324219
-79.7982804905411	778.679992675781
-76.7802023807988	779
-73.7631385885914	778.960021972656
-70.7470886312892	779.200012207031
-67.732052026553	779.080017089844
-64.7180282923587	779.159973144531
-61.7050169469884	779.159973144531
-58.6930175090183	778.640014648438
-55.6820294973386	779
-52.6720524311495	778.840026855469
-49.66308582994	779
-46.6551292135171	779.039978027344
-43.6481821019882	778.880004882813
-40.6422440157577	779.320007324219
-37.6373144755424	778.799987792969
-34.6333930023594	779
-31.630479117526	779.119995117188
-28.6285723426709	779.119995117188
-25.6276721997107	779.440002441406
-22.6277782108771	779.080017089844
-19.628889898701	779.599975585938
-16.6310067860081	781
-13.6341283959385	786.679992675781
-10.6382542519231	824.039978027344
-7.64338387769432	918.039978027344
-4.64951679729502	987.080017089844
-1.65665253506141	955.440002441406
1.33520938438089	830.119995117188
4.32606943608095	784
7.315928094803	779.440002441406
10.3047858350146	779.080017089844
13.2926431308747	778.880004882813
16.2795004562541	779.080017089844
19.2653582847118	778.880004882813
22.2502170895187	779.320007324219
25.2340773436344	778.880004882813
28.216939519735	778.760009765625
31.1988040901939	778.599975585938
34.1796715270814	779
37.1595423021732	779.119995117188
40.1384168869468	779.280029296875
43.1162957525854	778.880004882813
46.0931793699786	778.640014648438
49.0690682097059	778.760009765625
52.0439627420619	778.47998046875
55.0178634370476	779.039978027344
57.9907707643592	778.52001953125
60.9626851933962	778.599975585938
63.9336071932735	778.719970703125
66.9035372328018	778.159973144531
69.8724757804959	778.799987792969
72.8404233045826	778.559997558594
75.8073802729932	778.400024414063
78.7733471533597	779.039978027344
81.738324413019	778.640014648438
84.702312519025	778.640014648438
87.665311938125	779.080017089844
90.6273231367761	778.559997558594
93.5883465811569	778.440002441406
96.5483827371242	779.159973144531
99.5074320702731	778.640014648438
102.465495045889	778.799987792969
105.422572128961	778.760009765625
108.378663784199	778.919982910156
111.333770476014	778.799987792969
114.287892668528	778.880004882813
117.24103082557	778.960021972656
120.193185410674	778.880004882813
123.144356887097	779.359985351563
126.094545717786	779.119995117188
129.043752365413	779.880004882813
131.991977292355	780.159973144531
134.939220960695	781.280029296875
137.885483832232	781.320007324219
140.83076636847	781.440002441406
143.775069030632	781.760009765625
146.718392279644	782.200012207031
149.660736576149	782.119995117188
152.602102380488	783.280029296875
155.54249015274	783.840026855469
158.481900352672	784.719970703125
161.420333439765	785.559997558594
164.357789873227	786.799987792969
167.294270111968	787.52001953125
170.229774614617	787.880004882813
173.164303839496	788.47998046875
176.097858244675	788.52001953125
179.030438287908	790.359985351563
181.962044426678	790.239990234375
184.89267711817	792.200012207031
187.822336819302	791.640014648438
190.751023986678	793.200012207031
193.678739076648	792.719970703125
196.605482545255	792.760009765625
199.531254848261	794.320007324219
202.456056441152	793.280029296875
205.379887779119	793.760009765625
208.30274931708	794.080017089844
211.224641509656	794.239990234375
214.145564811189	793.719970703125
217.06551967574	793.599975585938
219.984506557089	792.679992675781
222.902525908723	792.559997558594
225.819578183856	793.320007324219
228.735663835415	793.400024414063
231.650783316047	792.679992675781
234.564937078107	793.400024414063
237.478125573679	792.400024414063
240.390349254566	793.080017089844
243.301608572278	794
246.211903978051	793.039978027344
249.121235922839	793.599975585938
252.029604857321	795.400024414063
254.93701123188	795.880004882813
257.843455496632	796.440002441406
260.748938101415	796.559997558594
263.653459495766	797.119995117188
266.557020128967	797.440002441406
269.459620450005	797.200012207031
272.361260907595	799.200012207031
275.261941950168	798.400024414063
278.161664025874	797.799987792969
281.060427582592	798.320007324219
283.958233067921	798.599975585938
286.855080929176	798.559997558594
289.750971613398	799.200012207031
292.645905567344	797.840026855469
295.539883237503	798.760009765625
298.432905070079	799.239990234375
301.324971511007	798.640014648438
304.216083005931	801.840026855469
307.10624000023	807.440002441406
309.995442939003	818.760009765625
312.883692267071	835.159973144531
315.770988428979	860.080017089844
318.657331869	879.599975585938
321.542723031127	872.200012207031
324.427162359076	849.599975585938
327.310650296293	828.159973144531
330.193187285945	814.880004882813
333.074773770929	807.799987792969
335.955410193855	803.239990234375
338.835096997075	799.960021972656
341.713834622655	798.640014648438
344.59162351239	797.760009765625
347.468464107802	797.559997558594
350.344356850137	795.679992675781
353.219302180373	795.280029296875
356.093300539208	794.919982910156
358.966352367073	795.080017089844
361.838458104123	794.440002441406
364.70961819024	794.719970703125
367.579833065031	794.320007324219
370.449103167837	794.320007324219
373.317428937727	793.640014648438
376.184810813496	794
379.051249233659	794.239990234375
381.916744636474	794
384.78129745992	793.760009765625
387.644908141706	793
390.50757711927	793.679992675781
393.36930482978	793.400024414063
396.23009171014	793.320007324219
399.089938196969	793.599975585938
401.948844726631	793.599975585938
404.806811735214	793.960021972656
407.66383965853	793.919982910156
410.519928932138	793.119995117188
413.375079991314	793.320007324219
416.229293271071	793.200012207031
419.082569206155	793.640014648438
421.934908231031	792.960021972656
424.786310779917	793.52001953125
427.636777286748	794.200012207031
430.486308185189	794.760009765625
433.334903908649	793.719970703125
436.182564890262	795
439.029291562898	792.559997558594
441.875084359157	792.960021972656
444.719943711374	793.559997558594
447.563870051618	792.440002441406
450.406863811695	793.400024414063
453.248925423132	793.559997558594
456.090055317208	793.359985351563
458.93025392492	792.599975585938
461.76952167701	793
464.60785900395	793
467.44526633595	793.599975585938
470.281744102955	794.200012207031
473.117292734635	791.47998046875
475.951912660415	792.200012207031
478.785604309439	793.280029296875
481.618368110592	792.960021972656
484.450204492499	792.559997558594
487.281113883518	792.280029296875
490.111096711738	792.119995117188
492.940153404999	793.840026855469
495.768284390864	792.719970703125
498.595490096635	793.080017089844
501.421770949366	791.760009765625
504.247127375825	792.960021972656
507.071559802537	792
509.89506865575	792.440002441406
512.717654361473	792.239990234375
515.539317345424	793.239990234375
518.360058033083	793.880004882813
521.179876849652	792.679992675781
523.998774220083	794
526.816750569068	792.239990234375
529.633806321025	792.400024414063
532.44994190013	792.080017089844
535.265157730284	792.159973144531
538.079454235133	792.960021972656
540.892831838066	792.640014648438
543.705290962208	793.119995117188
546.516832030424	793.239990234375
549.32745546533	793.080017089844
552.137161689268	793.239990234375
554.945951124325	791.119995117188
557.753824192341	792.760009765625
560.560781314883	792.640014648438
563.36682291327	791.599975585938
566.171949408555	791.919982910156
568.976161221537	792.919982910156
571.779458772759	791.719970703125
574.5818424825	792
577.383312770792	792.400024414063
580.183870057402	792.239990234375
582.983514761843	791.760009765625
585.782247303363	791.159973144531
588.580068100976	791.47998046875
591.376977573414	791.679992675781
594.172976139164	791.960021972656
596.968064216463	791.159973144531
599.762242223282	791.760009765625
602.555510577335	790.960021972656
605.347869696099	791.880004882813
608.139319996771	790.919982910156
610.929861896313	790.359985351563
613.719495811421	791.760009765625
616.508222158541	791.880004882813
619.296041353863	791.119995117188
622.082953813324	791.159973144531
624.868959952607	790.719970703125
627.654060187137	790.799987792969
630.438254932094	790.719970703125
633.221544602397	790.880004882813
636.003929612719	790.440002441406
638.785410377468	790.400024414063
641.565987310814	790.159973144531
644.345660826665	791.080017089844
647.124431338674	790.840026855469
649.902299260252	791.47998046875
652.679265004552	790.400024414063
655.455328984475	790.840026855469
658.230491612671	791.880004882813
661.004753301541	791.159973144531
663.778114463229	790.799987792969
666.550575509631	791.359985351563
669.322136852395	791.640014648438
672.092798902916	791.320007324219
674.862562072336	791.359985351563
677.631426771548	791.640014648438
680.399393411204	790.760009765625
683.166462401689	790.960021972656
685.93263415315	790.760009765625
688.697909075486	791.640014648438
691.462287578337	791.200012207031
694.225770071098	790.47998046875
696.988356962926	790.239990234375
699.750048662705	791.119995117188
702.5108455791	791.080017089844
705.270748120503	790.359985351563
708.029756695068	791.080017089844
710.787871710705	791.760009765625
713.545093575065	791.440002441406
716.301422695566	791.200012207031
719.056859479364	791.159973144531
721.811404333376	791.960021972656
724.56505766427	792.119995117188
727.317819878473	791.119995117188
730.069691382148	790.760009765625
732.820672581226	790.47998046875
735.570763881396	791.440002441406
738.319965688092	791.599975585938
741.068278406496	791.200012207031
743.815702441559	791.840026855469
746.562238197974	791.599975585938
749.307886080196	791.919982910156
752.052646492436	792.599975585938
754.796519838656	792.080017089844
757.539506522567	792.559997558594
760.28160694765	791.47998046875
763.022821517128	792.400024414063
765.76315063399	791.919982910156
768.502594700972	790.880004882813
771.241154120572	791.640014648438
773.978829295045	791.679992675781
776.715620626397	791.919982910156
779.451528516396	793.039978027344
782.186553366565	793.239990234375
784.920695578179	793
787.653955552283	791.760009765625
790.386333689662	792.320007324219
793.117830390877	791.280029296875
795.848446056227	791.039978027344
798.578181085792	792.359985351563
801.307035879389	791.799987792969
804.035010836599	791.799987792969
806.762106356774	791.960021972656
809.488322839013	791.559997558594
812.213660682169	790.640014648438
814.938120284866	791.239990234375
817.661702045482	790.400024414063
820.384406362153	790.919982910156
823.10623363278	790.919982910156
825.827184255014	791.159973144531
828.547258626283	791.719970703125
831.266457143747	791.280029296875
833.984780204358	790.799987792969
836.702228204804	790.400024414063
839.418801541552	790.960021972656
842.134500610814	791.119995117188
844.849325808575	791.039978027344
847.563277530579	791.400024414063
850.276356172319	791.400024414063
852.988562129066	791.960021972656
855.69989579585	791.679992675781
858.410357567456	791.400024414063
861.119947838428	790.719970703125
863.828667003087	789.919982910156
866.536515455503	790.52001953125
869.243493589517	789.52001953125
871.949601798728	790.799987792969
874.654840476504	791.359985351563
877.359210015961	790.880004882813
880.062710810003	790.440002441406
882.765343251273	791.280029296875
885.467107732191	790.679992675781
888.168004644938	790.280029296875
890.868034381467	790.47998046875
893.567197333476	790.559997558594
896.265493892445	790.719970703125
898.962924449614	791.599975585938
901.659489395985	791.559997558594
904.355189122325	790.679992675781
907.050024019165	791.080017089844
909.743994476809	791.640014648438
912.437100885322	790.840026855469
915.129343634532	789.960021972656
917.820723114032	790.320007324219
920.511239713189	790.799987792969
923.200893821127	791.200012207031
925.889685826744	790.840026855469
928.577616118699	791.47998046875
931.264685085419	791.080017089844
933.950893115098	791.840026855469
936.6362405957	792.320007324219
939.320727914956	790.840026855469
942.004355460359	790.919982910156
944.687123619173	791.559997558594
947.369032778431	791.159973144531
950.050083324934	790.640014648438
952.730275645247	790.799987792969
955.409610125711	790.599975585938
958.088087152423	790.080017089844
960.765707111263	791.47998046875
963.442470387871	791.359985351563
966.118377367657	790.200012207031
968.793428435798	791.559997558594
971.467623977254	791.359985351563
974.140964376739	790.679992675781
976.813450018737	790.640014648438
979.485081287511	791.52001953125
982.155858567087	790.880004882813
984.825782241271	791.200012207031
987.494852693624	790.400024414063
990.163070307487	790.799987792969
992.830435465978	791.080017089844
995.496948551973	790.640014648438
998.162609948122	792.559997558594
1000.82742003685	794.679992675781
1003.49137920036	794.640014648438
1006.15448782061	793.200012207031
1008.81674627934	791.599975585938
1011.47815495806	789.960021972656
1014.13871423805	790.47998046875
1016.79842450037	789.880004882813
1019.45728612586	789.200012207031
1022.11529949509	789.320007324219
1024.77246498846	789.719970703125
1027.4287829861	789.799987792969
1030.08425386792	791.559997558594
1032.73887801363	790.599975585938
1035.3926558027	790.320007324219
1038.04558761435	790.840026855469
1040.69767382761	790.039978027344
1043.34891482125	789.960021972656
1045.99931097384	790.159973144531
1048.64886266371	790.52001953125
1051.29757026898	789.799987792969
1053.94543416753	790.239990234375
1056.59245473701	790.239990234375
1059.23863235486	790.280029296875
1061.8839673983	791.280029296875
1064.5284602443	790.840026855469
1067.17211126962	791.200012207031
1069.8149208508	789.919982910156
1072.45688936415	790.320007324219
1075.09801718577	791.119995117188
1077.7383046915	791.280029296875
1080.377752257	791.320007324219
1083.01636025767	791.280029296875
1085.65412906872	792
1088.2910590651	791.280029296875
1090.92715062157	791.640014648438
1093.56240411266	791.320007324219
1096.19681991265	791.559997558594
1098.83039839564	792.679992675781
1101.46313993547	791.359985351563
1104.09504490579	790.919982910156
1106.72611368	790.799987792969
1109.35634663129	789.840026855469
1111.98574413263	789.47998046875
1114.61430655677	790.200012207031
1117.24203427624	789.760009765625
1119.86892766333	790.640014648438
1122.49498709014	789.840026855469
1125.12021292851	791
1127.74460555011	790.719970703125
1130.36816532634	790.239990234375
1132.99089262841	790.400024414063
1135.6127878273	788.960021972656
1138.23385129376	788.47998046875
1140.85408339834	787.52001953125
1143.47348451137	788.359985351563
1146.09205500294	788.119995117188
1148.70979524293	788.400024414063
1151.326705601	787.840026855469
1153.9427864466	788.200012207031
1156.55803814896	789.440002441406
1159.17246107707	788.280029296875
1161.78605559974	789.159973144531
1164.39882208551	789.200012207031
1167.01076090276	789.400024414063
1169.6218724196	789.599975585938
1172.23215700396	789.239990234375
1174.84161502352	789.200012207031
1177.45024684578	789.719970703125
1180.05805283799	789.080017089844
1182.66503336719	789.640014648438
1185.27118880021	788.47998046875
1187.87651950367	787.840026855469
1190.48102584395	788.640014648438
1193.08470818723	788.47998046875
1195.68756689948	788.799987792969
1198.28960234643	789.599975585938
1200.89081489363	789.47998046875
1203.49120490636	790.47998046875
1206.09077274974	789.919982910156
1208.68951878864	790.52001953125
1211.28744338773	790.679992675781
1213.88454691145	790.119995117188
1216.48082972404	790.239990234375
1219.07629218953	791.47998046875
1221.6709346717	791.039978027344
1224.26475753416	791.280029296875
1226.85776114028	791.359985351563
1229.44994585322	792.400024414063
1232.04131203592	792.640014648438
1234.63186005112	792.760009765625
1237.22159026133	793.159973144531
1239.81050302886	794.559997558594
1242.3985987158	794.640014648438
1244.98587768402	794.559997558594
1247.5723402952	793.719970703125
1250.15798691078	793.559997558594
1252.74281789199	793.760009765625
1255.32683359987	793.679992675781
1257.91003439523	793.799987792969
1260.49242063865	793.719970703125
1263.07399269055	794.400024414063
1265.65475091108	793.840026855469
1268.23469566021	793.280029296875
1270.81382729769	792
1273.39214618306	793.320007324219
1275.96965267566	793.080017089844
1278.54634713458	792.799987792969
1281.12222991875	792.599975585938
1283.69730138685	792.359985351563
1286.27156189737	792.239990234375
1288.84501180858	792.47998046875
1291.41765147853	793.47998046875
1293.98948126509	792.960021972656
1296.56050152589	792.200012207031
1299.13071261837	793.200012207031
1301.70011489973	794.559997558594
1304.268708727	794.400024414063
1306.83649445698	794.080017089844
1309.40347244625	793.799987792969
1311.96964305119	795.559997558594
1314.53500662799	795.280029296875
1317.0995635326	794.400024414063
1319.66331412077	794.47998046875
1322.22625874806	794.320007324219
1324.7883977698	793.559997558594
1327.34973154112	793.559997558594
1329.91026041694	793.239990234375
1332.46998475197	792.880004882813
1335.0289049007	792.640014648438
1337.58702121746	793.799987792969
1340.14433405631	793.47998046875
1342.70084377115	792.919982910156
1345.25655071563	793.159973144531
1347.81145524323	792.400024414063
1350.36555770721	791.599975585938
1352.91885846062	790.52001953125
1355.47135785631	791.119995117188
1358.02305624691	790.679992675781
1360.57395398486	790
1363.12405142237	789.840026855469
1365.67334891148	789.599975585938
1368.22184680399	789.719970703125
1370.76954545151	789.200012207031
1373.31644520545	789.840026855469
1375.86254641699	788.679992675781
1378.40784943713	788.919982910156
1380.95235461666	789.200012207031
1383.49606230615	789.280029296875
1386.03897285598	790.47998046875
1388.58108661632	788.960021972656
1391.12240393713	788.719970703125
1393.66292516818	789.919982910156
1396.20265065903	789.200012207031
1398.74158075901	788.880004882813
1401.2797158173	788.919982910156
1403.81705618282	788.799987792969
1406.35360220431	788.760009765625
1408.88935423032	788.320007324219
1411.42431260919	788.400024414063
1413.95847768903	788.919982910156
1416.49184981777	789.559997558594
1419.02442934314	789.760009765625
1421.55621661266	789.440002441406
1424.08721197364	789.400024414063
1426.61741577321	790.080017089844
1429.14682835828	790.960021972656
1431.67545007555	791.280029296875
1434.20328127153	791.280029296875
1436.73032229253	792.359985351563
1439.25657348466	794.119995117188
1441.78203519381	794.47998046875
1444.3067077657	794.599975585938
1446.83059154581	794.799987792969
1449.35368687944	795.400024414063
1451.8759941117	795.52001953125
1454.39751358748	794.359985351563
1456.91824565148	794.200012207031
1459.43819064818	794.239990234375
1461.95734892189	792.400024414063
1464.4757208167	793.080017089844
1466.99330667649	791.640014648438
1469.51010684497	791.799987792969
1472.02612166564	789.919982910156
1474.54135148177	789.640014648438
1477.05579663646	789.080017089844
1479.56945747262	789.280029296875
1482.08233433293	788.799987792969
1484.59442755989	788.559997558594
1487.10573749579	788.280029296875
1489.61626448275	788
1492.12600886264	788.239990234375
1494.63497097718	787.039978027344
1497.14315116786	786.400024414063
1499.65054977599	786.52001953125
1502.15716714267	786.159973144531
1504.66300360881	785.359985351563
1507.16805951512	785.799987792969
1509.67233520211	786.52001953125
1512.1758310101	786.440002441406
1514.67854727919	785.559997558594
1517.18048434931	785.679992675781
1519.68164256018	785.159973144531
1522.18202225132	785.119995117188
1524.68162376207	785.080017089844
1527.18044743155	785.880004882813
1529.67849359869	785.599975585938
1532.17576260224	785.840026855469
1534.67225478072	785.799987792969
1537.1679704725	785.440002441406
1539.66291001572	785.679992675781
1542.15707374832	786
1544.65046200807	786.880004882813
1547.14307513254	786.52001953125
1549.63491345907	786.719970703125
1552.12597732485	787.960021972656
1554.61626706685	787.359985351563
1557.10578302185	787.159973144531
1559.59452552644	787.400024414063
1562.082494917	787.47998046875
1564.56969152973	788
1567.05611570064	788.799987792969
1569.54176776552	789.47998046875
1572.02664806	788.799987792969
1574.51075691949	788.760009765625
1576.99409467921	789.640014648438
1579.4766616742	789.52001953125
1581.95845823929	789.880004882813
1584.43948470912	789.640014648438
1586.91974141815	790.080017089844
1589.39922870064	789.52001953125
1591.87794689064	789.679992675781
1594.35589632202	788.47998046875
1596.83307732848	788.52001953125
1599.30949024348	789
1601.78513540033	789.320007324219
1604.26001313211	790
1606.73412377175	790.440002441406
1609.20746765196	790.440002441406
1611.68004510526	790.960021972656
1614.15185646398	790.320007324219
1616.62290206026	790.119995117188
1619.09318222605	790.359985351563
1621.56269729311	791.320007324219
1624.031447593	790.320007324219
1626.4994334571	790.200012207031
1628.9666552166	791.880004882813
1631.43311320248	792
1633.89880774554	791.599975585938
1636.3637391764	791.47998046875
1638.82790782548	791.679992675781
1641.29131402301	792.640014648438
1643.75395809903	792.200012207031
1646.21584038339	794.239990234375
1648.67696120575	794.760009765625
1651.13732089558	795.280029296875
1653.59691978216	795.320007324219
1656.05575819459	795.119995117188
1658.51383646175	795.119995117188
1660.97115491238	795.599975585938
1663.42771387498	794.559997558594
1665.8835136779	793.960021972656
1668.33855464928	793.47998046875
1670.79283711708	792.559997558594
1673.24636140907	791.679992675781
1675.69912785282	791.559997558594
1678.15113677572	791.960021972656
1680.602388505	790.599975585938
1683.05288336764	790.320007324219
1685.50262169049	789.640014648438
1687.95160380019	788.159973144531
1690.39983002318	787.960021972656
1692.84730068573	787.919982910156
1695.29401611392	787.440002441406
1697.73997663364	787.679992675781
1700.18518257059	785.760009765625
1702.6296342503	785.599975585938
1705.07333199807	785.119995117188
1707.51627613907	784.799987792969
1709.95846699824	784.679992675781
1712.39990490036	784.840026855469
1714.84059017001	785
1717.28052313159	783.840026855469
1719.7197041093	784.080017089844
1722.15813342718	784
1724.59581140906	783.679992675781
1727.03273837859	782.960021972656
1729.46891465926	783.47998046875
1731.90434057432	783.960021972656
1734.3390164469	783.880004882813
1736.7729425999	783.039978027344
1739.20611935604	783.119995117188
1741.63854703787	783.320007324219
1744.07022596776	783.039978027344
1746.50115646787	783.200012207031
1748.93133886019	782.840026855469
1751.36077346652	782.440002441406
1753.7894606085	783
1756.21740060755	782.640014648438
1758.64459378494	782.119995117188
1761.07104046172	783
1763.49674095879	782.719970703125
1765.92169559684	782.359985351563
1768.3459046964	782.400024414063
1770.7693685778	782.47998046875
1773.1920875612	782.119995117188
1775.61406196656	782.840026855469
1778.03529211367	781.919982910156
1780.45577832214	782
1782.87552091138	782.119995117188
1785.29452020064	781.760009765625
1787.71277650897	781.919982910156
1790.13029015525	782.159973144531
1792.54706145817	782.080017089844
1794.96309073625	782.400024414063
1797.3783783078	781.880004882813
1799.79292449097	781.880004882813
1802.20672960375	781.719970703125
1804.61979396389	782.280029296875
1807.03211788902	781.840026855469
1809.44370169655	782.359985351563
1811.85454570373	781.880004882813
1814.2646502276	782
1816.67401558506	781.880004882813
1819.0826420928	781.679992675781
1821.49053006734	781.400024414063
1823.89767982501	781.880004882813
1826.30409168198	781.52001953125
1828.70976595422	781.679992675781
1831.11470295753	781.359985351563
1833.51890300752	781.599975585938
1835.92236641964	781.760009765625
1838.32509350914	781.760009765625
1840.72708459111	781.119995117188
1843.12833998044	781.599975585938
1845.52885999184	781.679992675781
1847.92864493987	781.960021972656
1850.32769513889	781.960021972656
1852.72601090307	781.760009765625
1855.12359254642	781.679992675781
1857.52044038278	781.359985351563
1859.91655472578	781.599975585938
1862.31193588889	782.200012207031
1864.70658418542	781.320007324219
1867.10049992847	781.599975585938
1869.49368343096	781.760009765625
1871.88613500568	781.119995117188
1874.27785496518	781.760009765625
1876.66884362188	781.640014648438
1879.059101288	782.080017089844
1881.44862827559	781.679992675781
1883.8374248965	782.159973144531
1886.22549146246	781.440002441406
1888.61282828495	781.52001953125
1890.99943567534	781.960021972656
1893.38531394477	782.080017089844
1895.77046340424	781.640014648438
1898.15488436455	781.400024414063
1900.53857713634	781.679992675781
1902.92154203006	781.840026855469
1905.303779356	781.559997558594
1907.68528942426	781.880004882813
1910.06607254477	781.599975585938
1912.44612902729	781.880004882813
1914.82545918139	782.280029296875
1917.20406331648	781.359985351563
1919.58194174178	781.840026855469
1921.95909476634	781.799987792969
1924.33552269905	781.679992675781
1926.71122584861	782.599975585938
1929.08620452353	781.47998046875
1931.46045903219	781.47998046875
1933.83398968275	782.039978027344
1936.20679678322	781.960021972656
1938.57888064142	781.599975585938
1940.95024156502	782.039978027344
1943.3208798615	781.799987792969
1945.69079583816	781.760009765625
1948.05998980213	781.599975585938
1950.42846206038	781.919982910156
1952.79621291969	782.080017089844
1955.16324268668	781.280029296875
1957.52955166778	781.599975585938
1959.89514016927	782.320007324219
1962.26000849723	781.280029296875
1964.62415695759	781.919982910156
1966.98758585609	782.200012207031
1969.3502954983	782
1971.71228618964	782
1974.07355823532	782.080017089844
1976.43411194042	782.280029296875
1978.79394760981	781.919982910156
1981.1530655482	782.559997558594
1983.51146606014	782.039978027344
1985.86914944999	782.080017089844
1988.22611602196	781.799987792969
1990.58236608007	782.039978027344
1992.93789992817	782.440002441406
1995.29271786995	782.159973144531
1997.64682020892	782.440002441406
2000.00020724843	781.52001953125
2002.35287929162	781.799987792969
2004.70483664152	781.919982910156
2007.05607960095	781.919982910156
2009.40660847256	782.200012207031
2011.75642355884	781.960021972656
2014.1055251621	782.159973144531
2016.4539135845	782
2018.80158912802	782.200012207031
2021.14855209444	782.280029296875
2023.49480278542	782.159973144531
2025.84034150242	782.080017089844
2028.18516854673	782.039978027344
2030.52928421948	782.080017089844
2032.87268882163	781.679992675781
2035.21538265398	782.719970703125
2037.55736601713	783.159973144531
2039.89863921153	782.679992675781
2042.23920253747	782.159973144531
2044.57905629506	782.400024414063
2046.91820078425	782.880004882813
2049.2566363048	781.799987792969
2051.59436315633	782.080017089844
2053.93138163827	782.640014648438
2056.2676920499	782.440002441406
2058.6032946903	782.200012207031
2060.93818985843	782.599975585938
2063.27237785303	782.47998046875
2065.60585897272	782.47998046875
2067.93863351592	782.599975585938
2070.27070178089	782.599975585938
2072.60206406574	782.400024414063
2074.93272066838	782.719970703125
2077.26267188658	782.280029296875
2079.59191801793	782.200012207031
2081.92045935985	782.52001953125
2084.24829620962	782
2086.57542886431	782.599975585938
2088.90185762087	783
2091.22758277604	782.400024414063
2093.55260462643	782.640014648438
2095.87692346845	782.440002441406
2098.20053959837	782.559997558594
2100.52345331229	782.400024414063
2102.84566490614	782.239990234375
2105.16717467567	782.880004882813
2107.48798291649	782.599975585938
2109.80808992403	782.47998046875
2112.12749599355	782.599975585938
2114.44620142016	783.039978027344
2116.7642064988	782.840026855469
2119.08151152423	782.760009765625
2121.39811679106	782.599975585938
2123.71402259374	782.200012207031
2126.02922922653	782.080017089844
2128.34373698356	782.47998046875
2130.65754615876	782.47998046875
2132.97065704594	782.880004882813
2135.28306993869	783
2137.59478513047	783.080017089844
2139.90580291459	782.320007324219
2142.21612358416	781.880004882813
2144.52574743214	782.320007324219
2146.83467475134	782.840026855469
2149.1429058344	782.679992675781
2151.45044097377	782.760009765625
2153.75728046178	782.799987792969
2156.06342459057	782.320007324219
2158.36887365212	782.919982910156
2160.67362793825	782.559997558594
2162.97768774061	782.719970703125
2165.28105335071	782.280029296875
2167.58372505987	782.679992675781
2169.88570315926	782.400024414063
2172.18698793988	782.080017089844
2174.48757969258	782.080017089844
2176.78747870805	782.760009765625
2179.08668527679	782.400024414063
2181.38519968917	782.679992675781
2183.68302223538	782.159973144531
2185.98015320547	782.080017089844
2188.27659288929	782.400024414063
2190.57234157656	782.679992675781
2192.86739955682	782.200012207031
2195.16176711948	782.039978027344
2197.45544455375	782.280029296875
2199.74843214869	782
2202.04073019322	783.039978027344
2204.33233897607	782.280029296875
2206.62325878583	782.679992675781
2208.91348991093	782.239990234375
2211.20303263961	782.559997558594
2213.49188726	782.47998046875
2215.78005406001	782
2218.06753332744	782.760009765625
2220.35432534991	782.239990234375
2222.64043041487	782.280029296875
2224.92584880964	782
2227.21058082134	782.239990234375
2229.49462673696	782.080017089844
2231.77798684332	782.039978027344
2234.06066142709	782
2236.34265077477	782.599975585938
2238.62395517269	782.599975585938
2240.90457490706	781.840026855469
2243.18451026388	782.119995117188
2245.46376152904	782.159973144531
2247.74232898823	782.039978027344
2250.02021292701	781.52001953125
2252.29741363077	781.840026855469
2254.57393138475	781.719970703125
2256.849766474	781.799987792969
2259.12491918346	782.400024414063
2261.39938979788	782.200012207031
2263.67317860185	781.840026855469
2265.94628587983	781.799987792969
2268.2187119161	781.320007324219
2270.49045699478	782.119995117188
2272.76152139985	782.080017089844
2275.03190541511	782.039978027344
2277.30160932421	782.159973144531
2279.57063341067	781.599975585938
2281.83897795781	781.880004882813
2284.10664324882	782.119995117188
2286.37362956672	781.799987792969
2288.63993719439	782.119995117188
2290.90556641454	782
2293.17051750973	782.039978027344
2295.43479076235	781.599975585938
2297.69838645465	782.320007324219
2299.96130486871	782
2302.22354628647	782.159973144531
2304.48511098971	781.679992675781
2306.74599926003	781.919982910156
2309.00621137891	781.919982910156
2311.26574762765	782.039978027344
2313.52460828741	782.039978027344
2315.78279363917	781.760009765625
2318.04030396379	781.559997558594
2320.29713954195	781.080017089844
2322.55330065418	781.760009765625
2324.80878758085	782.039978027344
2327.06360060219	781.599975585938
2329.31773999826	781.960021972656
2331.57120604897	781.719970703125
2333.82399903409	781.440002441406
2336.0761192332	781.919982910156
2338.32756692577	781
2340.57834239108	782
2342.82844590827	781.799987792969
2345.07787775633	781.880004882813
2347.32663821409	781.47998046875
2349.57472756023	781.599975585938
2351.82214607327	782
2354.06889403158	782
2356.31497171337	782.159973144531
2358.56037939672	781.760009765625
2360.80511735953	781.080017089844
2363.04918587955	781.559997558594
2365.29258523439	781.320007324219
2367.5353157015	781.440002441406
2369.77737755817	781.52001953125
2372.01877108156	781.799987792969
2374.25949654865	781.52001953125
2376.49955423629	781.640014648438
2378.73894442115	781.039978027344
2380.97766737977	781.719970703125
2383.21572338855	781.400024414063
2385.45311272369	780.799987792969
2387.68983566129	780.960021972656
2389.92589247727	780.799987792969
2392.1612834474	781.320007324219
2394.39600884731	780.719970703125
2396.63006895246	781.159973144531
2398.86346403818	781.840026855469
2401.09619437962	780.840026855469
2403.32826025182	781.320007324219
2405.55966192963	781.52001953125
2407.79039968777	781.679992675781
2410.0204738008	781.039978027344
2412.24988454313	781
2414.47863218902	781.47998046875
2416.70671701258	781.960021972656
2418.93413928778	781.47998046875
2421.16089928842	780.799987792969
2423.38699728817	781.559997558594
2425.61243356052	781.119995117188
2427.83720837884	781.400024414063
2430.06132201633	781.159973144531
2432.28477474606	781.200012207031
2434.50756684093	781.400024414063
2436.72969857371	781.239990234375
2438.95117021699	781.280029296875
2441.17198204325	781.280029296875
2443.39213432478	781.559997558594
2445.61162733376	781.119995117188
2447.83046134218	780.919982910156
2450.04863662192	781.840026855469
2452.26615344468	781.200012207031
2454.48301208203	781.039978027344
2456.69921280539	781.280029296875
2458.91475588602	781.719970703125
2461.12964159504	781.440002441406
2463.34387020342	781.679992675781
2465.55744198198	781.640014648438
2467.77035720139	780.919982910156
2469.98261613217	781.239990234375
2472.1942190447	781.47998046875
2474.40516620922	781.239990234375
2476.6154578958	780.640014648438
2478.82509437436	781.039978027344
2481.03407591471	781.760009765625
2483.24240278646	781.359985351563
2485.45007525911	780.640014648438
2487.65709360202	781.359985351563
2489.86345808435	781.919982910156
2492.06916897518	781.239990234375
2494.27422654339	781.640014648438
2496.47863105774	781
2498.68238278683	781.280029296875
2500.88548199912	781.640014648438
2503.08792896294	781.679992675781
2505.28972394643	781.640014648438
2507.49086721763	781.200012207031
2509.6913590444	780.320007324219
2511.89119969447	781.200012207031
2514.09038943543	781.400024414063
2516.2889285347	781.559997558594
2518.48681725957	781.599975585938
2520.6840558772	781.400024414063
2522.88064465456	781
2525.07658385852	781.400024414063
2527.27187375578	781.719970703125
2529.4665146129	781.280029296875
2531.66050669629	781.080017089844
2533.85385027222	781.080017089844
2536.04654560681	781.039978027344
2538.23859296605	781.640014648438
2540.42999261577	781.52001953125
2542.62074482166	781.47998046875
2544.81084984925	780.799987792969
2547.00030796395	781.200012207031
2549.18911943101	781.599975585938
2551.37728451555	781.239990234375
2553.56480348252	781.200012207031
2555.75167659675	780.960021972656
2557.93790412292	781.359985351563
2560.12348632556	781.640014648438
2562.30842346905	781.599975585938
2564.49271581764	781.960021972656
2566.67636363544	781.47998046875
2568.85936718639	781.200012207031
2571.04172673431	781.47998046875
2573.22344254288	781.359985351563
2575.40451487562	781.320007324219
2577.58494399591	781.559997558594
2579.76473016699	781.280029296875
2581.94387365196	781.080017089844
2584.12237471377	781.47998046875
2586.30023361523	781.760009765625
2588.47745061901	781.640014648438
2590.65402598763	781.080017089844
2592.82995998348	781.559997558594
2595.0052528688	781.359985351563
2597.17990490568	781.239990234375
2599.35391635608	781.280029296875
2601.52728748181	781.200012207031
2603.70001854454	780.960021972656
2605.8721098058	781.159973144531
2608.04356152698	781.239990234375
2610.21437396931	781.200012207031
2612.3845473939	781.719970703125
2614.55408206173	781.559997558594
2616.72297823359	781.919982910156
2618.89123617017	781.239990234375
2621.058856132	781.52001953125
2623.22583837949	781.760009765625
2625.39218317288	781.559997558594
2627.55789077229	781.640014648438
2629.72296143769	781.080017089844
2631.88739542891	781.239990234375
2634.05119300563	781.679992675781
2636.21435442742	781.52001953125
2638.37687995367	782.119995117188
2640.53876984365	781.640014648438
2642.70002435649	782.200012207031
2644.86064375119	781.559997558594
2647.02062828658	781.47998046875
2649.17997822137	781.960021972656
2651.33869381413	781.719970703125
2653.49677532328	781.47998046875
2655.65422300711	781.400024414063
2657.81103712378	781.320007324219
2659.96721793127	781.159973144531
2662.12276568747	782.119995117188
2664.2776806501	782.119995117188
2666.43196307675	781.880004882813
2668.58561322486	781.840026855469
2670.73863135176	781.52001953125
2672.8910177146	781.760009765625
2675.04277257043	781.840026855469
2677.19389617612	781.280029296875
2679.34438878845	782.239990234375
2681.49425066402	781.880004882813
2683.64348205931	782.039978027344
2685.79208323065	781.840026855469
2687.94005443425	781.880004882813
2690.08739592617	781.919982910156
2692.23410796233	782.119995117188
2694.38019079852	781.799987792969
2696.52564469038	782.280029296875
2698.67046989342	781.880004882813
2700.81466666302	781.47998046875
2702.9582352544	782.359985351563
2705.10117592265	781.880004882813
2707.24348892275	782.47998046875
2709.3851745095	782.200012207031
2711.5262329376	782.640014648438
2713.66666446158	782.840026855469
2715.80646933585	782.359985351563
2717.94564781468	782.719970703125
2720.08420015222	782.640014648438
2722.22212660245	782.919982910156
2724.35942741923	783.400024414063
2726.49610285628	783.039978027344
2728.63215316721	783.080017089844
2730.76757860544	782.840026855469
2732.9023794243	783.280029296875
2735.03655587697	783.47998046875
2737.17010821648	783.200012207031
2739.30303669573	783.799987792969
2741.4353415675	782.440002441406
2743.56702308442	782.719970703125
2745.69808149898	782.960021972656
2747.82851706355	782.239990234375
2749.95833003034	782.679992675781
2752.08752065145	783.47998046875
2754.21608917883	782.559997558594
2756.3440358643	783.239990234375
2758.47136095954	782.960021972656
2760.59806471609	783.200012207031
2762.72414738537	781.960021972656
2764.84960921865	782.440002441406
2766.97445046708	782.400024414063
2769.09867138166	782.760009765625
2771.22227221326	782.359985351563
2773.34525321263	782.840026855469
2775.46761463035	782.960021972656
2777.58935671691	782.919982910156
2779.71047972262	782.640014648438
2781.83098389771	782.919982910156
2783.95086949221	782.359985351563
2786.07013675607	782.719970703125
2788.18878593908	783.239990234375
2790.3068172909	782.640014648438
2792.42423106106	782.47998046875
2794.54102749895	782.599975585938
2796.65720685384	783.47998046875
2798.77276937486	783.039978027344
2800.88771531098	782.359985351563
2803.00204491107	783.239990234375
2805.11575842387	783.119995117188
2807.22885609796	782.919982910156
2809.34133818179	782.960021972656
2811.4532049237	783.039978027344
2813.56445657189	783.640014648438
2815.6750933744	783.840026855469
2817.78511557916	783.880004882813
2819.89452343398	783.760009765625
2822.00331718652	784
2824.11149708429	784.559997558594
2826.2190633747	784.47998046875
2828.32601630502	785.280029296875
2830.43235612237	785.760009765625
2832.53808307375	785.799987792969
2834.64319740603	786.400024414063
2836.74769936595	787
2838.85158920011	788.919982910156
2840.95486715497	788.719970703125
2843.05753347689	790.919982910156
2845.15958841206	791.440002441406
2847.26103220657	792.919982910156
2849.36186510636	794.719970703125
2851.46208735724	793.640014648438
2853.56169920488	794.280029296875
2855.66070089485	794.47998046875
2857.75909267257	795.679992675781
2859.85687478332	795.919982910156
2861.95404747225	796.119995117188
2864.05061098439	798.47998046875
2866.14656556464	799.960021972656
2868.24191145777	799.359985351563
2870.3366489084	798.119995117188
2872.43077816104	800.039978027344
2874.52429946006	801.679992675781
2876.61721304971	802.840026855469
2878.70951917409	803.080017089844
2880.8012180772	801.679992675781
2882.89231000287	803
2884.98279519483	803.599975585938
2887.07267389667	802.119995117188
2889.16194635186	803.799987792969
2891.25061280373	803.799987792969
2893.33867349546	803.159973144531
2895.42612867015	804.440002441406
2897.51297857074	804.599975585938
2899.59922344003	803.599975585938
2901.68486352071	804.840026855469
2903.76989905533	806.239990234375
2905.85433028632	807.47998046875
2907.93815745598	807.719970703125
2910.02138080648	807.679992675781
2912.10400057985	808.799987792969
2914.186017018	808.280029296875
2916.26743036271	808.640014648438
2918.34824085563	809.320007324219
2920.4284487383	810.47998046875
2922.5080542521	811.440002441406
2924.58705763829	812.919982910156
2926.66545913802	814.440002441406
2928.74325899231	814.119995117188
2930.82045744202	814.039978027344
2932.89705472792	814.599975585938
2934.97305109062	816.280029296875
2937.04844677063	815.400024414063
2939.12324200832	815.47998046875
2941.19743704393	813.280029296875
2943.27103211757	812.400024414063
2945.34402746923	810.599975585938
2947.41642333876	809.400024414063
2949.48821996592	809.400024414063
2951.55941759028	806.52001953125
2953.63001645135	808.200012207031
2955.70001678845	807.47998046875
2957.76941884083	806.599975585938
2959.83822284757	804.880004882813
2961.90642904764	805.239990234375
2963.97403767988	805.47998046875
2966.04104898302	804.960021972656
2968.10746319565	803.760009765625
2970.17328055621	803.919982910156
2972.23850130305	802.359985351563
2974.30312567438	802.280029296875
2976.36715390829	802.799987792969
2978.43058624273	803.400024414063
2980.49342291553	802.679992675781
2982.55566416439	802
2984.61731022691	800.679992675781
2986.67836134051	800.47998046875
2988.73881774255	800
2990.79867967021	799.159973144531
2992.85794736058	799.359985351563
2994.9166210506	797.080017089844
2996.97470097711	797.640014648438
2999.03218737679	797.200012207031
3001.08908048622	796.960021972656
3003.14538054186	796.039978027344
3005.20108778002	797.719970703125
3007.25620243691	795.359985351563
3009.3107247486	797.239990234375
3011.36465495104	795.359985351563
3013.41799328004	795.679992675781
3015.47073997133	796.320007324219
3017.52289526045	795.960021972656
3019.57445938288	795.320007324219
3021.62543257393	795.919982910156
3023.6758150688	795.679992675781
3025.72560710258	795.840026855469
3027.77480891021	795.159973144531
3029.82342072652	794.52001953125
3031.87144278622	796.719970703125
3033.91887532389	796.840026855469
3035.96571857399	798.200012207031
3038.01197277084	797.47998046875
3040.05763814867	796.880004882813
3042.10271494154	796.52001953125
3044.14720338344	799.039978027344
3046.19110370818	799.359985351563
3048.2344161495	799.440002441406
3050.27714094097	799.359985351563
3052.31927831608	798.840026855469
3054.36082850816	801.679992675781
3056.40179175044	800.880004882813
3058.44216827602	800.52001953125
3060.48195831786	800.559997558594
3062.52116210884	801.320007324219
3064.55977988167	802.719970703125
3066.59781186897	802.640014648438
3068.63525830322	804.359985351563
3070.67211941678	804.599975585938
3072.7083954419	802.960021972656
3074.7440866107	802.919982910156
3076.77919315516	802.200012207031
3078.81371530716	803.840026855469
3080.84765329846	804.320007324219
3082.88100736068	803.119995117188
3084.91377772534	803.760009765625
3086.94596462381	806.280029296875
3088.97756828737	805.840026855469
3091.00858894714	805.47998046875
3093.03902683417	805.960021972656
3095.06888217933	806.080017089844
3097.09815521342	805.47998046875
3099.12684616709	808.559997558594
3101.15495527087	808.760009765625
3103.18248275518	809.039978027344
3105.20942885031	808.599975585938
3107.23579378642	810.119995117188
3109.26157779358	811.239990234375
3111.28678110171	813.880004882813
3113.31140394062	812.239990234375
3115.33544654	811.880004882813
3117.35890912942	812
3119.38179193832	813.400024414063
3121.40409519602	816.080017089844
3123.42581913174	814.679992675781
3125.44696397457	814.760009765625
3127.46752995345	817.239990234375
3129.48751729725	818.599975585938
3131.50692623469	816.239990234375
3133.52575699436	816.47998046875
3135.54400980476	817.640014648438
3137.56168489425	820.840026855469
3139.57878249108	821
3141.59530282337	821
3143.61124611913	820.359985351563
3145.62661260624	821
3147.64140251247	821.119995117188
3149.65561606547	819.880004882813
3151.66925349277	821.080017089844
3153.68231502177	824.159973144531
3155.69480087977	823.400024414063
3157.70671129394	827.760009765625
3159.71804649132	829.919982910156
3161.72880669886	826
3163.73899214336	826.719970703125
3165.74860305152	828
3167.75763964991	827.640014648438
3169.766102165	829.960021972656
3171.77399082313	834.640014648438
3173.7813058505	831.47998046875
3175.78804747323	828.320007324219
3177.79421591731	830.359985351563
3179.79981140859	832.119995117188
3181.80483417282	831.359985351563
3183.80928443564	834.239990234375
3185.81316242255	835.200012207031
3187.81646835896	833.960021972656
3189.81920247013	835.359985351563
3191.82136498122	837.359985351563
3193.82295611727	839.280029296875
3195.82397610321	837.919982910156
3197.82442516385	837.840026855469
3199.82430352386	839
3201.82361140782	841.52001953125
3203.82234904018	843.320007324219
3205.82051664529	838.400024414063
3207.81811444735	840.52001953125
3209.81514267047	841.799987792969
3211.81160153863	839.679992675781
3213.80749127571	841.52001953125
3215.80281210545	840.400024414063
3217.79756425148	842.599975585938
3219.79174793733	840.559997558594
3221.7853633864	840.960021972656
3223.77841082196	844.359985351563
3225.77089046719	845.080017089844
3227.76280254513	847.760009765625
3229.75414727873	844.400024414063
3231.74492489081	846.52001953125
3233.73513560406	846.400024414063
3235.72477964107	847.080017089844
3237.71385722431	848.880004882813
3239.70236857614	846.640014648438
3241.6903139188	842.960021972656
3243.6776934744	840.960021972656
3245.66450746496	844.039978027344
3247.65075611237	843
3249.63643963841	841.719970703125
3251.62155826472	845
3253.60611221287	845.359985351563
3255.59010170428	844.760009765625
3257.57352696026	848.039978027344
3259.55638820202	848.52001953125
3261.53868565064	849.239990234375
3263.52041952708	850.599975585938
3265.50159005221	849.599975585938
3267.48219744676	843.719970703125
3269.46224193136	845.599975585938
3271.44172372651	849.440002441406
3273.42064305262	847.799987792969
3275.39900012996	846.760009765625
3277.3767951787	844.760009765625
3279.35402841889	845.239990234375
3281.33070007047	847.200012207031
3283.30681035326	846.960021972656
3285.28235948698	847.400024414063
3287.25734769121	848.280029296875
3289.23177518544	850
3291.20564218903	848.679992675781
3293.17894892124	847.919982910156
3295.1516956012	847.760009765625
3297.12388244795	844.359985351563
3299.09550968039	847.400024414063
3301.06657751732	846.640014648438
3303.03708617743	846.960021972656
3305.00703587929	850.320007324219
3306.97642684135	849.080017089844
3308.94525928196	844.280029296875
3310.91353341935	845.400024414063
3312.88124947164	846.440002441406
3314.84840765683	844.880004882813
3316.81500819282	844.359985351563
3318.78105129738	844.960021972656
3320.74653718818	846.119995117188
3322.71146608278	843.400024414063
3324.67583819861	844.640014648438
3326.639653753	847.640014648438
3328.60291296317	849.559997558594
3330.56561604621	847.679992675781
3332.52776321913	847.400024414063
3334.4893546988	848.039978027344
3336.45039070198	846.47998046875
3338.41087144533	843.559997558594
3340.37079714539	843.359985351563
3342.33016801859	841.359985351563
3344.28898428124	843
3346.24724614955	845.52001953125
3348.20495383962	844.640014648438
3350.16210756742	841.799987792969
3352.11870754883	843.799987792969
3354.07475399961	843.320007324219
3356.03024713539	843.400024414063
3357.98518717173	845.280029296875
3359.93957432403	846.840026855469
3361.89340880761	844.280029296875
3363.84669083768	845.039978027344
3365.79942062933	842.719970703125
3367.75159839753	841.919982910156
3369.70322435715	845.679992675781
3371.65429872295	846.239990234375
3373.60482170957	850.200012207031
3375.55479353155	851.239990234375
3377.50421440332	847.159973144531
3379.45308453918	846.47998046875
3381.40140415335	845.599975585938
3383.34917345991	847.280029296875
3385.29639267284	845.559997558594
3387.24306200602	844.52001953125
3389.18918167321	845.159973144531
3391.13475188806	848.440002441406
3393.07977286411	851.719970703125
3395.02424481479	853.880004882813
3396.96816795342	854.52001953125
3398.91154249322	848.239990234375
3400.85436864728	849.840026855469
3402.79664662859	846.52001953125
3404.73837665004	847.760009765625
3406.67955892439	846.320007324219
3408.62019366432	844.719970703125
3410.56028108236	846.440002441406
3412.49982139096	850.52001953125
3414.43881480247	852
3416.37726152909	850.799987792969
3418.31516178295	850.359985351563
3420.25251577605	850.239990234375
3422.18932372029	848.400024414063
3424.12558582746	848.159973144531
3426.06130230922	850.159973144531
3427.99647337717	848.280029296875
3429.93109924274	846.960021972656
3431.8651801173	846.52001953125
3433.79871621209	845.280029296875
3435.73170773824	846.47998046875
3437.66415490678	848.119995117188
3439.59605792862	843.47998046875
3441.52741701458	845.559997558594
3443.45823237536	843.320007324219
3445.38850422154	841.760009765625
3447.31823276362	847.799987792969
3449.24741821196	846.719970703125
3451.17606077684	843.640014648438
3453.10416066842	843.559997558594
3455.03171809674	845.080017089844
3456.95873327175	841.760009765625
3458.88520640329	842
3460.81113770109	842.359985351563
3462.73652737477	840.239990234375
3464.66137563383	840.799987792969
3466.58568268769	838.679992675781
3468.50944874565	838.080017089844
3470.43267401689	837.200012207031
3472.3553587105	839.640014648438
3474.27750303545	837.960021972656
3476.19910720062	835.760009765625
3478.12017141476	839.679992675781
3480.04069588654	841.919982910156
3481.9606808245	839.719970703125
3483.88012643707	837.760009765625
3485.79903293259	836.640014648438
3487.7174005193	833
3489.63522940532	832.200012207031
3491.55251979864	830.880004882813
3493.46927190719	829.760009765625
3495.38548593877	829.440002441406
3497.30116210107	829.47998046875
3499.21630060167	831.640014648438
3501.13090164807	829.799987792969
3503.04496544763	828.799987792969
3504.95849220763	828.599975585938
3506.87148213523	829.599975585938
3508.78393543748	828.119995117188
3510.69585232134	825.080017089844
3512.60723299365	825.159973144531
3514.51807766116	827
3516.42838653049	825.919982910156
3518.33815980819	822.119995117188
3520.24739770066	822.239990234375
3522.15610041423	821.880004882813
3524.06426815511	819.880004882813
3525.9719011294	821.159973144531
3527.87899954311	823.47998046875
3529.78556360213	822
3531.69159351225	820.919982910156
3533.59708947916	821.119995117188
3535.50205170844	821.080017089844
3537.40648040556	817.440002441406
3539.3103757759	817.52001953125
3541.21373802472	813.640014648438
3543.11656735717	813.400024414063
3545.01886397833	813
3546.92062809313	815.200012207031
3548.82185990643	816
3550.72255962297	814.919982910156
3552.62272744738	813.52001953125
3554.5223635842	811.840026855469
3556.42146823786	810.359985351563
3558.32004161268	809.400024414063
3560.21808391289	810.679992675781
3562.11559534259	810.239990234375
3564.01257610581	809
3565.90902640645	810.280029296875
3567.80494644831	811.400024414063
3569.7003364351	807.599975585938
3571.59519657042	807.760009765625
3573.48952705774	807.760009765625
3575.38332810048	809.119995117188
3577.27659990191	809.440002441406
3579.16934266521	806.840026855469
3581.06155659346	806.599975585938
3582.95324188965	806.760009765625
3584.84439875663	805.280029296875
3586.73502739718	805.320007324219
3588.62512801397	804.440002441406
3590.51470080955	803.640014648438
3592.40374598639	804.159973144531
3594.29226374685	804.359985351563
3596.18025429317	804.119995117188
3598.06771782751	802.719970703125
3599.95465455192	802.599975585938
3601.84106466834	802.679992675781
3603.72694837861	802.47998046875
3605.61230588447	802.080017089844
3607.49713738756	801.52001953125
3609.38144308942	801.52001953125
3611.26522319148	800.280029296875
3613.14847789506	799.400024414063
3615.0312074014	799.880004882813
3616.91341191162	798.159973144531
3618.79509162674	797.280029296875
3620.67624674769	797.719970703125
3622.55687747528	798.119995117188
3624.43698401024	798.039978027344
3626.31656655317	797.840026855469
3628.1956253046	797.799987792969
3630.07416046492	796.719970703125
3631.95217223446	796.239990234375
3633.82966081342	794.280029296875
3635.70662640191	795.119995117188
3637.58306919993	795.359985351563
3639.45898940739	794.440002441406
3641.33438722409	794.679992675781
3643.20926284973	794.039978027344
3645.08361648392	793.359985351563
3646.95744832614	793.359985351563
3648.8307585758	793.47998046875
3650.7035474322	793.919982910156
3652.57581509452	793.640014648438
3654.44756176188	791.47998046875
3656.31878763324	790.919982910156
3658.18949290753	790.239990234375
3660.05967778352	790.280029296875
3661.9293424599	789.280029296875
3663.79848713527	789.960021972656
3665.66711200812	789.239990234375
3667.53521727684	789
3669.40280313972	789.200012207031
3671.26986979494	788.159973144531
3673.13641744059	787.039978027344
3675.00244627468	787
